Ticker,timestamp,users_holding
HOTH ,2019-02-19 14:40:09,0
HOTH ,2019-02-19 15:40:10,4
HOTH ,2019-02-19 16:40:09,9
HOTH ,2019-02-19 17:40:09,12
HOTH ,2019-02-19 18:40:11,15
HOTH ,2019-02-19 19:40:08,16
HOTH ,2019-02-19 20:40:10,18
HOTH ,2019-02-19 21:40:09,22
HOTH ,2019-02-19 22:40:08,23
HOTH ,2019-02-19 23:40:07,24
HOTH ,2019-02-20 00:40:12,24
HOTH ,2019-02-20 01:40:08,24
HOTH ,2019-02-20 02:40:09,24
HOTH ,2019-02-20 03:40:12,24
HOTH ,2019-02-20 04:40:10,24
HOTH ,2019-02-20 05:40:08,24
HOTH ,2019-02-20 06:40:10,24
HOTH ,2019-02-20 07:40:07,24
HOTH ,2019-02-20 08:40:09,24
HOTH ,2019-02-20 09:40:08,24
HOTH ,2019-02-20 10:40:09,24
HOTH ,2019-02-20 11:40:10,24
HOTH ,2019-02-20 12:40:08,24
HOTH ,2019-02-20 13:40:08,24
HOTH ,2019-02-20 14:40:09,24
HOTH ,2019-02-20 15:40:09,21
HOTH ,2019-02-20 16:40:08,20
HOTH ,2019-02-20 17:40:09,20
HOTH ,2019-02-20 18:40:08,20
HOTH ,2019-02-20 19:40:09,21
HOTH ,2019-02-20 20:40:09,22
HOTH ,2019-02-20 21:40:10,21
HOTH ,2019-02-20 22:40:09,21
HOTH ,2019-02-20 23:40:06,21
HOTH ,2019-02-21 00:40:09,21
HOTH ,2019-02-21 01:40:10,21
HOTH ,2019-02-21 02:40:10,21
HOTH ,2019-02-21 03:40:08,21
HOTH ,2019-02-21 04:40:07,21
HOTH ,2019-02-21 05:40:09,21
HOTH ,2019-02-21 06:40:08,21
HOTH ,2019-02-21 07:40:08,21
HOTH ,2019-02-21 08:40:07,21
HOTH ,2019-02-21 09:40:08,21
HOTH ,2019-02-21 10:40:08,21
HOTH ,2019-02-21 11:40:09,21
HOTH ,2019-02-21 12:40:06,21
HOTH ,2019-02-21 13:40:08,21
HOTH ,2019-02-21 14:40:08,21
HOTH ,2019-02-21 15:40:09,24
HOTH ,2019-02-21 17:04:10,24
HOTH ,2019-02-21 17:40:07,24
HOTH ,2019-02-21 18:40:07,24
HOTH ,2019-02-21 19:40:07,25
HOTH ,2019-02-21 20:40:10,27
HOTH ,2019-02-21 21:40:07,26
HOTH ,2019-02-21 22:40:07,26
HOTH ,2019-02-21 23:40:06,26
HOTH ,2019-02-22 00:40:08,26
HOTH ,2019-02-22 01:40:10,26
HOTH ,2019-02-22 02:40:08,26
HOTH ,2019-02-22 03:40:09,26
HOTH ,2019-02-22 04:40:07,26
HOTH ,2019-02-22 05:40:07,26
HOTH ,2019-02-22 06:40:07,26
HOTH ,2019-02-22 07:40:10,26
HOTH ,2019-02-22 08:40:10,26
HOTH ,2019-02-22 09:40:08,26
HOTH ,2019-02-22 10:40:07,26
HOTH ,2019-02-22 11:40:09,26
HOTH ,2019-02-22 12:40:07,26
HOTH ,2019-02-22 13:40:07,26
HOTH ,2019-02-22 14:40:08,26
HOTH ,2019-02-22 15:40:09,27
HOTH ,2019-02-22 16:40:07,33
HOTH ,2019-02-22 17:40:08,33
HOTH ,2019-02-22 18:40:08,35
HOTH ,2019-02-22 19:40:06,34
HOTH ,2019-02-22 20:40:06,34
HOTH ,2019-02-22 21:40:10,40
HOTH ,2019-02-22 22:40:07,40
HOTH ,2019-02-22 23:40:09,40
HOTH ,2019-02-23 00:40:07,40
HOTH ,2019-02-23 01:40:08,40
HOTH ,2019-02-23 02:40:09,40
HOTH ,2019-02-23 03:40:09,40
HOTH ,2019-02-23 04:40:07,40
HOTH ,2019-02-23 05:40:08,40
HOTH ,2019-02-23 06:40:06,40
HOTH ,2019-02-23 07:40:06,40
HOTH ,2019-02-23 08:40:08,40
HOTH ,2019-02-23 09:40:07,40
HOTH ,2019-02-23 10:40:08,40
HOTH ,2019-02-23 11:40:09,40
HOTH ,2019-02-23 12:40:07,40
HOTH ,2019-02-23 13:40:06,40
HOTH ,2019-02-23 14:40:08,40
HOTH ,2019-02-23 15:40:08,40
HOTH ,2019-02-23 16:40:07,40
HOTH ,2019-02-23 17:40:07,40
HOTH ,2019-02-23 18:40:07,40
HOTH ,2019-02-23 19:40:07,40
HOTH ,2019-02-23 20:40:08,40
HOTH ,2019-02-23 21:40:09,40
HOTH ,2019-02-23 22:40:07,40
HOTH ,2019-02-23 23:40:07,40
HOTH ,2019-02-24 00:40:09,40
HOTH ,2019-02-24 01:40:08,40
HOTH ,2019-02-24 02:40:08,40
HOTH ,2019-02-24 03:40:08,40
HOTH ,2019-02-24 04:40:08,40
HOTH ,2019-02-24 05:40:08,40
HOTH ,2019-02-24 06:40:07,40
HOTH ,2019-02-24 07:40:09,40
HOTH ,2019-02-24 08:40:07,40
HOTH ,2019-02-24 09:40:07,40
HOTH ,2019-02-24 10:40:07,40
HOTH ,2019-02-24 11:40:07,40
HOTH ,2019-02-24 12:40:07,40
HOTH ,2019-02-24 13:40:07,40
HOTH ,2019-02-24 14:40:07,40
HOTH ,2019-02-24 15:40:09,40
HOTH ,2019-02-24 16:40:08,40
HOTH ,2019-02-24 17:40:09,40
HOTH ,2019-02-24 18:40:10,40
HOTH ,2019-02-24 19:40:08,40
HOTH ,2019-02-24 20:40:07,40
HOTH ,2019-02-24 21:40:07,40
HOTH ,2019-02-24 22:40:08,40
HOTH ,2019-02-24 23:37:09,40
HOTH ,2019-02-24 23:40:07,40
HOTH ,2019-02-25 00:40:09,40
HOTH ,2019-02-25 01:40:07,40
HOTH ,2019-02-25 02:40:07,40
HOTH ,2019-02-25 03:40:08,40
HOTH ,2019-02-25 04:40:07,40
HOTH ,2019-02-25 05:40:07,40
HOTH ,2019-02-25 06:40:07,40
HOTH ,2019-02-25 07:40:08,40
HOTH ,2019-02-25 08:40:06,40
HOTH ,2019-02-25 09:40:08,40
HOTH ,2019-02-25 10:40:08,40
HOTH ,2019-02-25 11:40:09,40
HOTH ,2019-02-25 12:40:07,40
HOTH ,2019-02-25 14:05:11,40
HOTH ,2019-02-25 14:40:08,40
HOTH ,2019-02-25 15:40:08,37
HOTH ,2019-02-25 16:40:08,36
HOTH ,2019-02-25 17:40:08,39
HOTH ,2019-02-25 18:40:10,41
HOTH ,2019-02-25 19:40:07,43
HOTH ,2019-02-25 20:40:08,42
HOTH ,2019-02-25 21:40:08,41
HOTH ,2019-02-25 22:40:08,41
HOTH ,2019-02-25 23:40:09,41
HOTH ,2019-02-26 00:40:09,41
HOTH ,2019-02-26 01:40:08,41
HOTH ,2019-02-26 02:40:08,41
HOTH ,2019-02-26 03:40:09,41
HOTH ,2019-02-26 04:40:10,41
HOTH ,2019-02-26 05:40:07,41
HOTH ,2019-02-26 06:40:08,41
HOTH ,2019-02-26 07:40:09,41
HOTH ,2019-02-26 08:40:08,41
HOTH ,2019-02-26 09:40:09,41
HOTH ,2019-02-26 10:40:07,41
HOTH ,2019-02-26 11:40:09,41
HOTH ,2019-02-26 12:40:07,41
HOTH ,2019-02-26 13:40:08,41
HOTH ,2019-02-26 14:40:08,41
HOTH ,2019-02-26 15:40:10,39
HOTH ,2019-02-26 16:40:08,40
HOTH ,2019-02-26 17:40:07,41
HOTH ,2019-02-26 18:40:07,39
HOTH ,2019-02-26 19:40:10,39
HOTH ,2019-02-26 20:40:09,39
HOTH ,2019-02-26 21:40:07,42
HOTH ,2019-02-26 22:40:10,42
HOTH ,2019-02-26 23:40:09,42
HOTH ,2019-02-27 00:40:10,42
HOTH ,2019-02-27 01:40:10,42
HOTH ,2019-02-27 02:40:08,42
HOTH ,2019-02-27 03:40:14,42
HOTH ,2019-02-27 04:40:10,42
HOTH ,2019-02-27 05:40:09,42
HOTH ,2019-02-27 06:40:11,42
HOTH ,2019-02-27 07:40:10,42
HOTH ,2019-02-27 08:40:10,42
HOTH ,2019-02-27 09:40:07,42
HOTH ,2019-02-27 10:40:08,42
HOTH ,2019-02-27 11:40:11,42
HOTH ,2019-02-27 12:40:13,42
HOTH ,2019-02-27 13:40:09,42
HOTH ,2019-02-27 14:40:09,42
HOTH ,2019-02-27 15:40:11,44
HOTH ,2019-02-27 16:40:08,45
HOTH ,2019-02-27 17:40:08,46
HOTH ,2019-02-27 18:40:10,46
HOTH ,2019-02-27 19:40:11,45
HOTH ,2019-02-27 20:40:09,45
HOTH ,2019-02-27 21:40:09,46
HOTH ,2019-02-27 22:40:10,46
HOTH ,2019-02-27 23:40:08,46
HOTH ,2019-02-28 00:40:09,46
HOTH ,2019-02-28 01:40:07,46
HOTH ,2019-02-28 02:40:09,46
HOTH ,2019-02-28 03:40:14,46
HOTH ,2019-02-28 04:40:09,46
HOTH ,2019-02-28 05:40:08,46
HOTH ,2019-02-28 06:40:07,46
HOTH ,2019-02-28 07:40:09,46
HOTH ,2019-02-28 08:40:08,46
HOTH ,2019-02-28 09:40:07,46
HOTH ,2019-02-28 10:40:08,46
HOTH ,2019-02-28 11:40:08,46
HOTH ,2019-02-28 12:40:09,46
HOTH ,2019-02-28 13:40:09,46
HOTH ,2019-02-28 15:04:12,45
HOTH ,2019-02-28 15:40:07,45
HOTH ,2019-02-28 16:40:11,42
HOTH ,2019-02-28 17:40:07,42
HOTH ,2019-02-28 18:40:10,42
HOTH ,2019-02-28 19:40:09,43
HOTH ,2019-02-28 20:40:07,44
HOTH ,2019-02-28 21:40:08,43
HOTH ,2019-02-28 22:40:09,43
HOTH ,2019-02-28 23:40:07,43
HOTH ,2019-03-01 00:40:09,43
HOTH ,2019-03-01 01:40:09,43
HOTH ,2019-03-01 02:40:10,43
HOTH ,2019-03-01 03:40:10,43
HOTH ,2019-03-01 04:40:09,43
HOTH ,2019-03-01 05:40:10,43
HOTH ,2019-03-01 06:40:08,43
HOTH ,2019-03-01 07:40:10,43
HOTH ,2019-03-01 08:40:09,43
HOTH ,2019-03-01 09:40:07,43
HOTH ,2019-03-01 10:40:09,43
HOTH ,2019-03-01 11:40:08,43
HOTH ,2019-03-01 12:40:07,43
HOTH ,2019-03-01 13:40:12,43
HOTH ,2019-03-01 14:40:09,44
HOTH ,2019-03-01 15:40:08,48
HOTH ,2019-03-01 16:40:08,49
HOTH ,2019-03-01 17:40:09,49
HOTH ,2019-03-01 18:40:09,49
HOTH ,2019-03-01 19:40:10,49
HOTH ,2019-03-01 20:40:11,47
HOTH ,2019-03-01 21:40:09,47
HOTH ,2019-03-01 22:40:10,47
HOTH ,2019-03-01 23:40:09,47
HOTH ,2019-03-02 07:40:07,47
HOTH ,2019-03-02 08:40:10,47
HOTH ,2019-03-02 09:40:08,47
HOTH ,2019-03-02 10:40:09,47
HOTH ,2019-03-02 11:40:09,47
HOTH ,2019-03-02 15:40:11,47
HOTH ,2019-03-02 16:40:09,47
HOTH ,2019-03-02 17:40:09,47
HOTH ,2019-03-04 02:40:08,47
HOTH ,2019-03-04 07:40:09,47
HOTH ,2019-03-04 10:40:06,47
HOTH ,2019-03-04 11:40:08,47
HOTH ,2019-03-04 12:40:07,47
HOTH ,2019-03-04 13:40:07,47
HOTH ,2019-03-04 14:40:09,47
HOTH ,2019-03-04 15:40:07,46
HOTH ,2019-03-04 16:40:09,47
HOTH ,2019-03-04 17:40:09,47
HOTH ,2019-03-04 18:40:08,48
HOTH ,2019-03-04 19:40:08,48
HOTH ,2019-03-04 20:40:08,49
HOTH ,2019-03-04 21:40:08,50
HOTH ,2019-03-04 22:40:09,50
HOTH ,2019-03-04 23:40:08,50
HOTH ,2019-03-05 00:40:10,50
HOTH ,2019-03-05 01:40:09,50
HOTH ,2019-03-05 02:40:10,50
HOTH ,2019-03-05 03:40:09,50
HOTH ,2019-03-05 04:40:08,50
HOTH ,2019-03-05 05:40:08,50
HOTH ,2019-03-05 06:40:08,50
HOTH ,2019-03-05 07:40:08,50
HOTH ,2019-03-05 08:40:08,50
HOTH ,2019-03-05 09:40:10,50
HOTH ,2019-03-05 10:40:08,50
HOTH ,2019-03-05 11:40:06,50
HOTH ,2019-03-05 12:40:09,50
HOTH ,2019-03-05 14:05:13,50
HOTH ,2019-03-05 14:40:09,50
HOTH ,2019-03-05 15:40:10,49
HOTH ,2019-03-05 16:40:09,49
HOTH ,2019-03-05 17:40:10,49
HOTH ,2019-03-05 18:40:10,49
HOTH ,2019-03-05 19:40:09,49
HOTH ,2019-03-05 20:40:11,49
HOTH ,2019-03-05 21:40:09,48
HOTH ,2019-03-05 22:40:13,48
HOTH ,2019-03-05 23:40:12,48
HOTH ,2019-03-06 00:40:11,48
HOTH ,2019-03-06 01:40:11,48
HOTH ,2019-03-06 02:40:10,48
HOTH ,2019-03-06 03:40:11,48
HOTH ,2019-03-06 04:40:11,48
HOTH ,2019-03-06 05:40:10,48
HOTH ,2019-03-06 06:40:14,48
HOTH ,2019-03-06 07:40:10,48
HOTH ,2019-03-06 08:40:09,48
HOTH ,2019-03-06 09:40:09,48
HOTH ,2019-03-06 10:40:10,48
HOTH ,2019-03-06 11:40:28,48
HOTH ,2019-03-06 12:40:13,48
HOTH ,2019-03-06 14:04:49,48
HOTH ,2019-03-06 14:40:22,48
HOTH ,2019-03-06 15:40:17,48
HOTH ,2019-03-06 16:40:08,48
HOTH ,2019-03-06 17:40:13,48
HOTH ,2019-03-06 18:40:12,48
HOTH ,2019-03-06 19:40:11,47
HOTH ,2019-03-06 20:40:10,47
HOTH ,2019-03-06 21:40:10,47
HOTH ,2019-03-06 22:40:09,47
HOTH ,2019-03-06 23:40:11,47
HOTH ,2019-03-07 00:40:10,47
HOTH ,2019-03-07 01:40:10,47
HOTH ,2019-03-07 02:40:10,47
HOTH ,2019-03-07 03:40:10,47
HOTH ,2019-03-07 04:40:13,47
HOTH ,2019-03-07 05:40:10,47
HOTH ,2019-03-07 06:40:10,47
HOTH ,2019-03-07 07:40:09,47
HOTH ,2019-03-07 08:40:11,47
HOTH ,2019-03-07 09:40:10,47
HOTH ,2019-03-07 10:40:10,47
HOTH ,2019-03-07 11:40:09,47
HOTH ,2019-03-07 12:40:08,47
HOTH ,2019-03-07 13:40:11,47
HOTH ,2019-03-07 14:40:13,47
HOTH ,2019-03-07 15:40:09,47
HOTH ,2019-03-07 16:40:10,47
HOTH ,2019-03-07 17:40:11,48
HOTH ,2019-03-07 18:40:11,51
HOTH ,2019-03-07 20:04:43,54
HOTH ,2019-03-07 20:40:10,54
HOTH ,2019-03-07 21:40:11,54
HOTH ,2019-03-07 22:40:14,54
HOTH ,2019-03-07 23:40:09,54
HOTH ,2019-03-08 00:40:09,54
HOTH ,2019-03-08 01:40:10,54
HOTH ,2019-03-08 02:40:10,54
HOTH ,2019-03-08 03:40:10,54
HOTH ,2019-03-08 04:40:09,54
HOTH ,2019-03-08 05:40:09,54
HOTH ,2019-03-08 06:40:10,54
HOTH ,2019-03-08 07:40:10,54
HOTH ,2019-03-08 08:40:10,54
HOTH ,2019-03-08 09:40:09,54
HOTH ,2019-03-08 10:40:10,54
HOTH ,2019-03-08 11:40:11,54
HOTH ,2019-03-08 12:40:09,54
HOTH ,2019-03-08 14:05:13,54
HOTH ,2019-03-08 14:40:09,54
HOTH ,2019-03-08 15:40:11,55
HOTH ,2019-03-08 16:40:10,55
HOTH ,2019-03-08 17:40:09,55
HOTH ,2019-03-08 18:40:12,51
HOTH ,2019-03-08 19:40:12,50
HOTH ,2019-03-08 20:40:09,50
HOTH ,2019-03-08 21:40:14,50
HOTH ,2019-03-08 22:40:08,50
HOTH ,2019-03-08 23:40:11,50
HOTH ,2019-03-09 00:40:13,50
HOTH ,2019-03-09 01:40:10,50
HOTH ,2019-03-09 02:40:10,50
HOTH ,2019-03-09 03:40:11,50
HOTH ,2019-03-09 04:40:11,50
HOTH ,2019-03-09 05:40:10,50
HOTH ,2019-03-09 06:40:10,50
HOTH ,2019-03-09 07:40:10,50
HOTH ,2019-03-09 08:40:09,50
HOTH ,2019-03-09 09:40:08,50
HOTH ,2019-03-09 10:40:11,50
HOTH ,2019-03-09 11:40:10,50
HOTH ,2019-03-09 12:40:09,50
HOTH ,2019-03-09 13:40:09,50
HOTH ,2019-03-09 14:40:09,50
HOTH ,2019-03-09 15:40:12,50
HOTH ,2019-03-09 16:40:09,50
HOTH ,2019-03-09 17:40:11,50
HOTH ,2019-03-09 18:40:10,50
HOTH ,2019-03-09 19:40:09,50
HOTH ,2019-03-09 20:40:09,50
HOTH ,2019-03-09 21:40:09,50
HOTH ,2019-03-09 22:40:10,50
HOTH ,2019-03-09 23:40:10,50
HOTH ,2019-03-10 00:40:09,50
HOTH ,2019-03-10 01:40:10,50
HOTH ,2019-03-10 02:40:12,50
HOTH ,2019-03-10 03:40:09,50
HOTH ,2019-03-10 04:40:11,50
HOTH ,2019-03-10 05:40:10,50
HOTH ,2019-03-10 06:40:11,50
HOTH ,2019-03-10 07:40:09,50
HOTH ,2019-03-10 08:40:10,50
HOTH ,2019-03-10 09:40:08,50
HOTH ,2019-03-10 10:40:09,50
HOTH ,2019-03-10 11:40:10,50
HOTH ,2019-03-10 12:40:11,50
HOTH ,2019-03-10 13:40:08,50
HOTH ,2019-03-10 14:40:10,50
HOTH ,2019-03-10 15:40:10,50
HOTH ,2019-03-10 16:40:09,50
HOTH ,2019-03-10 17:40:12,50
HOTH ,2019-03-10 18:40:11,50
HOTH ,2019-03-10 19:40:10,50
HOTH ,2019-03-10 20:40:09,50
HOTH ,2019-03-10 21:40:09,50
HOTH ,2019-03-10 22:40:08,50
HOTH ,2019-03-10 23:40:11,50
HOTH ,2019-03-11 00:40:11,50
HOTH ,2019-03-11 01:40:11,50
HOTH ,2019-03-11 02:40:09,50
HOTH ,2019-03-11 03:40:09,50
HOTH ,2019-03-11 04:40:10,50
HOTH ,2019-03-11 05:40:10,50
HOTH ,2019-03-11 06:40:09,50
HOTH ,2019-03-11 07:40:09,50
HOTH ,2019-03-11 08:40:08,50
HOTH ,2019-03-11 09:40:10,50
HOTH ,2019-03-11 10:40:11,50
HOTH ,2019-03-11 11:40:09,50
HOTH ,2019-03-11 12:40:12,50
HOTH ,2019-03-11 13:40:10,50
HOTH ,2019-03-11 14:40:11,48
HOTH ,2019-03-11 15:40:10,48
HOTH ,2019-03-11 16:40:10,48
HOTH ,2019-03-11 17:40:09,49
HOTH ,2019-03-11 18:40:10,49
HOTH ,2019-03-11 19:40:10,49
HOTH ,2019-03-11 20:40:10,50
HOTH ,2019-03-11 21:40:12,50
HOTH ,2019-03-11 22:40:10,50
HOTH ,2019-03-11 23:40:11,50
HOTH ,2019-03-12 00:40:12,50
HOTH ,2019-03-12 01:40:08,50
HOTH ,2019-03-12 02:40:09,50
HOTH ,2019-03-12 03:40:10,50
HOTH ,2019-03-12 04:40:09,50
HOTH ,2019-03-12 05:40:10,50
HOTH ,2019-03-12 06:40:11,50
HOTH ,2019-03-12 07:40:08,50
HOTH ,2019-03-12 08:40:10,50
HOTH ,2019-03-12 09:40:09,50
HOTH ,2019-03-12 10:40:13,50
HOTH ,2019-03-12 11:40:09,50
HOTH ,2019-03-12 12:40:10,50
HOTH ,2019-03-12 13:40:10,50
HOTH ,2019-03-12 14:40:08,51
HOTH ,2019-03-12 15:40:09,50
HOTH ,2019-03-12 16:40:09,50
HOTH ,2019-03-12 17:40:08,51
HOTH ,2019-03-12 18:40:10,52
HOTH ,2019-03-12 19:40:08,50
HOTH ,2019-03-12 20:40:10,50
HOTH ,2019-03-12 21:40:10,50
HOTH ,2019-03-12 22:40:09,50
HOTH ,2019-03-12 23:40:10,50
HOTH ,2019-03-13 00:40:09,50
HOTH ,2019-03-13 01:40:10,50
HOTH ,2019-03-13 02:40:09,50
HOTH ,2019-03-13 03:40:10,50
HOTH ,2019-03-13 04:40:10,50
HOTH ,2019-03-13 05:40:09,50
HOTH ,2019-03-13 06:40:08,50
HOTH ,2019-03-13 07:40:12,50
HOTH ,2019-03-13 08:40:08,50
HOTH ,2019-03-13 09:40:09,50
HOTH ,2019-03-13 10:40:08,50
HOTH ,2019-03-13 11:40:08,50
HOTH ,2019-03-13 13:04:12,50
HOTH ,2019-03-13 13:40:09,50
HOTH ,2019-03-13 14:40:10,50
HOTH ,2019-03-13 15:40:10,50
HOTH ,2019-03-13 16:40:10,49
HOTH ,2019-03-13 17:40:12,51
HOTH ,2019-03-13 18:40:09,51
HOTH ,2019-03-13 19:40:10,50
HOTH ,2019-03-13 20:40:10,50
HOTH ,2019-03-13 21:40:12,50
HOTH ,2019-03-13 22:40:09,50
HOTH ,2019-03-13 23:40:11,50
HOTH ,2019-03-14 00:40:09,50
HOTH ,2019-03-14 01:40:12,50
HOTH ,2019-03-14 02:40:11,50
HOTH ,2019-03-14 03:40:09,50
HOTH ,2019-03-14 04:40:11,50
HOTH ,2019-03-14 05:40:09,50
HOTH ,2019-03-14 06:40:11,50
HOTH ,2019-03-14 07:40:10,50
HOTH ,2019-03-14 08:40:09,50
HOTH ,2019-03-14 09:40:09,50
HOTH ,2019-03-14 10:40:11,50
HOTH ,2019-03-14 11:40:10,50
HOTH ,2019-03-14 13:04:44,50
HOTH ,2019-03-14 13:40:09,50
HOTH ,2019-03-14 14:40:10,51
HOTH ,2019-03-14 15:40:10,51
HOTH ,2019-03-14 16:40:11,49
HOTH ,2019-03-14 17:40:11,49
HOTH ,2019-03-14 18:40:10,49
HOTH ,2019-03-14 19:40:14,51
HOTH ,2019-03-14 20:40:10,51
HOTH ,2019-03-14 21:40:11,51
HOTH ,2019-03-14 22:40:13,51
HOTH ,2019-03-14 23:40:13,51
HOTH ,2019-03-15 00:40:11,51
HOTH ,2019-03-15 01:40:10,51
HOTH ,2019-03-15 02:40:13,51
HOTH ,2019-03-15 03:40:11,51
HOTH ,2019-03-15 04:40:11,51
HOTH ,2019-03-15 05:40:10,51
HOTH ,2019-03-15 06:40:09,51
HOTH ,2019-03-15 07:40:10,51
HOTH ,2019-03-15 08:40:11,51
HOTH ,2019-03-15 09:40:11,51
HOTH ,2019-03-15 10:40:12,51
HOTH ,2019-03-15 11:40:12,51
HOTH ,2019-03-15 12:40:12,51
HOTH ,2019-03-15 13:40:11,51
HOTH ,2019-03-15 14:40:10,51
HOTH ,2019-03-15 15:40:13,50
HOTH ,2019-03-15 16:40:12,51
HOTH ,2019-03-15 17:40:14,50
HOTH ,2019-03-15 18:40:11,51
HOTH ,2019-03-15 19:40:11,53
HOTH ,2019-03-15 20:40:11,53
HOTH ,2019-03-15 21:40:10,53
HOTH ,2019-03-15 22:40:10,53
HOTH ,2019-03-15 23:40:13,53
HOTH ,2019-03-16 00:40:11,53
HOTH ,2019-03-16 01:40:10,53
HOTH ,2019-03-16 02:40:12,53
HOTH ,2019-03-16 03:40:11,53
HOTH ,2019-03-16 04:40:12,53
HOTH ,2019-03-16 05:40:12,53
HOTH ,2019-03-16 06:40:12,53
HOTH ,2019-03-16 07:40:12,53
HOTH ,2019-03-16 08:40:14,53
HOTH ,2019-03-16 09:40:11,53
HOTH ,2019-03-16 10:40:11,53
HOTH ,2019-03-16 11:40:11,53
HOTH ,2019-03-16 12:40:11,53
HOTH ,2019-03-16 13:40:11,53
HOTH ,2019-03-16 14:40:11,53
HOTH ,2019-03-16 15:40:12,53
HOTH ,2019-03-16 16:40:11,53
HOTH ,2019-03-16 17:40:10,53
HOTH ,2019-03-16 18:40:10,53
HOTH ,2019-03-16 19:40:11,53
HOTH ,2019-03-16 20:40:12,53
HOTH ,2019-03-16 21:40:12,53
HOTH ,2019-03-16 22:40:13,53
HOTH ,2019-03-16 23:40:11,53
HOTH ,2019-03-17 00:40:13,53
HOTH ,2019-03-17 01:40:12,53
HOTH ,2019-03-17 02:40:13,53
HOTH ,2019-03-17 03:40:12,53
HOTH ,2019-03-17 04:40:11,53
HOTH ,2019-03-17 05:40:13,53
HOTH ,2019-03-17 06:40:10,53
HOTH ,2019-03-17 07:40:11,53
HOTH ,2019-03-17 08:40:10,53
HOTH ,2019-03-17 09:40:13,53
HOTH ,2019-03-17 10:40:11,53
HOTH ,2019-03-17 11:40:11,53
HOTH ,2019-03-17 12:40:12,53
HOTH ,2019-03-17 13:40:11,53
HOTH ,2019-03-17 14:40:10,53
HOTH ,2019-03-17 15:40:10,53
HOTH ,2019-03-17 16:40:10,53
HOTH ,2019-03-17 17:40:09,53
HOTH ,2019-03-17 18:40:10,53
HOTH ,2019-03-17 19:40:10,53
HOTH ,2019-03-17 20:40:10,53
HOTH ,2019-03-17 21:40:09,53
HOTH ,2019-03-17 22:40:09,53
HOTH ,2019-03-17 23:40:11,53
HOTH ,2019-03-18 00:40:10,53
HOTH ,2019-03-18 01:40:10,53
HOTH ,2019-03-18 02:40:12,53
HOTH ,2019-03-18 03:40:11,53
HOTH ,2019-03-18 04:40:10,53
HOTH ,2019-03-18 05:40:10,53
HOTH ,2019-03-18 06:40:10,53
HOTH ,2019-03-18 07:40:11,53
HOTH ,2019-03-18 08:40:09,53
HOTH ,2019-03-18 09:40:12,53
HOTH ,2019-03-18 10:40:11,53
HOTH ,2019-03-18 11:40:09,53
HOTH ,2019-03-18 12:40:11,53
HOTH ,2019-03-18 13:40:11,53
HOTH ,2019-03-18 14:40:11,55
HOTH ,2019-03-18 15:40:14,53
HOTH ,2019-03-18 16:40:10,53
HOTH ,2019-03-18 17:40:12,53
HOTH ,2019-03-18 18:40:12,53
HOTH ,2019-03-18 19:40:13,53
HOTH ,2019-03-18 20:40:11,52
HOTH ,2019-03-18 21:40:12,52
HOTH ,2019-03-18 22:40:13,52
HOTH ,2019-03-18 23:40:12,52
HOTH ,2019-03-19 00:40:16,52
HOTH ,2019-03-19 01:40:13,52
HOTH ,2019-03-19 02:40:13,52
HOTH ,2019-03-19 03:40:10,52
HOTH ,2019-03-19 04:40:11,52
HOTH ,2019-03-19 05:40:09,52
HOTH ,2019-03-19 06:40:14,52
HOTH ,2019-03-19 07:40:12,52
HOTH ,2019-03-19 08:40:11,52
HOTH ,2019-03-19 09:40:12,52
HOTH ,2019-03-19 10:40:10,52
HOTH ,2019-03-19 11:40:11,52
HOTH ,2019-03-19 12:40:12,52
HOTH ,2019-03-19 13:40:10,51
HOTH ,2019-03-19 14:40:12,52
HOTH ,2019-03-19 15:40:12,53
HOTH ,2019-03-19 16:40:11,53
HOTH ,2019-03-19 17:40:13,53
HOTH ,2019-03-19 18:40:11,53
HOTH ,2019-03-19 19:40:12,53
HOTH ,2019-03-19 20:40:12,54
HOTH ,2019-03-19 21:40:15,54
HOTH ,2019-03-19 22:40:13,54
HOTH ,2019-03-19 23:40:13,54
HOTH ,2019-03-20 00:40:13,54
HOTH ,2019-03-20 01:40:13,54
HOTH ,2019-03-20 02:40:12,54
HOTH ,2019-03-20 03:40:12,54
HOTH ,2019-03-20 04:40:12,54
HOTH ,2019-03-20 05:40:12,54
HOTH ,2019-03-20 06:40:16,54
HOTH ,2019-03-20 07:40:13,54
HOTH ,2019-03-20 08:40:14,54
HOTH ,2019-03-20 09:40:13,54
HOTH ,2019-03-20 10:40:13,54
HOTH ,2019-03-20 11:40:13,54
HOTH ,2019-03-20 13:04:19,54
HOTH ,2019-03-20 13:40:12,54
HOTH ,2019-03-20 14:40:13,55
HOTH ,2019-03-20 15:40:17,55
HOTH ,2019-03-20 16:40:14,55
HOTH ,2019-03-20 17:40:13,55
HOTH ,2019-03-20 18:40:13,55
HOTH ,2019-03-20 19:40:13,55
HOTH ,2019-03-20 20:40:12,55
HOTH ,2019-03-20 21:40:12,55
HOTH ,2019-03-20 22:40:12,55
HOTH ,2019-03-20 23:40:11,55
HOTH ,2019-03-21 00:40:12,55
HOTH ,2019-03-21 01:40:12,55
HOTH ,2019-03-21 02:40:14,55
HOTH ,2019-03-21 03:40:13,55
HOTH ,2019-03-21 04:40:12,55
HOTH ,2019-03-21 05:40:15,55
HOTH ,2019-03-21 06:40:11,55
HOTH ,2019-03-21 07:40:11,55
HOTH ,2019-03-21 08:40:10,55
HOTH ,2019-03-21 09:40:12,55
HOTH ,2019-03-21 10:40:12,55
HOTH ,2019-03-21 11:40:13,55
HOTH ,2019-03-21 13:05:15,55
HOTH ,2019-03-21 13:40:10,55
HOTH ,2019-03-21 14:40:11,56
HOTH ,2019-03-21 15:40:12,56
HOTH ,2019-03-21 16:40:11,56
HOTH ,2019-03-21 17:40:11,56
HOTH ,2019-03-21 18:40:11,56
HOTH ,2019-03-21 19:40:11,56
HOTH ,2019-03-21 20:40:09,56
HOTH ,2019-03-21 21:40:09,56
HOTH ,2019-03-21 22:40:10,56
HOTH ,2019-03-21 23:40:11,56
HOTH ,2019-03-22 00:40:10,56
HOTH ,2019-03-22 01:40:09,56
HOTH ,2019-03-22 02:40:14,56
HOTH ,2019-03-22 03:40:10,56
HOTH ,2019-03-22 04:40:09,56
HOTH ,2019-03-22 05:40:11,56
HOTH ,2019-03-22 06:40:09,56
HOTH ,2019-03-22 07:40:10,56
HOTH ,2019-03-22 08:40:18,56
HOTH ,2019-03-22 09:40:11,56
HOTH ,2019-03-22 10:40:10,56
HOTH ,2019-03-22 11:40:09,56
HOTH ,2019-03-22 12:40:13,56
HOTH ,2019-03-22 13:40:09,56
HOTH ,2019-03-22 14:40:09,57
HOTH ,2019-03-22 15:40:10,56
HOTH ,2019-03-22 16:40:10,56
HOTH ,2019-03-22 17:40:12,56
HOTH ,2019-03-22 18:40:11,56
HOTH ,2019-03-22 19:40:11,56
HOTH ,2019-03-22 20:40:10,56
HOTH ,2019-03-22 21:40:10,56
HOTH ,2019-03-22 22:40:10,56
HOTH ,2019-03-22 23:40:09,56
HOTH ,2019-03-23 00:40:10,56
HOTH ,2019-03-23 01:40:15,56
HOTH ,2019-03-23 02:40:11,56
HOTH ,2019-03-23 03:40:10,56
HOTH ,2019-03-23 04:40:09,56
HOTH ,2019-03-23 05:40:10,56
HOTH ,2019-03-23 06:40:10,56
HOTH ,2019-03-23 07:40:13,56
HOTH ,2019-03-23 08:40:10,56
HOTH ,2019-03-23 09:40:11,56
HOTH ,2019-03-23 10:40:09,56
HOTH ,2019-03-23 11:40:10,56
HOTH ,2019-03-23 12:40:09,56
HOTH ,2019-03-23 13:40:12,56
HOTH ,2019-03-23 14:40:10,56
HOTH ,2019-03-23 15:40:11,56
HOTH ,2019-03-23 16:40:09,56
HOTH ,2019-03-23 17:40:09,56
HOTH ,2019-03-23 18:40:10,56
HOTH ,2019-03-23 19:40:13,56
HOTH ,2019-03-23 20:40:11,56
HOTH ,2019-03-23 21:40:10,56
HOTH ,2019-03-23 22:40:10,56
HOTH ,2019-03-23 23:40:10,56
HOTH ,2019-03-24 00:40:10,56
HOTH ,2019-03-24 01:40:11,56
HOTH ,2019-03-24 02:40:11,56
HOTH ,2019-03-24 03:40:12,56
HOTH ,2019-03-24 04:40:15,56
HOTH ,2019-03-24 05:40:10,56
HOTH ,2019-03-24 06:40:11,56
HOTH ,2019-03-24 07:40:11,56
HOTH ,2019-03-24 08:40:10,56
HOTH ,2019-03-24 09:40:16,56
HOTH ,2019-03-24 10:40:12,56
HOTH ,2019-03-24 11:40:10,56
HOTH ,2019-03-24 12:40:10,56
HOTH ,2019-03-24 13:40:13,56
HOTH ,2019-03-24 14:40:10,56
HOTH ,2019-03-24 15:40:11,56
HOTH ,2019-03-24 16:40:10,56
HOTH ,2019-03-24 17:40:11,56
HOTH ,2019-03-24 18:40:11,56
HOTH ,2019-03-24 19:40:10,56
HOTH ,2019-03-24 20:40:10,56
HOTH ,2019-03-24 21:40:16,56
HOTH ,2019-03-24 22:40:11,56
HOTH ,2019-03-24 23:40:11,56
HOTH ,2019-03-25 00:40:11,56
HOTH ,2019-03-25 01:40:11,56
HOTH ,2019-03-25 02:40:11,56
HOTH ,2019-03-25 03:40:16,56
HOTH ,2019-03-25 04:40:11,56
HOTH ,2019-03-25 05:40:11,56
HOTH ,2019-03-25 06:40:10,56
HOTH ,2019-03-25 07:40:11,56
HOTH ,2019-03-25 08:40:13,56
HOTH ,2019-03-25 09:40:10,56
HOTH ,2019-03-25 10:40:11,56
HOTH ,2019-03-25 11:40:17,56
HOTH ,2019-03-25 13:04:15,56
HOTH ,2019-03-25 13:40:13,56
HOTH ,2019-03-25 14:40:12,55
HOTH ,2019-03-25 15:40:12,55
HOTH ,2019-03-25 16:40:12,54
HOTH ,2019-03-25 17:40:12,54
HOTH ,2019-03-25 18:40:13,54
HOTH ,2019-03-25 19:40:13,55
HOTH ,2019-03-25 20:40:11,56
HOTH ,2019-03-25 21:40:11,56
HOTH ,2019-03-25 22:40:18,56
HOTH ,2019-03-25 23:40:13,56
HOTH ,2019-03-26 00:40:14,56
HOTH ,2019-03-26 01:40:13,56
HOTH ,2019-03-26 02:40:10,56
HOTH ,2019-03-26 03:40:11,56
HOTH ,2019-03-26 04:40:11,56
HOTH ,2019-03-26 05:40:11,56
HOTH ,2019-03-26 06:40:12,56
HOTH ,2019-03-26 07:40:10,56
HOTH ,2019-03-26 08:40:10,56
HOTH ,2019-03-26 09:40:11,56
HOTH ,2019-03-26 10:40:13,56
HOTH ,2019-03-26 11:40:11,56
HOTH ,2019-03-26 12:40:12,56
HOTH ,2019-03-26 13:40:16,56
HOTH ,2019-03-26 14:40:10,55
HOTH ,2019-03-26 15:40:17,54
HOTH ,2019-03-26 16:40:15,53
HOTH ,2019-03-26 17:40:11,54
HOTH ,2019-03-26 18:40:14,54
HOTH ,2019-03-26 19:40:15,54
HOTH ,2019-03-26 20:40:13,53
HOTH ,2019-03-26 21:40:13,53
HOTH ,2019-03-26 22:40:12,53
HOTH ,2019-03-26 23:40:10,53
HOTH ,2019-03-27 00:40:12,53
HOTH ,2019-03-27 01:40:11,53
HOTH ,2019-03-27 02:40:10,53
HOTH ,2019-03-27 03:40:14,53
HOTH ,2019-03-27 04:40:11,53
HOTH ,2019-03-27 05:40:13,53
HOTH ,2019-03-27 06:40:14,53
HOTH ,2019-03-27 07:40:11,53
HOTH ,2019-03-27 08:40:10,53
HOTH ,2019-03-27 09:40:11,53
HOTH ,2019-03-27 10:40:14,53
HOTH ,2019-03-27 11:40:09,53
HOTH ,2019-03-27 13:04:48,53
HOTH ,2019-03-27 13:40:13,53
HOTH ,2019-03-27 14:40:16,55
HOTH ,2019-03-27 15:40:11,55
HOTH ,2019-03-27 16:40:12,54
HOTH ,2019-03-27 17:40:18,54
HOTH ,2019-03-27 18:40:10,54
HOTH ,2019-03-27 19:40:10,53
HOTH ,2019-03-27 20:40:14,53
HOTH ,2019-03-27 21:40:11,53
HOTH ,2019-03-27 22:40:17,53
HOTH ,2019-03-27 23:40:12,53
HOTH ,2019-03-28 00:40:12,53
HOTH ,2019-03-28 01:40:10,53
HOTH ,2019-03-28 02:40:17,53
HOTH ,2019-03-28 03:40:12,53
HOTH ,2019-03-28 04:40:14,53
HOTH ,2019-03-28 05:40:10,53
HOTH ,2019-03-28 06:40:10,53
HOTH ,2019-03-28 07:40:10,53
HOTH ,2019-03-28 08:40:09,53
HOTH ,2019-03-28 09:40:10,53
HOTH ,2019-03-28 10:40:10,53
HOTH ,2019-03-28 11:40:10,53
HOTH ,2019-03-28 13:04:43,53
HOTH ,2019-03-28 13:40:12,53
HOTH ,2019-03-28 14:40:11,53
HOTH ,2019-03-28 15:40:12,53
HOTH ,2019-03-28 16:40:12,53
HOTH ,2019-03-28 17:40:11,53
HOTH ,2019-03-28 18:40:11,53
HOTH ,2019-03-28 19:40:10,53
HOTH ,2019-03-28 20:40:12,55
HOTH ,2019-03-28 21:40:12,55
HOTH ,2019-03-28 22:40:09,55
HOTH ,2019-03-28 23:40:11,55
HOTH ,2019-03-29 00:40:09,55
HOTH ,2019-03-29 01:40:20,55
HOTH ,2019-03-29 02:40:13,55
HOTH ,2019-03-29 03:40:14,55
HOTH ,2019-03-29 04:40:12,55
HOTH ,2019-03-29 05:40:09,55
HOTH ,2019-03-29 06:40:10,55
HOTH ,2019-03-29 07:40:10,55
HOTH ,2019-03-29 08:40:15,55
HOTH ,2019-03-29 09:40:11,55
HOTH ,2019-03-29 10:40:11,55
HOTH ,2019-03-29 11:40:15,55
HOTH ,2019-03-29 13:05:14,55
HOTH ,2019-03-29 13:40:12,55
HOTH ,2019-03-29 14:40:14,56
HOTH ,2019-03-29 15:40:15,55
HOTH ,2019-03-29 16:40:10,54
HOTH ,2019-03-29 17:40:14,54
HOTH ,2019-03-29 18:40:19,54
HOTH ,2019-03-29 19:40:14,54
HOTH ,2019-03-29 20:40:14,54
HOTH ,2019-03-29 21:40:12,54
HOTH ,2019-03-29 22:40:15,54
HOTH ,2019-03-29 23:40:16,54
HOTH ,2019-03-30 00:40:15,54
HOTH ,2019-03-30 01:40:13,54
HOTH ,2019-03-30 02:40:17,54
HOTH ,2019-03-30 03:40:15,54
HOTH ,2019-03-30 04:40:17,54
HOTH ,2019-03-30 05:40:13,54
HOTH ,2019-03-30 06:40:13,54
HOTH ,2019-03-30 07:40:13,54
HOTH ,2019-03-30 08:40:25,54
HOTH ,2019-03-30 09:40:16,54
HOTH ,2019-03-30 10:40:13,54
HOTH ,2019-03-30 11:40:14,54
HOTH ,2019-03-30 12:40:17,54
HOTH ,2019-03-30 13:40:10,54
HOTH ,2019-03-30 14:40:12,54
HOTH ,2019-03-30 15:40:11,54
HOTH ,2019-03-30 16:40:12,54
HOTH ,2019-03-30 17:40:15,54
HOTH ,2019-03-30 18:40:12,54
HOTH ,2019-03-30 19:40:13,54
HOTH ,2019-03-30 20:40:10,54
HOTH ,2019-03-30 21:40:11,54
HOTH ,2019-03-30 22:40:17,54
HOTH ,2019-03-30 23:40:12,54
HOTH ,2019-03-31 00:40:13,54
HOTH ,2019-03-31 01:40:12,54
HOTH ,2019-03-31 02:40:15,54
HOTH ,2019-03-31 03:40:12,54
HOTH ,2019-03-31 04:40:12,54
HOTH ,2019-03-31 05:40:12,54
HOTH ,2019-03-31 06:40:16,54
HOTH ,2019-03-31 07:40:13,54
HOTH ,2019-03-31 08:40:11,54
HOTH ,2019-03-31 09:40:10,54
HOTH ,2019-03-31 10:40:16,54
HOTH ,2019-03-31 11:40:13,54
HOTH ,2019-03-31 12:40:11,54
HOTH ,2019-03-31 13:40:13,54
HOTH ,2019-03-31 14:40:11,54
HOTH ,2019-03-31 15:40:12,54
HOTH ,2019-03-31 16:40:12,54
HOTH ,2019-03-31 17:40:17,54
HOTH ,2019-03-31 18:40:11,54
HOTH ,2019-03-31 19:40:12,54
HOTH ,2019-03-31 20:40:12,54
HOTH ,2019-03-31 21:40:12,54
HOTH ,2019-03-31 22:40:11,54
HOTH ,2019-03-31 23:40:15,54
HOTH ,2019-04-01 00:40:15,54
HOTH ,2019-04-01 01:40:13,54
HOTH ,2019-04-01 02:40:15,54
HOTH ,2019-04-01 03:40:18,54
HOTH ,2019-04-01 04:40:13,54
HOTH ,2019-04-01 05:40:12,54
HOTH ,2019-04-01 06:40:11,54
HOTH ,2019-04-01 07:40:17,54
HOTH ,2019-04-01 08:40:12,54
HOTH ,2019-04-01 09:40:13,54
HOTH ,2019-04-01 10:40:17,54
HOTH ,2019-04-01 11:40:14,54
HOTH ,2019-04-01 13:03:22,54
HOTH ,2019-04-01 13:40:12,54
HOTH ,2019-04-01 14:40:16,54
HOTH ,2019-04-01 15:40:20,53
HOTH ,2019-04-01 16:40:16,53
HOTH ,2019-04-01 17:40:17,53
HOTH ,2019-04-01 18:40:13,54
HOTH ,2019-04-01 19:40:22,55
HOTH ,2019-04-01 20:40:13,55
HOTH ,2019-04-01 21:40:12,55
HOTH ,2019-04-01 22:40:15,55
HOTH ,2019-04-01 23:40:14,55
HOTH ,2019-04-02 00:40:17,55
HOTH ,2019-04-02 01:40:13,55
HOTH ,2019-04-02 02:40:14,55
HOTH ,2019-04-02 03:40:19,55
HOTH ,2019-04-02 04:40:11,55
HOTH ,2019-04-02 05:40:12,55
HOTH ,2019-04-02 06:40:13,55
HOTH ,2019-04-02 07:40:16,55
HOTH ,2019-04-02 08:40:14,55
HOTH ,2019-04-02 09:40:16,55
HOTH ,2019-04-02 10:40:12,55
HOTH ,2019-04-02 11:40:13,55
HOTH ,2019-04-02 13:04:48,55
HOTH ,2019-04-02 13:40:15,55
HOTH ,2019-04-02 14:40:11,56
HOTH ,2019-04-02 15:40:20,56
HOTH ,2019-04-02 16:40:12,56
HOTH ,2019-04-02 17:40:17,56
HOTH ,2019-04-02 18:40:12,55
HOTH ,2019-04-02 19:40:12,55
HOTH ,2019-04-02 20:40:17,55
HOTH ,2019-04-02 21:40:15,55
HOTH ,2019-04-02 22:40:14,55
HOTH ,2019-04-02 23:40:14,55
HOTH ,2019-04-03 00:40:20,55
HOTH ,2019-04-03 01:40:14,55
HOTH ,2019-04-03 02:40:12,55
HOTH ,2019-04-03 03:40:13,55
HOTH ,2019-04-03 04:40:15,55
HOTH ,2019-04-03 05:40:14,55
HOTH ,2019-04-03 06:40:16,55
HOTH ,2019-04-03 07:40:13,55
HOTH ,2019-04-03 08:40:13,55
HOTH ,2019-04-03 09:40:19,55
HOTH ,2019-04-03 10:40:15,55
HOTH ,2019-04-03 11:40:14,55
HOTH ,2019-04-03 13:04:50,55
HOTH ,2019-04-03 13:40:13,55
HOTH ,2019-04-03 14:40:19,54
HOTH ,2019-04-03 15:40:19,55
HOTH ,2019-04-03 16:40:14,54
HOTH ,2019-04-03 17:40:12,54
HOTH ,2019-04-03 18:40:13,54
HOTH ,2019-04-03 19:40:13,54
HOTH ,2019-04-03 20:40:16,54
HOTH ,2019-04-03 21:40:14,54
HOTH ,2019-04-03 22:40:14,54
HOTH ,2019-04-03 23:40:19,54
HOTH ,2019-04-04 00:40:12,54
HOTH ,2019-04-04 01:40:13,54
HOTH ,2019-04-04 02:40:14,54
HOTH ,2019-04-04 03:40:17,54
HOTH ,2019-04-04 04:40:12,54
HOTH ,2019-04-04 05:40:12,54
HOTH ,2019-04-04 06:40:13,54
HOTH ,2019-04-04 07:40:14,54
HOTH ,2019-04-04 08:40:16,54
HOTH ,2019-04-04 09:40:13,54
HOTH ,2019-04-04 10:40:14,54
HOTH ,2019-04-04 11:40:17,54
HOTH ,2019-04-04 12:40:13,54
HOTH ,2019-04-04 13:40:13,54
HOTH ,2019-04-04 14:40:19,55
HOTH ,2019-04-04 15:40:13,55
HOTH ,2019-04-04 16:40:18,55
HOTH ,2019-04-04 17:40:12,55
HOTH ,2019-04-04 18:40:14,55
HOTH ,2019-04-04 19:40:14,55
HOTH ,2019-04-04 20:40:13,55
HOTH ,2019-04-04 21:40:15,55
HOTH ,2019-04-04 22:40:20,55
HOTH ,2019-04-04 23:40:13,55
HOTH ,2019-04-05 00:40:15,55
HOTH ,2019-04-05 01:40:12,55
HOTH ,2019-04-05 02:40:13,55
HOTH ,2019-04-05 03:40:21,55
HOTH ,2019-04-05 04:40:14,55
HOTH ,2019-04-05 05:40:12,55
HOTH ,2019-04-05 06:40:11,55
HOTH ,2019-04-05 07:40:13,55
HOTH ,2019-04-05 08:40:17,55
HOTH ,2019-04-05 09:40:15,55
HOTH ,2019-04-05 10:40:18,55
HOTH ,2019-04-05 11:40:14,55
HOTH ,2019-04-05 13:04:16,55
HOTH ,2019-04-05 13:40:16,55
HOTH ,2019-04-05 14:40:15,55
HOTH ,2019-04-05 15:40:19,55
HOTH ,2019-04-05 16:40:13,56
HOTH ,2019-04-05 17:40:13,56
HOTH ,2019-04-05 18:40:15,56
HOTH ,2019-04-05 19:40:13,56
HOTH ,2019-04-05 20:40:13,56
HOTH ,2019-04-05 21:40:14,56
HOTH ,2019-04-05 22:40:15,56
HOTH ,2019-04-05 23:40:17,56
HOTH ,2019-04-06 00:40:14,56
HOTH ,2019-04-06 01:40:22,56
HOTH ,2019-04-06 02:40:17,56
HOTH ,2019-04-06 03:40:14,56
HOTH ,2019-04-06 04:40:16,56
HOTH ,2019-04-06 05:40:15,56
HOTH ,2019-04-06 06:40:13,56
HOTH ,2019-04-06 07:40:13,56
HOTH ,2019-04-06 08:40:20,56
HOTH ,2019-04-06 09:40:15,56
HOTH ,2019-04-06 10:40:13,56
HOTH ,2019-04-06 11:40:13,56
HOTH ,2019-04-06 12:40:14,56
HOTH ,2019-04-06 13:40:12,56
HOTH ,2019-04-06 14:40:13,56
HOTH ,2019-04-06 15:40:16,56
HOTH ,2019-04-06 16:40:12,56
HOTH ,2019-04-06 17:40:13,56
HOTH ,2019-04-06 18:40:15,56
HOTH ,2019-04-06 19:40:14,56
HOTH ,2019-04-06 20:40:12,56
HOTH ,2019-04-06 21:40:20,56
HOTH ,2019-04-06 22:40:13,56
HOTH ,2019-04-06 23:40:13,56
HOTH ,2019-04-07 00:40:13,56
HOTH ,2019-04-07 01:40:11,56
HOTH ,2019-04-07 02:40:15,56
HOTH ,2019-04-07 03:40:17,56
HOTH ,2019-04-07 04:40:14,56
HOTH ,2019-04-07 05:40:14,56
HOTH ,2019-04-07 06:40:14,56
HOTH ,2019-04-07 07:40:19,56
HOTH ,2019-04-07 08:40:15,56
HOTH ,2019-04-07 09:40:16,56
HOTH ,2019-04-07 10:40:14,56
HOTH ,2019-04-07 11:40:17,56
HOTH ,2019-04-07 12:40:14,56
HOTH ,2019-04-07 13:40:17,56
HOTH ,2019-04-07 14:40:13,56
HOTH ,2019-04-07 15:40:14,56
HOTH ,2019-04-07 16:40:17,56
HOTH ,2019-04-07 17:40:14,56
HOTH ,2019-04-07 18:40:13,56
HOTH ,2019-04-07 19:40:14,56
HOTH ,2019-04-07 20:40:20,56
HOTH ,2019-04-07 21:40:14,56
HOTH ,2019-04-07 22:40:13,56
HOTH ,2019-04-07 23:40:12,56
HOTH ,2019-04-08 00:40:21,56
HOTH ,2019-04-08 01:40:13,56
HOTH ,2019-04-08 02:40:13,56
HOTH ,2019-04-08 03:40:14,56
HOTH ,2019-04-08 04:40:12,56
HOTH ,2019-04-08 05:40:21,56
HOTH ,2019-04-08 06:40:12,56
HOTH ,2019-04-08 07:40:13,56
HOTH ,2019-04-08 08:40:14,56
HOTH ,2019-04-08 09:40:15,56
HOTH ,2019-04-08 10:40:13,56
HOTH ,2019-04-08 11:40:21,56
HOTH ,2019-04-08 12:40:12,56
HOTH ,2019-04-08 13:40:17,56
HOTH ,2019-04-08 14:40:13,57
HOTH ,2019-04-08 15:40:16,57
HOTH ,2019-04-08 16:40:19,57
HOTH ,2019-04-08 17:40:14,57
HOTH ,2019-04-08 18:40:13,57
HOTH ,2019-04-08 19:40:14,57
HOTH ,2019-04-08 20:40:13,56
HOTH ,2019-04-08 21:40:15,56
HOTH ,2019-04-08 22:40:15,56
HOTH ,2019-04-08 23:40:13,56
HOTH ,2019-04-09 00:40:17,56
HOTH ,2019-04-09 01:40:14,56
HOTH ,2019-04-09 02:40:16,56
HOTH ,2019-04-09 03:40:16,56
HOTH ,2019-04-09 04:40:14,56
HOTH ,2019-04-09 05:40:17,56
HOTH ,2019-04-09 06:40:14,56
HOTH ,2019-04-09 07:40:13,56
HOTH ,2019-04-09 08:40:16,56
HOTH ,2019-04-09 09:40:20,56
HOTH ,2019-04-09 10:40:14,56
HOTH ,2019-04-09 11:40:14,56
HOTH ,2019-04-09 13:05:27,56
HOTH ,2019-04-09 13:40:15,56
HOTH ,2019-04-09 14:40:15,56
HOTH ,2019-04-09 15:40:24,56
HOTH ,2019-04-09 16:40:16,57
HOTH ,2019-04-09 17:40:16,57
HOTH ,2019-04-09 18:40:14,57
HOTH ,2019-04-09 19:40:15,56
HOTH ,2019-04-09 20:40:15,56
HOTH ,2019-04-09 21:40:16,56
HOTH ,2019-04-09 22:40:14,56
HOTH ,2019-04-09 23:40:19,56
HOTH ,2019-04-10 00:40:16,56
HOTH ,2019-04-10 01:40:14,56
HOTH ,2019-04-10 02:40:16,56
HOTH ,2019-04-10 03:40:18,56
HOTH ,2019-04-10 04:40:18,56
HOTH ,2019-04-10 05:40:15,56
HOTH ,2019-04-10 06:40:15,56
HOTH ,2019-04-10 07:40:14,56
HOTH ,2019-04-10 08:40:17,56
HOTH ,2019-04-10 09:40:16,56
HOTH ,2019-04-10 10:40:15,56
HOTH ,2019-04-10 11:40:16,56
HOTH ,2019-04-10 12:40:22,56
HOTH ,2019-04-10 13:40:21,56
HOTH ,2019-04-10 14:40:15,56
HOTH ,2019-04-10 15:40:16,55
HOTH ,2019-04-10 16:40:16,55
HOTH ,2019-04-10 17:40:16,55
HOTH ,2019-04-10 18:40:17,55
HOTH ,2019-04-10 19:40:17,53
HOTH ,2019-04-10 20:40:14,52
HOTH ,2019-04-10 21:40:15,52
HOTH ,2019-04-10 22:40:13,52
HOTH ,2019-04-10 23:40:21,52
HOTH ,2019-04-11 00:40:15,52
HOTH ,2019-04-11 01:40:13,52
HOTH ,2019-04-11 02:40:15,52
HOTH ,2019-04-11 03:40:16,52
HOTH ,2019-04-11 04:40:17,52
HOTH ,2019-04-11 05:40:16,52
HOTH ,2019-04-11 06:40:12,52
HOTH ,2019-04-11 18:40:17,50
HOTH ,2019-04-11 19:40:23,50
HOTH ,2019-04-11 20:40:14,50
HOTH ,2019-04-11 21:40:16,50
HOTH ,2019-04-11 22:40:15,50
HOTH ,2019-04-11 23:40:15,50
HOTH ,2019-04-12 00:40:14,50
HOTH ,2019-04-12 01:40:15,50
HOTH ,2019-04-12 02:40:19,50
HOTH ,2019-04-12 03:40:16,50
HOTH ,2019-04-12 04:40:16,50
HOTH ,2019-04-12 05:40:16,50
HOTH ,2019-04-12 06:40:13,50
HOTH ,2019-04-12 07:40:15,50
HOTH ,2019-04-12 08:40:14,50
HOTH ,2019-04-12 09:40:18,50
HOTH ,2019-04-12 10:40:14,50
HOTH ,2019-04-12 11:40:14,50
HOTH ,2019-04-12 13:03:53,50
HOTH ,2019-04-12 13:40:17,50
HOTH ,2019-04-12 14:40:13,50
HOTH ,2019-04-12 15:40:15,50
HOTH ,2019-04-12 16:40:15,50
HOTH ,2019-04-12 17:40:15,50
HOTH ,2019-04-12 18:40:15,50
HOTH ,2019-04-12 19:40:14,50
HOTH ,2019-04-12 20:40:14,50
HOTH ,2019-04-12 21:40:13,50
HOTH ,2019-04-12 22:40:21,50
HOTH ,2019-04-12 23:40:15,50
HOTH ,2019-04-13 00:40:17,50
HOTH ,2019-04-13 01:40:14,50
HOTH ,2019-04-13 02:40:15,50
HOTH ,2019-04-13 03:40:22,50
HOTH ,2019-04-13 04:40:16,50
HOTH ,2019-04-13 05:40:17,50
HOTH ,2019-04-13 06:40:16,50
HOTH ,2019-04-13 07:40:13,50
HOTH ,2019-04-13 08:40:14,50
HOTH ,2019-04-13 09:40:17,50
HOTH ,2019-04-13 10:40:14,50
HOTH ,2019-04-13 11:40:15,50
HOTH ,2019-04-13 12:40:14,50
HOTH ,2019-04-13 13:40:14,50
HOTH ,2019-04-13 14:40:17,50
HOTH ,2019-04-13 15:40:16,50
HOTH ,2019-04-13 16:40:16,50
HOTH ,2019-04-13 17:40:13,50
HOTH ,2019-04-13 18:40:15,50
HOTH ,2019-04-13 19:40:15,50
HOTH ,2019-04-13 20:40:15,50
HOTH ,2019-04-13 21:40:18,50
HOTH ,2019-04-13 22:40:14,50
HOTH ,2019-04-13 23:40:14,50
HOTH ,2019-04-14 00:40:17,50
HOTH ,2019-04-14 01:40:18,50
HOTH ,2019-04-14 02:40:14,50
HOTH ,2019-04-14 03:40:13,50
HOTH ,2019-04-14 04:40:20,50
HOTH ,2019-04-14 05:40:14,50
HOTH ,2019-04-14 06:40:15,50
HOTH ,2019-04-14 07:40:17,50
HOTH ,2019-04-14 08:40:15,50
HOTH ,2019-04-14 09:40:16,50
HOTH ,2019-04-14 10:40:13,50
HOTH ,2019-04-14 11:40:16,50
HOTH ,2019-04-14 12:40:14,50
HOTH ,2019-04-14 13:40:14,50
HOTH ,2019-04-14 14:40:19,50
HOTH ,2019-04-14 15:40:19,50
HOTH ,2019-04-14 16:40:15,50
HOTH ,2019-04-14 17:40:14,50
HOTH ,2019-04-14 18:40:15,50
HOTH ,2019-04-14 19:40:16,50
HOTH ,2019-04-14 20:40:17,50
HOTH ,2019-04-14 21:40:20,50
HOTH ,2019-04-14 22:40:14,50
HOTH ,2019-04-14 23:40:16,50
HOTH ,2019-04-15 00:40:14,50
HOTH ,2019-04-15 01:40:14,50
HOTH ,2019-04-15 02:40:15,50
HOTH ,2019-04-15 03:40:21,50
HOTH ,2019-04-15 04:40:14,50
HOTH ,2019-04-15 05:40:16,50
HOTH ,2019-04-15 06:40:13,50
HOTH ,2019-04-15 07:40:14,50
HOTH ,2019-04-15 08:40:17,50
HOTH ,2019-04-15 09:40:14,50
HOTH ,2019-04-15 10:40:14,50
HOTH ,2019-04-15 11:40:15,50
HOTH ,2019-04-15 13:05:52,50
HOTH ,2019-04-15 13:40:14,50
HOTH ,2019-04-15 14:40:16,50
HOTH ,2019-04-15 15:40:19,50
HOTH ,2019-04-15 16:40:15,50
HOTH ,2019-04-15 17:40:18,50
HOTH ,2019-04-15 18:40:18,50
HOTH ,2019-04-15 19:40:26,50
HOTH ,2019-04-15 20:40:15,50
HOTH ,2019-04-15 21:40:15,50
HOTH ,2019-04-15 22:40:18,50
HOTH ,2019-04-15 23:40:18,50
HOTH ,2019-04-16 00:40:18,50
HOTH ,2019-04-16 01:40:15,50
HOTH ,2019-04-16 02:40:17,50
HOTH ,2019-04-16 03:40:19,50
HOTH ,2019-04-16 04:40:15,50
HOTH ,2019-04-16 05:40:16,50
HOTH ,2019-04-16 06:40:16,50
HOTH ,2019-04-16 07:40:14,50
HOTH ,2019-04-16 08:40:25,50
HOTH ,2019-04-16 09:40:14,50
HOTH ,2019-04-16 10:40:20,50
HOTH ,2019-04-16 11:40:17,50
HOTH ,2019-04-16 13:04:19,50
HOTH ,2019-04-16 13:40:16,50
HOTH ,2019-04-16 14:40:19,50
HOTH ,2019-04-16 15:40:15,50
HOTH ,2019-04-16 16:40:15,51
HOTH ,2019-04-16 17:40:14,51
HOTH ,2019-04-16 18:40:19,51
HOTH ,2019-04-16 19:40:17,51
HOTH ,2019-04-16 20:40:17,51
HOTH ,2019-04-16 21:40:14,51
HOTH ,2019-04-16 22:40:15,51
HOTH ,2019-04-16 23:40:15,51
HOTH ,2019-04-17 00:40:16,51
HOTH ,2019-04-17 01:40:16,51
HOTH ,2019-04-17 02:40:19,51
HOTH ,2019-04-17 03:40:15,51
HOTH ,2019-04-17 04:40:17,51
HOTH ,2019-04-17 05:40:16,51
HOTH ,2019-04-17 06:40:26,51
HOTH ,2019-04-17 07:40:17,51
HOTH ,2019-04-17 08:40:14,51
HOTH ,2019-04-17 09:40:19,51
HOTH ,2019-04-17 10:40:14,51
HOTH ,2019-04-17 11:40:16,51
HOTH ,2019-04-17 13:05:19,51
HOTH ,2019-04-17 13:40:17,51
HOTH ,2019-04-17 14:40:15,50
HOTH ,2019-04-17 15:40:16,50
HOTH ,2019-04-17 16:40:14,50
HOTH ,2019-04-17 17:40:19,50
HOTH ,2019-04-17 18:40:16,50
HOTH ,2019-04-17 19:40:15,51
HOTH ,2019-04-17 20:40:16,52
HOTH ,2019-04-17 21:40:15,52
HOTH ,2019-04-17 22:40:15,52
HOTH ,2019-04-17 23:40:20,52
HOTH ,2019-04-18 00:40:14,52
HOTH ,2019-04-18 01:40:16,52
HOTH ,2019-04-18 02:40:15,52
HOTH ,2019-04-18 03:40:21,52
HOTH ,2019-04-18 04:40:15,52
HOTH ,2019-04-18 05:40:21,52
HOTH ,2019-04-18 06:40:15,52
HOTH ,2019-04-18 07:40:15,52
HOTH ,2019-04-18 08:40:18,52
HOTH ,2019-04-18 09:40:16,52
HOTH ,2019-04-18 10:40:17,52
HOTH ,2019-04-18 11:40:17,52
HOTH ,2019-04-18 13:05:19,52
HOTH ,2019-04-18 13:40:16,52
HOTH ,2019-04-18 14:40:20,52
HOTH ,2019-04-18 15:40:17,52
HOTH ,2019-04-18 16:40:16,52
HOTH ,2019-04-18 17:40:22,52
HOTH ,2019-04-18 18:40:16,52
HOTH ,2019-04-18 19:40:15,52
HOTH ,2019-04-18 20:40:17,52
HOTH ,2019-04-18 21:40:18,52
HOTH ,2019-04-18 22:40:17,52
HOTH ,2019-04-18 23:40:19,52
HOTH ,2019-04-19 00:40:16,52
HOTH ,2019-04-19 01:40:47,52
HOTH ,2019-04-19 02:40:16,52
HOTH ,2019-04-19 03:40:21,52
HOTH ,2019-04-19 04:40:16,52
HOTH ,2019-04-19 05:40:15,52
HOTH ,2019-04-19 06:40:18,52
HOTH ,2019-04-19 07:40:19,52
HOTH ,2019-04-19 08:40:17,52
HOTH ,2019-04-19 09:40:18,52
HOTH ,2019-04-19 10:40:19,52
HOTH ,2019-04-19 11:40:15,52
HOTH ,2019-04-19 12:40:17,52
HOTH ,2019-04-19 13:40:19,52
HOTH ,2019-04-19 14:40:20,52
HOTH ,2019-04-19 15:40:15,52
HOTH ,2019-04-19 16:40:16,52
HOTH ,2019-04-19 17:40:19,52
HOTH ,2019-04-19 18:40:16,52
HOTH ,2019-04-19 19:40:16,52
HOTH ,2019-04-19 20:40:15,52
HOTH ,2019-04-19 21:40:16,52
HOTH ,2019-04-19 22:40:16,52
HOTH ,2019-04-19 23:40:17,52
HOTH ,2019-04-20 00:40:20,52
HOTH ,2019-04-20 01:40:19,52
HOTH ,2019-04-20 02:40:17,52
HOTH ,2019-04-20 03:40:16,52
HOTH ,2019-04-20 04:40:20,52
HOTH ,2019-04-20 05:40:16,52
HOTH ,2019-04-20 06:40:16,52
HOTH ,2019-04-20 07:40:19,52
HOTH ,2019-04-20 08:40:18,52
HOTH ,2019-04-20 09:40:20,52
HOTH ,2019-04-20 10:40:17,52
HOTH ,2019-04-20 11:40:15,52
HOTH ,2019-04-20 12:40:23,52
HOTH ,2019-04-20 13:40:35,52
HOTH ,2019-04-20 14:40:17,52
HOTH ,2019-04-20 15:40:14,52
HOTH ,2019-04-20 16:40:18,52
HOTH ,2019-04-20 17:40:19,52
HOTH ,2019-04-20 18:40:16,52
HOTH ,2019-04-20 19:40:16,52
HOTH ,2019-04-20 20:40:17,52
HOTH ,2019-04-20 21:40:15,52
HOTH ,2019-04-20 22:40:16,52
HOTH ,2019-04-20 23:40:21,52
HOTH ,2019-04-21 00:40:16,52
HOTH ,2019-04-21 01:40:15,52
HOTH ,2019-04-21 02:40:18,52
HOTH ,2019-04-21 03:40:17,52
HOTH ,2019-04-21 04:40:18,52
HOTH ,2019-04-21 05:40:16,52
HOTH ,2019-04-21 06:40:16,52
HOTH ,2019-04-21 07:40:21,52
HOTH ,2019-04-21 08:40:15,52
HOTH ,2019-04-21 09:40:15,52
HOTH ,2019-04-21 10:40:17,52
HOTH ,2019-04-21 11:40:17,52
HOTH ,2019-04-21 12:40:16,52
HOTH ,2019-04-21 13:40:16,52
HOTH ,2019-04-21 14:40:19,52
HOTH ,2019-04-21 15:40:16,52
HOTH ,2019-04-21 16:40:18,52
HOTH ,2019-04-21 17:40:17,52
HOTH ,2019-04-21 18:40:15,52
HOTH ,2019-04-21 19:40:21,52
HOTH ,2019-04-21 20:40:15,52
HOTH ,2019-04-21 21:40:17,52
HOTH ,2019-04-21 22:40:16,52
HOTH ,2019-04-21 23:40:15,52
HOTH ,2019-04-22 00:40:16,52
HOTH ,2019-04-22 01:40:18,52
HOTH ,2019-04-22 02:40:22,52
HOTH ,2019-04-22 03:40:18,52
HOTH ,2019-04-22 04:40:15,52
HOTH ,2019-04-22 05:40:14,52
HOTH ,2019-04-22 06:40:17,52
HOTH ,2019-04-22 07:40:18,52
HOTH ,2019-04-22 08:40:17,52
HOTH ,2019-04-22 09:40:15,52
HOTH ,2019-04-22 10:40:20,52
HOTH ,2019-04-22 11:40:19,52
HOTH ,2019-04-22 13:05:51,52
HOTH ,2019-04-22 13:40:17,52
HOTH ,2019-04-22 14:40:18,52
HOTH ,2019-04-22 15:40:16,52
HOTH ,2019-04-22 16:40:16,52
HOTH ,2019-04-22 17:40:17,52
HOTH ,2019-04-22 18:40:18,51
HOTH ,2019-04-22 19:40:19,50
HOTH ,2019-04-22 20:40:17,49
HOTH ,2019-04-22 21:40:17,49
HOTH ,2019-04-22 22:40:18,49
HOTH ,2019-04-22 23:40:19,49
HOTH ,2019-04-23 00:40:18,49
HOTH ,2019-04-23 01:40:15,49
HOTH ,2019-04-23 02:40:16,49
HOTH ,2019-04-23 03:40:18,49
HOTH ,2019-04-23 04:40:18,49
HOTH ,2019-04-23 05:40:17,49
HOTH ,2019-04-23 06:40:19,49
HOTH ,2019-04-23 07:40:16,49
HOTH ,2019-04-23 08:40:14,49
HOTH ,2019-04-23 09:40:17,49
HOTH ,2019-04-23 10:40:18,49
HOTH ,2019-04-23 11:40:20,49
HOTH ,2019-04-23 13:06:20,49
HOTH ,2019-04-23 13:40:17,49
HOTH ,2019-04-23 14:40:15,49
HOTH ,2019-04-23 15:40:18,50
HOTH ,2019-04-23 16:40:17,50
HOTH ,2019-04-23 17:40:16,50
HOTH ,2019-04-23 18:40:15,49
HOTH ,2019-04-23 19:40:16,49
HOTH ,2019-04-23 20:40:22,50
HOTH ,2019-04-23 21:40:19,50
HOTH ,2019-04-23 22:40:16,50
HOTH ,2019-04-23 23:40:17,50
HOTH ,2019-04-24 00:40:16,50
HOTH ,2019-04-24 01:40:17,50
HOTH ,2019-04-24 02:40:20,50
HOTH ,2019-04-24 03:40:17,50
HOTH ,2019-04-24 04:40:16,50
HOTH ,2019-04-24 05:40:15,50
HOTH ,2019-04-24 06:40:18,50
HOTH ,2019-04-24 07:40:19,50
HOTH ,2019-04-24 08:40:15,50
HOTH ,2019-04-24 09:40:18,50
HOTH ,2019-04-24 10:40:19,50
HOTH ,2019-04-24 11:40:19,50
HOTH ,2019-04-24 12:40:15,50
HOTH ,2019-04-24 13:40:23,50
HOTH ,2019-04-24 14:40:18,50
HOTH ,2019-04-24 15:40:16,49
HOTH ,2019-04-24 16:40:15,49
HOTH ,2019-04-24 17:40:18,48
HOTH ,2019-04-24 18:40:23,48
HOTH ,2019-04-24 19:40:17,48
HOTH ,2019-04-24 20:40:18,48
HOTH ,2019-04-24 21:40:17,48
HOTH ,2019-04-24 22:40:16,48
HOTH ,2019-04-24 23:40:23,48
HOTH ,2019-04-25 00:40:19,48
HOTH ,2019-04-25 01:40:18,48
HOTH ,2019-04-25 02:40:17,48
HOTH ,2019-04-25 03:40:21,48
HOTH ,2019-04-25 04:40:17,48
HOTH ,2019-04-25 05:40:16,48
HOTH ,2019-04-25 06:40:19,48
HOTH ,2019-04-25 07:40:15,48
HOTH ,2019-04-25 08:40:18,48
HOTH ,2019-04-25 09:40:17,48
HOTH ,2019-04-25 10:40:20,48
HOTH ,2019-04-25 11:40:18,48
HOTH ,2019-04-25 13:04:50,48
HOTH ,2019-04-25 13:40:19,48
HOTH ,2019-04-25 14:40:20,48
HOTH ,2019-04-25 15:40:16,48
HOTH ,2019-04-25 16:40:19,48
HOTH ,2019-04-25 17:40:16,48
HOTH ,2019-04-25 18:40:16,48
HOTH ,2019-04-25 19:40:18,48
HOTH ,2019-04-25 20:40:17,48
HOTH ,2019-04-25 21:40:22,48
HOTH ,2019-04-25 22:40:17,48
HOTH ,2019-04-25 23:40:16,48
HOTH ,2019-04-26 00:40:18,48
HOTH ,2019-04-26 01:40:19,48
HOTH ,2019-04-26 02:40:17,48
HOTH ,2019-04-26 03:40:18,48
HOTH ,2019-04-26 04:40:17,48
HOTH ,2019-04-26 05:40:18,48
HOTH ,2019-04-26 06:40:18,48
HOTH ,2019-04-26 07:40:16,48
HOTH ,2019-04-26 08:40:20,48
HOTH ,2019-04-26 09:40:15,48
HOTH ,2019-04-26 10:40:21,48
HOTH ,2019-04-26 11:40:16,48
HOTH ,2019-04-26 12:40:17,48
HOTH ,2019-04-26 13:40:19,48
HOTH ,2019-04-26 14:40:16,48
HOTH ,2019-04-26 15:40:20,48
HOTH ,2019-04-26 16:40:15,48
HOTH ,2019-04-26 17:40:17,48
HOTH ,2019-04-26 18:40:17,48
HOTH ,2019-04-26 19:40:15,48
HOTH ,2019-04-26 20:40:20,48
HOTH ,2019-04-26 21:40:16,48
HOTH ,2019-04-26 22:40:17,48
HOTH ,2019-04-26 23:40:17,48
HOTH ,2019-04-27 00:40:17,48
HOTH ,2019-04-27 01:40:18,48
HOTH ,2019-04-27 02:40:15,48
HOTH ,2019-04-27 03:40:16,48
HOTH ,2019-04-27 04:40:15,48
HOTH ,2019-04-27 05:40:17,48
HOTH ,2019-04-27 06:40:19,48
HOTH ,2019-04-27 07:40:15,48
HOTH ,2019-04-27 08:40:16,48
HOTH ,2019-04-27 09:40:18,48
HOTH ,2019-04-27 10:40:17,48
HOTH ,2019-04-27 11:40:15,48
HOTH ,2019-04-27 12:40:16,48
HOTH ,2019-04-27 13:40:17,48
HOTH ,2019-04-27 14:40:16,48
HOTH ,2019-04-27 15:40:15,48
HOTH ,2019-04-27 16:40:16,48
HOTH ,2019-04-27 17:40:23,48
HOTH ,2019-04-27 18:40:17,48
HOTH ,2019-04-27 19:40:15,48
HOTH ,2019-04-27 20:40:17,48
HOTH ,2019-04-27 21:40:17,48
HOTH ,2019-04-27 22:40:15,48
HOTH ,2019-04-27 23:40:15,48
HOTH ,2019-04-28 00:40:15,48
HOTH ,2019-04-28 01:40:16,48
HOTH ,2019-04-28 02:40:16,48
HOTH ,2019-04-28 03:40:15,48
HOTH ,2019-04-28 04:40:20,48
HOTH ,2019-04-28 05:40:16,48
HOTH ,2019-04-28 06:40:16,48
HOTH ,2019-04-28 07:40:15,48
HOTH ,2019-04-28 08:40:19,48
HOTH ,2019-04-28 09:40:16,48
HOTH ,2019-04-28 10:40:19,48
HOTH ,2019-04-28 11:40:17,48
HOTH ,2019-04-28 12:40:16,48
HOTH ,2019-04-28 13:40:15,48
HOTH ,2019-04-28 14:40:18,48
HOTH ,2019-04-28 15:40:16,48
HOTH ,2019-04-28 16:40:14,48
HOTH ,2019-04-28 17:40:16,48
HOTH ,2019-04-28 18:40:16,48
HOTH ,2019-04-28 19:40:20,48
HOTH ,2019-04-28 20:40:15,48
HOTH ,2019-04-28 21:40:17,48
HOTH ,2019-04-28 22:40:16,48
HOTH ,2019-04-28 23:40:17,48
HOTH ,2019-04-29 00:40:18,48
HOTH ,2019-04-29 01:40:15,48
HOTH ,2019-04-29 02:40:15,48
HOTH ,2019-04-29 03:40:17,48
HOTH ,2019-04-29 04:40:19,48
HOTH ,2019-04-29 05:40:15,48
HOTH ,2019-04-29 06:40:16,48
HOTH ,2019-04-29 07:40:17,48
HOTH ,2019-04-29 08:40:20,48
HOTH ,2019-04-29 09:40:17,48
HOTH ,2019-04-29 10:40:16,48
HOTH ,2019-04-29 11:40:16,48
HOTH ,2019-04-29 12:40:21,48
HOTH ,2019-04-29 13:40:16,48
HOTH ,2019-04-29 14:40:19,48
HOTH ,2019-04-29 15:40:16,48
HOTH ,2019-04-29 16:40:19,48
HOTH ,2019-04-29 17:40:18,48
HOTH ,2019-04-29 18:40:18,48
HOTH ,2019-04-29 19:40:18,48
HOTH ,2019-04-29 20:40:23,48
HOTH ,2019-04-29 21:40:17,49
HOTH ,2019-04-29 22:40:16,49
HOTH ,2019-04-29 23:40:18,49
HOTH ,2019-04-30 00:40:17,49
HOTH ,2019-04-30 01:40:17,49
HOTH ,2019-04-30 02:40:19,49
HOTH ,2019-04-30 03:40:21,49
HOTH ,2019-04-30 04:40:19,49
HOTH ,2019-04-30 05:40:18,49
HOTH ,2019-04-30 06:40:17,49
HOTH ,2019-04-30 07:40:19,49
HOTH ,2019-04-30 08:40:18,49
HOTH ,2019-04-30 09:40:22,49
HOTH ,2019-04-30 10:40:17,49
HOTH ,2019-04-30 11:40:19,49
HOTH ,2019-04-30 13:04:20,49
HOTH ,2019-04-30 13:40:21,49
HOTH ,2019-04-30 14:40:18,49
HOTH ,2019-04-30 15:40:21,49
HOTH ,2019-04-30 16:40:20,49
HOTH ,2019-04-30 17:40:23,50
HOTH ,2019-04-30 18:40:19,50
HOTH ,2019-04-30 19:40:20,50
HOTH ,2019-04-30 20:40:19,50
HOTH ,2019-04-30 21:40:18,50
HOTH ,2019-04-30 22:40:16,50
HOTH ,2019-04-30 23:40:20,50
HOTH ,2019-05-01 00:40:15,50
HOTH ,2019-05-01 01:40:23,50
HOTH ,2019-05-01 02:40:19,50
HOTH ,2019-05-01 03:40:21,50
HOTH ,2019-05-01 04:40:21,50
HOTH ,2019-05-01 05:40:19,50
HOTH ,2019-05-01 06:40:17,50
HOTH ,2019-05-01 07:40:20,50
HOTH ,2019-05-01 08:40:20,50
HOTH ,2019-05-01 09:40:21,50
HOTH ,2019-05-01 10:40:18,50
HOTH ,2019-05-01 11:40:17,50
HOTH ,2019-05-01 13:04:21,50
HOTH ,2019-05-01 13:40:21,50
HOTH ,2019-05-01 14:40:15,52
HOTH ,2019-05-01 15:40:19,51
HOTH ,2019-05-01 16:40:19,51
HOTH ,2019-05-01 17:40:17,51
HOTH ,2019-05-01 18:40:19,51
HOTH ,2019-05-01 19:40:23,52
HOTH ,2019-05-01 20:40:19,52
HOTH ,2019-05-01 21:40:18,53
HOTH ,2019-05-01 22:40:20,53
HOTH ,2019-05-01 23:40:20,53
HOTH ,2019-05-02 00:40:20,53
HOTH ,2019-05-02 01:40:18,53
HOTH ,2019-05-02 02:40:21,53
HOTH ,2019-05-02 03:40:18,53
HOTH ,2019-05-02 04:40:20,53
HOTH ,2019-05-02 05:40:22,53
HOTH ,2019-05-02 06:40:21,53
HOTH ,2019-05-02 07:40:18,53
HOTH ,2019-05-02 08:40:19,53
HOTH ,2019-05-02 09:40:18,53
HOTH ,2019-05-02 10:40:20,53
HOTH ,2019-05-02 11:40:17,53
HOTH ,2019-05-02 13:04:28,53
HOTH ,2019-05-02 13:40:22,53
HOTH ,2019-05-02 14:40:16,53
HOTH ,2019-05-02 15:40:17,53
HOTH ,2019-05-02 16:40:22,52
HOTH ,2019-05-02 17:40:17,52
HOTH ,2019-05-02 18:40:17,52
HOTH ,2019-05-02 19:40:21,52
HOTH ,2019-05-02 20:40:18,52
HOTH ,2019-05-02 21:40:19,52
HOTH ,2019-05-02 22:40:22,52
HOTH ,2019-05-02 23:40:16,52
HOTH ,2019-05-03 00:40:17,52
HOTH ,2019-05-03 01:40:22,52
HOTH ,2019-05-03 02:40:18,52
HOTH ,2019-05-03 03:40:23,52
HOTH ,2019-05-03 04:40:16,52
HOTH ,2019-05-03 05:40:28,52
HOTH ,2019-05-03 06:40:20,52
HOTH ,2019-05-03 07:40:20,52
HOTH ,2019-05-03 08:40:19,52
HOTH ,2019-05-03 09:40:20,52
HOTH ,2019-05-03 10:40:22,52
HOTH ,2019-05-03 11:40:20,52
HOTH ,2019-05-03 13:03:24,52
HOTH ,2019-05-03 13:40:26,52
HOTH ,2019-05-03 14:40:22,52
HOTH ,2019-05-03 15:40:21,52
HOTH ,2019-05-03 16:40:22,52
HOTH ,2019-05-03 17:40:23,52
HOTH ,2019-05-03 18:40:25,51
HOTH ,2019-05-03 19:40:24,51
HOTH ,2019-05-03 20:40:18,51
HOTH ,2019-05-03 21:40:26,51
HOTH ,2019-05-03 22:40:19,51
HOTH ,2019-05-03 23:40:24,51
HOTH ,2019-05-04 00:40:22,51
HOTH ,2019-05-04 01:40:21,51
HOTH ,2019-05-04 02:40:23,51
HOTH ,2019-05-04 03:40:26,51
HOTH ,2019-05-04 04:40:21,51
HOTH ,2019-05-04 05:40:22,51
HOTH ,2019-05-04 06:40:24,51
HOTH ,2019-05-04 07:40:23,51
HOTH ,2019-05-04 08:40:19,51
HOTH ,2019-05-04 09:40:22,51
HOTH ,2019-05-04 10:40:18,51
HOTH ,2019-05-04 11:40:21,51
HOTH ,2019-05-04 12:40:24,51
HOTH ,2019-05-04 13:40:23,51
HOTH ,2019-05-04 14:40:19,51
HOTH ,2019-05-04 15:40:19,51
HOTH ,2019-05-04 16:40:23,51
HOTH ,2019-05-04 17:40:19,51
HOTH ,2019-05-04 18:40:19,51
HOTH ,2019-05-04 19:40:22,51
HOTH ,2019-05-04 20:40:18,51
HOTH ,2019-05-04 21:40:20,51
HOTH ,2019-05-04 22:40:18,51
HOTH ,2019-05-04 23:40:24,51
HOTH ,2019-05-05 00:40:21,51
HOTH ,2019-05-05 01:40:22,51
HOTH ,2019-05-05 02:40:19,51
HOTH ,2019-05-05 03:40:19,51
HOTH ,2019-05-05 04:40:23,51
HOTH ,2019-05-05 05:40:23,51
HOTH ,2019-05-05 06:40:23,51
HOTH ,2019-05-05 07:40:21,51
HOTH ,2019-05-05 08:40:19,51
HOTH ,2019-05-05 09:40:19,51
HOTH ,2019-05-05 10:40:22,51
HOTH ,2019-05-05 11:40:21,51
HOTH ,2019-05-05 12:40:21,51
HOTH ,2019-05-05 13:40:21,51
HOTH ,2019-05-05 14:40:21,51
HOTH ,2019-05-05 15:40:20,51
HOTH ,2019-05-05 16:40:19,51
HOTH ,2019-05-05 17:40:23,51
HOTH ,2019-05-05 18:40:20,51
HOTH ,2019-05-05 19:40:18,51
HOTH ,2019-05-05 20:40:21,51
HOTH ,2019-05-05 21:40:18,51
HOTH ,2019-05-05 22:40:21,51
HOTH ,2019-05-05 23:40:23,51
HOTH ,2019-05-06 00:40:20,51
HOTH ,2019-05-06 01:40:19,51
HOTH ,2019-05-06 02:40:20,51
HOTH ,2019-05-06 03:40:21,51
HOTH ,2019-05-06 04:40:18,51
HOTH ,2019-05-06 05:40:18,51
HOTH ,2019-05-06 06:40:18,51
HOTH ,2019-05-06 07:40:23,51
HOTH ,2019-05-06 08:40:20,51
HOTH ,2019-05-06 09:40:17,51
HOTH ,2019-05-06 10:40:22,51
HOTH ,2019-05-06 11:40:21,51
HOTH ,2019-05-06 13:05:25,51
HOTH ,2019-05-06 13:40:22,51
HOTH ,2019-05-06 14:40:21,51
HOTH ,2019-05-06 15:40:18,51
HOTH ,2019-05-06 16:40:20,51
HOTH ,2019-05-06 17:26:15,51
HOTH ,2019-05-06 17:32:10,51
HOTH ,2019-05-06 17:40:19,51
HOTH ,2019-05-06 18:40:20,51
HOTH ,2019-05-06 19:40:22,52
HOTH ,2019-05-06 20:40:18,52
HOTH ,2019-05-06 21:40:18,52
HOTH ,2019-05-06 22:40:20,52
HOTH ,2019-05-06 23:40:18,52
HOTH ,2019-05-07 00:40:19,52
HOTH ,2019-05-07 01:40:24,52
HOTH ,2019-05-07 02:40:19,52
HOTH ,2019-05-07 03:40:21,52
HOTH ,2019-05-07 04:40:20,52
HOTH ,2019-05-07 05:40:19,52
HOTH ,2019-05-07 06:40:18,52
HOTH ,2019-05-07 07:40:19,52
HOTH ,2019-05-07 08:40:17,52
HOTH ,2019-05-07 09:40:22,52
HOTH ,2019-05-07 10:40:20,52
HOTH ,2019-05-07 11:40:18,52
HOTH ,2019-05-07 12:40:23,52
HOTH ,2019-05-07 13:40:21,52
HOTH ,2019-05-07 14:40:17,53
HOTH ,2019-05-07 15:40:17,53
HOTH ,2019-05-07 16:40:19,53
HOTH ,2019-05-07 17:40:21,53
HOTH ,2019-05-07 18:40:19,54
HOTH ,2019-05-07 19:40:22,54
HOTH ,2019-05-07 20:40:20,54
HOTH ,2019-05-07 21:40:18,54
HOTH ,2019-05-07 22:40:18,54
HOTH ,2019-05-07 23:40:21,54
HOTH ,2019-05-08 00:40:18,54
HOTH ,2019-05-08 01:40:19,54
HOTH ,2019-05-08 02:40:19,54
HOTH ,2019-05-08 03:40:23,54
HOTH ,2019-05-08 04:40:20,54
HOTH ,2019-05-08 05:40:20,54
HOTH ,2019-05-08 06:40:21,54
HOTH ,2019-05-08 07:40:18,54
HOTH ,2019-05-08 08:40:18,54
HOTH ,2019-05-08 09:40:23,54
HOTH ,2019-05-08 10:40:18,54
HOTH ,2019-05-08 11:40:21,54
HOTH ,2019-05-08 13:04:23,54
HOTH ,2019-05-08 13:40:19,54
HOTH ,2019-05-08 14:40:20,53
HOTH ,2019-05-08 15:40:22,54
HOTH ,2019-05-08 16:40:20,54
HOTH ,2019-05-08 17:40:21,54
HOTH ,2019-05-08 18:40:23,54
HOTH ,2019-05-08 19:40:19,54
HOTH ,2019-05-08 20:40:18,54
HOTH ,2019-05-08 21:40:19,54
HOTH ,2019-05-08 22:40:17,54
HOTH ,2019-05-08 23:40:25,54
HOTH ,2019-05-09 00:40:19,54
HOTH ,2019-05-09 01:40:21,54
HOTH ,2019-05-09 02:40:20,54
HOTH ,2019-05-09 03:40:24,54
HOTH ,2019-05-09 04:40:23,54
HOTH ,2019-05-09 05:40:20,54
HOTH ,2019-05-09 06:40:21,54
HOTH ,2019-05-09 07:40:21,54
HOTH ,2019-05-09 08:40:20,54
HOTH ,2019-05-09 09:40:23,54
HOTH ,2019-05-09 10:40:18,54
HOTH ,2019-05-09 11:40:22,54
HOTH ,2019-05-09 13:03:51,54
HOTH ,2019-05-09 13:40:20,54
HOTH ,2019-05-09 14:40:19,54
HOTH ,2019-05-09 15:40:22,53
HOTH ,2019-05-09 16:40:19,53
HOTH ,2019-05-09 17:40:23,53
HOTH ,2019-05-09 18:40:21,53
HOTH ,2019-05-09 19:40:20,53
HOTH ,2019-05-09 20:40:20,52
HOTH ,2019-05-09 21:40:19,52
HOTH ,2019-05-09 22:40:23,52
HOTH ,2019-05-09 23:40:18,52
HOTH ,2019-05-10 00:40:18,52
HOTH ,2019-05-10 01:40:22,52
HOTH ,2019-05-10 02:40:22,52
HOTH ,2019-05-10 03:40:17,52
HOTH ,2019-05-10 04:40:23,52
HOTH ,2019-05-10 05:40:18,52
HOTH ,2019-05-10 06:40:18,52
HOTH ,2019-05-10 07:40:17,52
HOTH ,2019-05-10 08:40:22,52
HOTH ,2019-05-10 09:40:19,52
HOTH ,2019-05-10 10:40:20,52
HOTH ,2019-05-10 11:40:18,52
HOTH ,2019-05-10 12:40:24,52
HOTH ,2019-05-10 13:40:20,52
HOTH ,2019-05-10 14:40:22,52
HOTH ,2019-05-10 15:40:20,52
HOTH ,2019-05-10 16:40:20,52
HOTH ,2019-05-10 17:40:19,52
HOTH ,2019-05-10 18:40:24,52
HOTH ,2019-05-10 19:40:19,52
HOTH ,2019-05-10 20:40:19,53
HOTH ,2019-05-10 21:40:19,53
HOTH ,2019-05-10 22:40:20,53
HOTH ,2019-05-10 23:40:20,53
HOTH ,2019-05-11 00:40:24,53
HOTH ,2019-05-11 01:40:19,53
HOTH ,2019-05-11 02:40:23,53
HOTH ,2019-05-11 03:40:18,53
HOTH ,2019-05-11 04:40:20,53
HOTH ,2019-05-11 05:40:28,53
HOTH ,2019-05-11 06:40:19,53
HOTH ,2019-05-11 07:40:19,53
HOTH ,2019-05-11 08:40:23,53
HOTH ,2019-05-11 09:40:19,53
HOTH ,2019-05-11 10:40:24,53
HOTH ,2019-05-11 11:40:20,53
HOTH ,2019-05-11 12:40:19,53
HOTH ,2019-05-11 13:40:22,53
HOTH ,2019-05-11 14:40:19,53
HOTH ,2019-05-11 15:40:20,53
HOTH ,2019-05-11 16:40:25,53
HOTH ,2019-05-11 17:40:21,53
HOTH ,2019-05-11 18:40:21,53
HOTH ,2019-05-11 19:40:21,53
HOTH ,2019-05-11 20:40:19,53
HOTH ,2019-05-11 21:40:20,53
HOTH ,2019-05-11 22:40:21,53
HOTH ,2019-05-11 23:40:20,53
HOTH ,2019-05-12 00:40:19,53
HOTH ,2019-05-12 01:40:20,53
HOTH ,2019-05-12 02:40:20,53
HOTH ,2019-05-12 03:40:23,53
HOTH ,2019-05-12 04:40:19,53
HOTH ,2019-05-12 05:40:21,53
HOTH ,2019-05-12 06:40:20,53
HOTH ,2019-05-12 07:40:23,53
HOTH ,2019-05-12 08:40:20,53
HOTH ,2019-05-12 09:40:23,53
HOTH ,2019-05-12 10:40:19,53
HOTH ,2019-05-12 11:40:20,53
HOTH ,2019-05-12 12:40:19,53
HOTH ,2019-05-12 13:40:24,53
HOTH ,2019-05-12 14:40:19,53
HOTH ,2019-05-12 15:40:21,53
HOTH ,2019-05-12 16:40:22,53
HOTH ,2019-05-12 17:40:24,53
HOTH ,2019-05-12 18:40:19,53
HOTH ,2019-05-12 19:40:20,53
HOTH ,2019-05-12 20:40:19,53
HOTH ,2019-05-12 21:40:18,53
HOTH ,2019-05-12 22:40:24,53
HOTH ,2019-05-12 23:40:18,53
HOTH ,2019-05-13 00:40:21,53
HOTH ,2019-05-13 01:40:19,53
HOTH ,2019-05-13 02:40:19,53
HOTH ,2019-05-13 03:40:23,53
HOTH ,2019-05-13 04:40:19,53
HOTH ,2019-05-13 05:40:18,53
HOTH ,2019-05-13 06:40:23,53
HOTH ,2019-05-13 07:40:18,53
HOTH ,2019-05-13 08:40:19,53
HOTH ,2019-05-13 09:40:20,53
HOTH ,2019-05-13 10:40:23,53
HOTH ,2019-05-13 11:40:20,53
HOTH ,2019-05-13 13:03:53,53
HOTH ,2019-05-13 13:40:20,53
HOTH ,2019-05-13 14:40:19,72
HOTH ,2019-05-13 15:40:23,75
HOTH ,2019-05-13 16:40:19,76
HOTH ,2019-05-13 17:40:20,76
HOTH ,2019-05-13 18:40:22,82
HOTH ,2019-05-13 19:40:22,83
HOTH ,2019-05-13 20:40:18,84
HOTH ,2019-05-13 21:40:21,84
HOTH ,2019-05-13 22:40:19,84
HOTH ,2019-05-13 23:40:19,84
HOTH ,2019-05-14 00:40:30,84
HOTH ,2019-05-14 01:40:18,84
HOTH ,2019-05-14 02:40:20,84
HOTH ,2019-05-14 03:40:22,84
HOTH ,2019-05-14 04:40:20,84
HOTH ,2019-05-14 05:40:19,84
HOTH ,2019-05-14 06:40:18,84
HOTH ,2019-05-14 07:40:23,84
HOTH ,2019-05-14 08:40:21,84
HOTH ,2019-05-14 09:40:23,84
HOTH ,2019-05-14 10:40:20,84
HOTH ,2019-05-14 11:40:20,84
HOTH ,2019-05-14 13:03:23,84
HOTH ,2019-05-14 13:40:23,84
HOTH ,2019-05-14 14:40:20,116
HOTH ,2019-05-14 15:40:23,123
HOTH ,2019-05-14 16:40:22,136
HOTH ,2019-05-14 17:40:19,136
HOTH ,2019-05-14 18:40:22,137
HOTH ,2019-05-14 19:40:20,139
HOTH ,2019-05-14 20:40:21,138
HOTH ,2019-05-14 21:40:20,138
HOTH ,2019-05-14 22:40:22,139
HOTH ,2019-05-14 23:40:22,139
HOTH ,2019-05-15 00:40:21,139
HOTH ,2019-05-15 01:40:21,139
HOTH ,2019-05-15 02:40:19,139
HOTH ,2019-05-15 03:40:23,139
HOTH ,2019-05-15 04:40:21,139
HOTH ,2019-05-15 05:40:22,139
HOTH ,2019-05-15 06:40:23,139
HOTH ,2019-05-15 07:40:22,139
HOTH ,2019-05-15 08:40:22,139
HOTH ,2019-05-15 09:40:24,139
HOTH ,2019-05-15 10:40:26,139
HOTH ,2019-05-15 11:40:21,139
HOTH ,2019-05-15 13:04:25,139
HOTH ,2019-05-15 13:40:21,139
HOTH ,2019-05-15 14:40:21,144
HOTH ,2019-05-15 15:40:20,139
HOTH ,2019-05-15 16:40:23,138
HOTH ,2019-05-15 17:40:22,139
HOTH ,2019-05-15 18:40:23,141
HOTH ,2019-05-15 19:40:21,141
HOTH ,2019-05-15 20:40:21,142
HOTH ,2019-05-15 21:40:22,142
HOTH ,2019-05-15 22:40:21,142
HOTH ,2019-05-15 23:40:21,142
HOTH ,2019-05-16 00:40:21,142
HOTH ,2019-05-16 01:40:23,142
HOTH ,2019-05-16 02:40:24,142
HOTH ,2019-05-16 03:40:20,142
HOTH ,2019-05-16 04:40:21,142
HOTH ,2019-05-16 05:40:23,142
HOTH ,2019-05-16 06:40:22,142
HOTH ,2019-05-16 07:40:23,142
HOTH ,2019-05-16 08:40:21,142
HOTH ,2019-05-16 09:40:22,142
HOTH ,2019-05-16 10:40:28,142
HOTH ,2019-05-16 11:40:21,142
HOTH ,2019-05-16 13:03:24,142
HOTH ,2019-05-16 13:40:28,142
HOTH ,2019-05-16 14:40:22,140
HOTH ,2019-05-16 15:40:20,139
HOTH ,2019-05-16 16:40:24,137
HOTH ,2019-05-16 17:40:22,137
HOTH ,2019-05-16 18:40:24,137
HOTH ,2019-05-16 19:40:24,137
HOTH ,2019-05-16 20:40:21,137
HOTH ,2019-05-16 21:40:22,137
HOTH ,2019-05-16 22:40:21,137
HOTH ,2019-05-16 23:40:21,137
HOTH ,2019-05-17 00:40:27,137
HOTH ,2019-05-17 01:40:22,137
HOTH ,2019-05-17 02:40:21,137
HOTH ,2019-05-17 03:40:21,137
HOTH ,2019-05-17 04:40:21,137
HOTH ,2019-05-17 05:40:22,137
HOTH ,2019-05-17 06:40:27,137
HOTH ,2019-05-17 07:40:23,137
HOTH ,2019-05-17 08:40:27,137
HOTH ,2019-05-17 09:40:25,137
HOTH ,2019-05-17 10:40:21,137
HOTH ,2019-05-17 11:40:24,137
HOTH ,2019-05-17 13:04:55,137
HOTH ,2019-05-17 13:40:26,137
HOTH ,2019-05-17 14:40:22,134
HOTH ,2019-05-17 15:40:21,132
HOTH ,2019-05-17 16:40:23,132
HOTH ,2019-05-17 17:40:22,131
HOTH ,2019-05-17 18:40:21,131
HOTH ,2019-05-17 19:40:24,131
HOTH ,2019-05-17 20:40:21,131
HOTH ,2019-05-17 21:40:22,131
HOTH ,2019-05-17 22:40:21,131
HOTH ,2019-05-17 23:40:22,131
HOTH ,2019-05-18 00:40:22,131
HOTH ,2019-05-18 01:40:23,131
HOTH ,2019-05-18 02:40:22,131
HOTH ,2019-05-18 04:40:19,131
HOTH ,2019-05-18 05:40:19,131
HOTH ,2019-05-18 06:40:20,131
HOTH ,2019-05-18 07:40:18,131
HOTH ,2019-05-18 08:40:18,131
HOTH ,2019-05-18 09:40:18,131
HOTH ,2019-05-18 10:40:17,131
HOTH ,2019-05-18 11:40:19,131
HOTH ,2019-05-18 12:40:18,131
HOTH ,2019-05-18 13:40:19,131
HOTH ,2019-05-18 14:40:19,131
HOTH ,2019-05-18 15:40:19,131
HOTH ,2019-05-18 16:40:18,131
HOTH ,2019-05-18 17:40:19,131
HOTH ,2019-05-18 18:40:17,131
HOTH ,2019-05-18 19:40:18,131
HOTH ,2019-05-18 20:40:18,131
HOTH ,2019-05-18 21:40:19,131
HOTH ,2019-05-18 22:40:18,131
HOTH ,2019-05-18 23:40:18,131
HOTH ,2019-05-19 00:40:17,131
HOTH ,2019-05-19 01:40:17,131
HOTH ,2019-05-19 02:40:18,131
HOTH ,2019-05-19 03:40:18,131
HOTH ,2019-05-19 04:40:19,131
HOTH ,2019-05-19 05:40:18,131
HOTH ,2019-05-19 06:40:18,131
HOTH ,2019-05-19 07:40:18,131
HOTH ,2019-05-19 08:40:17,131
HOTH ,2019-05-19 09:40:18,131
HOTH ,2019-05-19 10:40:18,131
HOTH ,2019-05-19 11:40:18,131
HOTH ,2019-05-19 12:40:19,131
HOTH ,2019-05-19 13:40:19,131
HOTH ,2019-05-19 14:40:18,131
HOTH ,2019-05-19 15:40:18,131
HOTH ,2019-05-19 16:40:19,131
HOTH ,2019-05-19 17:40:18,131
HOTH ,2019-05-19 18:40:18,131
HOTH ,2019-05-19 19:40:18,131
HOTH ,2019-05-19 20:40:18,131
HOTH ,2019-05-19 21:40:19,131
HOTH ,2019-05-19 22:40:18,131
HOTH ,2019-05-19 23:40:18,131
HOTH ,2019-05-20 00:40:19,131
HOTH ,2019-05-20 01:40:19,131
HOTH ,2019-05-20 02:40:20,131
HOTH ,2019-05-20 03:40:19,131
HOTH ,2019-05-20 04:40:20,131
HOTH ,2019-05-20 05:40:20,131
HOTH ,2019-05-20 06:40:19,131
HOTH ,2019-05-20 07:40:19,131
HOTH ,2019-05-20 08:40:19,131
HOTH ,2019-05-20 09:40:18,131
HOTH ,2019-05-20 10:40:18,131
HOTH ,2019-05-20 11:40:19,131
HOTH ,2019-05-20 12:40:20,131
HOTH ,2019-05-20 13:40:19,131
HOTH ,2019-05-20 14:40:19,129
HOTH ,2019-05-20 15:40:18,129
HOTH ,2019-05-20 16:40:20,129
HOTH ,2019-05-20 17:40:19,129
HOTH ,2019-05-20 18:40:18,129
HOTH ,2019-05-20 19:40:19,129
HOTH ,2019-05-20 20:40:18,128
HOTH ,2019-05-20 21:40:19,127
HOTH ,2019-05-20 22:40:18,127
HOTH ,2019-05-20 23:40:21,127
HOTH ,2019-05-21 00:40:18,127
HOTH ,2019-05-21 01:40:19,127
HOTH ,2019-05-21 02:40:19,127
HOTH ,2019-05-21 03:40:18,127
HOTH ,2019-05-21 04:40:19,127
HOTH ,2019-05-21 05:40:18,127
HOTH ,2019-05-21 06:40:17,127
HOTH ,2019-05-21 07:40:19,127
HOTH ,2019-05-21 08:40:18,127
HOTH ,2019-05-21 09:40:17,127
HOTH ,2019-05-21 10:40:18,127
HOTH ,2019-05-21 11:40:18,127
HOTH ,2019-05-21 13:04:21,127
HOTH ,2019-05-21 13:40:18,127
HOTH ,2019-05-21 14:40:19,124
HOTH ,2019-05-21 15:40:17,123
HOTH ,2019-05-21 16:40:17,123
HOTH ,2019-05-21 17:40:18,122
HOTH ,2019-05-21 18:40:18,121
HOTH ,2019-05-21 19:40:18,121
HOTH ,2019-05-21 20:40:18,121
HOTH ,2019-05-21 21:40:18,121
HOTH ,2019-05-21 22:40:20,121
HOTH ,2019-05-21 23:40:18,121
HOTH ,2019-05-22 00:40:18,121
HOTH ,2019-05-22 01:40:18,121
HOTH ,2019-05-22 02:40:17,121
HOTH ,2019-05-22 03:40:18,121
HOTH ,2019-05-22 04:40:19,121
HOTH ,2019-05-22 05:40:19,121
HOTH ,2019-05-22 06:40:18,121
HOTH ,2019-05-22 07:40:18,121
HOTH ,2019-05-22 08:40:19,121
HOTH ,2019-05-22 09:40:21,121
HOTH ,2019-05-22 10:40:18,121
HOTH ,2019-05-22 11:40:19,121
HOTH ,2019-05-22 12:40:19,121
HOTH ,2019-05-22 13:40:19,121
HOTH ,2019-05-22 14:40:19,118
HOTH ,2019-05-22 15:40:21,118
HOTH ,2019-05-22 16:40:20,118
HOTH ,2019-05-22 17:40:18,117
HOTH ,2019-05-22 18:40:19,118
HOTH ,2019-05-22 19:40:19,117
HOTH ,2019-05-22 20:40:18,117
HOTH ,2019-05-22 21:40:20,117
HOTH ,2019-05-22 22:40:19,117
HOTH ,2019-05-22 23:40:19,117
HOTH ,2019-05-23 00:40:19,117
HOTH ,2019-05-23 01:40:19,117
HOTH ,2019-05-23 02:40:19,117
HOTH ,2019-05-23 03:40:19,117
HOTH ,2019-05-23 04:40:22,117
HOTH ,2019-05-23 05:40:19,117
HOTH ,2019-05-23 06:40:19,117
HOTH ,2019-05-23 07:40:19,117
HOTH ,2019-05-23 08:40:20,117
HOTH ,2019-05-23 09:40:19,117
HOTH ,2019-05-23 10:40:20,117
HOTH ,2019-05-23 11:40:19,117
HOTH ,2019-05-23 12:40:20,117
HOTH ,2019-05-23 13:40:19,116
HOTH ,2019-05-23 14:40:19,115
HOTH ,2019-05-23 15:40:19,115
HOTH ,2019-05-23 16:40:19,115
HOTH ,2019-05-23 17:40:19,115
HOTH ,2019-05-23 18:40:19,115
HOTH ,2019-05-23 19:40:20,115
HOTH ,2019-05-23 20:40:19,116
HOTH ,2019-05-23 21:40:19,116
HOTH ,2019-05-23 22:40:19,116
HOTH ,2019-05-23 23:40:19,116
HOTH ,2019-05-24 00:40:19,116
HOTH ,2019-05-24 01:40:19,116
HOTH ,2019-05-24 02:40:18,116
HOTH ,2019-05-24 03:40:19,116
HOTH ,2019-05-24 04:40:19,116
HOTH ,2019-05-24 05:40:21,116
HOTH ,2019-05-24 06:40:19,116
HOTH ,2019-05-24 07:40:18,116
HOTH ,2019-05-24 08:40:19,116
HOTH ,2019-05-24 09:40:20,116
HOTH ,2019-05-24 10:40:20,116
HOTH ,2019-05-24 11:40:19,116
HOTH ,2019-05-24 13:04:22,116
HOTH ,2019-05-24 13:40:19,116
HOTH ,2019-05-24 14:40:20,114
HOTH ,2019-05-24 15:40:19,114
HOTH ,2019-05-24 16:40:19,114
HOTH ,2019-05-24 17:40:20,113
HOTH ,2019-05-24 18:40:20,114
HOTH ,2019-05-24 19:40:20,114
HOTH ,2019-05-24 20:40:20,113
HOTH ,2019-05-24 21:40:20,113
HOTH ,2019-05-24 22:40:20,113
HOTH ,2019-05-24 23:40:21,113
HOTH ,2019-05-25 00:40:19,113
HOTH ,2019-05-25 01:40:19,113
HOTH ,2019-05-25 04:40:19,113
HOTH ,2019-05-26 04:40:20,113
HOTH ,2019-05-26 05:40:20,113
HOTH ,2019-05-26 06:40:19,113
HOTH ,2019-05-26 07:40:21,113
HOTH ,2019-05-26 08:40:19,113
HOTH ,2019-05-26 09:40:18,113
HOTH ,2019-05-26 10:40:19,113
HOTH ,2019-05-26 11:40:19,113
HOTH ,2019-05-26 12:40:19,113
HOTH ,2019-05-26 13:40:19,113
HOTH ,2019-05-26 14:40:19,113
HOTH ,2019-05-26 15:40:18,113
HOTH ,2019-05-26 16:40:19,113
HOTH ,2019-05-26 17:40:21,113
HOTH ,2019-05-26 18:40:19,113
HOTH ,2019-05-26 19:40:19,113
HOTH ,2019-05-26 20:40:19,113
HOTH ,2019-05-26 21:40:19,113
HOTH ,2019-05-26 22:40:19,113
HOTH ,2019-05-26 23:40:19,113
HOTH ,2019-05-27 00:40:19,113
HOTH ,2019-05-27 01:40:19,113
HOTH ,2019-05-27 02:40:18,113
HOTH ,2019-05-27 03:40:20,113
HOTH ,2019-05-27 04:40:20,113
HOTH ,2019-05-27 05:40:19,113
HOTH ,2019-05-27 06:40:19,113
HOTH ,2019-05-27 07:40:23,113
HOTH ,2019-05-27 08:40:21,113
HOTH ,2019-05-27 09:40:20,113
HOTH ,2019-05-27 10:40:19,113
HOTH ,2019-05-27 11:40:19,113
HOTH ,2019-05-27 12:40:19,113
HOTH ,2019-05-27 13:40:19,113
HOTH ,2019-05-27 14:40:20,113
HOTH ,2019-05-27 15:40:19,113
HOTH ,2019-05-27 16:40:19,113
HOTH ,2019-05-27 17:40:20,113
HOTH ,2019-05-27 18:40:19,113
HOTH ,2019-05-27 19:40:19,113
HOTH ,2019-05-27 20:40:18,113
HOTH ,2019-05-27 21:40:19,113
HOTH ,2019-05-27 22:40:18,113
HOTH ,2019-05-27 23:40:19,113
HOTH ,2019-05-28 00:40:19,113
HOTH ,2019-05-28 01:40:20,113
HOTH ,2019-05-28 02:40:20,113
HOTH ,2019-05-28 03:40:19,113
HOTH ,2019-05-28 04:40:19,113
HOTH ,2019-05-28 05:40:18,113
HOTH ,2019-05-28 06:40:23,113
HOTH ,2019-05-28 07:40:20,113
HOTH ,2019-05-28 08:40:20,113
HOTH ,2019-05-28 09:40:20,113
HOTH ,2019-05-28 10:40:19,113
HOTH ,2019-05-28 11:40:19,113
HOTH ,2019-05-28 12:40:19,113
HOTH ,2019-05-28 13:40:21,113
HOTH ,2019-05-28 14:40:20,114
HOTH ,2019-05-28 15:40:20,113
HOTH ,2019-05-28 16:40:20,113
HOTH ,2019-05-28 17:40:22,113
HOTH ,2019-05-28 18:40:20,113
HOTH ,2019-05-28 19:40:20,113
HOTH ,2019-05-28 20:40:20,113
HOTH ,2019-05-28 21:40:20,113
HOTH ,2019-05-28 22:40:19,113
HOTH ,2019-05-28 23:40:20,113
HOTH ,2019-05-29 00:40:20,113
HOTH ,2019-05-29 01:40:20,113
HOTH ,2019-05-29 02:40:20,113
HOTH ,2019-05-29 03:40:19,113
HOTH ,2019-05-29 04:40:20,113
HOTH ,2019-05-29 05:40:22,113
HOTH ,2019-05-29 06:40:21,113
HOTH ,2019-05-29 07:40:22,113
HOTH ,2019-05-29 08:40:20,113
HOTH ,2019-05-29 09:40:22,113
HOTH ,2019-05-29 10:40:20,113
HOTH ,2019-05-29 11:40:19,113
HOTH ,2019-05-29 13:03:23,113
HOTH ,2019-05-29 13:40:21,113
HOTH ,2019-05-29 14:40:22,112
HOTH ,2019-05-29 15:40:20,111
HOTH ,2019-05-29 16:40:21,111
HOTH ,2019-05-29 17:40:21,111
HOTH ,2019-05-29 18:40:21,111
HOTH ,2019-05-29 19:40:21,110
HOTH ,2019-05-29 20:40:20,110
HOTH ,2019-05-29 21:40:20,110
HOTH ,2019-05-29 22:40:20,110
HOTH ,2019-05-29 23:40:20,110
HOTH ,2019-05-30 00:40:20,110
HOTH ,2019-05-30 01:40:20,110
HOTH ,2019-05-30 02:40:21,110
HOTH ,2019-05-30 03:40:20,110
HOTH ,2019-05-30 04:40:20,110
HOTH ,2019-05-30 05:40:21,110
HOTH ,2019-05-30 06:40:20,110
HOTH ,2019-05-30 07:40:20,110
HOTH ,2019-05-30 08:40:21,110
HOTH ,2019-05-30 09:40:21,110
HOTH ,2019-05-30 10:40:20,110
HOTH ,2019-05-30 11:40:20,110
HOTH ,2019-05-30 12:40:22,110
HOTH ,2019-05-30 13:40:19,110
HOTH ,2019-05-30 14:40:21,108
HOTH ,2019-05-30 15:40:21,108
HOTH ,2019-05-30 16:40:19,107
HOTH ,2019-05-30 17:40:20,108
HOTH ,2019-05-30 18:40:21,106
HOTH ,2019-05-30 19:40:20,106
HOTH ,2019-05-30 20:40:19,104
HOTH ,2019-05-30 21:40:20,102
HOTH ,2019-05-30 22:40:21,102
HOTH ,2019-05-30 23:40:20,102
HOTH ,2019-05-31 00:40:19,102
HOTH ,2019-05-31 01:40:20,102
HOTH ,2019-05-31 02:40:20,102
HOTH ,2019-05-31 03:40:19,102
HOTH ,2019-05-31 04:40:19,102
HOTH ,2019-05-31 05:40:20,102
HOTH ,2019-05-31 06:40:21,102
HOTH ,2019-05-31 07:40:19,102
HOTH ,2019-05-31 08:40:20,102
HOTH ,2019-05-31 09:40:21,102
HOTH ,2019-05-31 10:40:20,102
HOTH ,2019-05-31 11:40:20,102
HOTH ,2019-05-31 12:41:05,102
HOTH ,2019-05-31 13:40:20,102
HOTH ,2019-05-31 14:40:20,101
HOTH ,2019-05-31 15:40:21,103
HOTH ,2019-05-31 16:40:19,106
HOTH ,2019-05-31 17:40:23,107
HOTH ,2019-05-31 18:40:20,108
HOTH ,2019-05-31 19:40:20,108
HOTH ,2019-05-31 20:40:20,108
HOTH ,2019-05-31 21:40:20,108
HOTH ,2019-05-31 22:40:19,108
HOTH ,2019-05-31 23:40:20,108
HOTH ,2019-06-01 00:40:20,108
HOTH ,2019-06-01 01:40:20,108
HOTH ,2019-06-01 02:40:20,108
HOTH ,2019-06-01 03:40:20,108
HOTH ,2019-06-01 04:40:20,108
HOTH ,2019-06-01 05:40:20,108
HOTH ,2019-06-01 06:40:22,108
HOTH ,2019-06-01 07:40:20,108
HOTH ,2019-06-01 08:40:20,108
HOTH ,2019-06-01 09:40:20,108
HOTH ,2019-06-01 10:40:20,108
HOTH ,2019-06-01 11:40:20,108
HOTH ,2019-06-01 12:40:20,108
HOTH ,2019-06-01 13:40:20,108
HOTH ,2019-06-01 14:40:20,108
HOTH ,2019-06-01 15:40:21,108
HOTH ,2019-06-01 16:40:20,108
HOTH ,2019-06-01 17:40:20,108
HOTH ,2019-06-01 18:40:20,108
HOTH ,2019-06-01 19:40:21,108
HOTH ,2019-06-01 20:40:20,108
HOTH ,2019-06-01 21:40:20,108
HOTH ,2019-06-01 22:40:20,108
HOTH ,2019-06-01 23:40:20,108
HOTH ,2019-06-02 00:40:21,108
HOTH ,2019-06-02 01:40:22,108
HOTH ,2019-06-02 02:40:21,108
HOTH ,2019-06-02 03:40:20,108
HOTH ,2019-06-02 04:40:20,108
HOTH ,2019-06-02 05:40:22,108
HOTH ,2019-06-02 06:40:20,108
HOTH ,2019-06-02 07:40:20,108
HOTH ,2019-06-02 08:40:20,108
HOTH ,2019-06-02 09:40:20,108
HOTH ,2019-06-02 10:40:20,108
HOTH ,2019-06-02 11:40:20,108
HOTH ,2019-06-02 12:40:22,108
HOTH ,2019-06-02 13:40:21,108
HOTH ,2019-06-02 14:40:21,108
HOTH ,2019-06-02 15:40:19,108
HOTH ,2019-06-02 16:40:20,108
HOTH ,2019-06-02 17:40:21,108
HOTH ,2019-06-02 18:40:20,108
HOTH ,2019-06-02 19:40:20,108
HOTH ,2019-06-02 20:40:20,108
HOTH ,2019-06-02 21:40:20,108
HOTH ,2019-06-02 22:40:20,108
HOTH ,2019-06-02 23:40:19,108
HOTH ,2019-06-03 00:40:20,108
HOTH ,2019-06-03 01:40:21,108
HOTH ,2019-06-03 02:40:20,108
HOTH ,2019-06-03 03:40:20,108
HOTH ,2019-06-03 04:40:20,108
HOTH ,2019-06-03 05:40:20,108
HOTH ,2019-06-03 06:40:20,108
HOTH ,2019-06-03 07:40:20,108
HOTH ,2019-06-03 08:40:22,108
HOTH ,2019-06-03 09:40:20,108
HOTH ,2019-06-03 10:40:21,108
HOTH ,2019-06-03 11:40:21,108
HOTH ,2019-06-03 12:40:21,108
HOTH ,2019-06-03 13:40:22,108
HOTH ,2019-06-03 14:40:22,110
HOTH ,2019-06-03 15:40:21,110
HOTH ,2019-06-03 16:40:21,111
HOTH ,2019-06-03 17:40:21,111
HOTH ,2019-06-03 18:40:23,110
HOTH ,2019-06-03 19:40:22,107
HOTH ,2019-06-03 20:40:21,105
HOTH ,2019-06-03 21:40:22,105
HOTH ,2019-06-03 22:40:22,105
HOTH ,2019-06-03 23:40:24,105
HOTH ,2019-06-04 00:40:21,105
HOTH ,2019-06-04 01:40:21,105
HOTH ,2019-06-04 02:40:21,105
HOTH ,2019-06-04 03:40:21,105
HOTH ,2019-06-04 04:40:21,105
HOTH ,2019-06-04 05:40:21,105
HOTH ,2019-06-04 06:40:21,105
HOTH ,2019-06-04 07:40:21,105
HOTH ,2019-06-04 08:40:23,105
HOTH ,2019-06-04 09:40:21,105
HOTH ,2019-06-04 10:40:22,105
HOTH ,2019-06-04 11:40:21,105
HOTH ,2019-06-04 13:02:54,105
HOTH ,2019-06-04 13:40:21,105
HOTH ,2019-06-04 14:40:23,103
HOTH ,2019-06-04 15:40:22,102
HOTH ,2019-06-04 16:40:21,101
HOTH ,2019-06-04 17:40:21,100
HOTH ,2019-06-04 18:40:22,99
HOTH ,2019-06-04 19:40:21,96
HOTH ,2019-06-04 20:40:21,96
HOTH ,2019-06-04 21:40:20,96
HOTH ,2019-06-04 22:40:21,96
HOTH ,2019-06-04 23:40:23,96
HOTH ,2019-06-05 00:40:20,96
HOTH ,2019-06-05 01:40:22,96
HOTH ,2019-06-05 02:40:23,96
HOTH ,2019-06-05 03:40:22,96
HOTH ,2019-06-05 04:40:24,96
HOTH ,2019-06-05 05:40:21,96
HOTH ,2019-06-05 06:40:22,96
HOTH ,2019-06-05 07:40:22,96
HOTH ,2019-06-05 08:40:24,96
HOTH ,2019-06-05 09:40:21,96
HOTH ,2019-06-05 10:40:21,96
HOTH ,2019-06-05 11:40:23,96
HOTH ,2019-06-05 13:04:24,96
HOTH ,2019-06-05 13:40:20,96
HOTH ,2019-06-05 14:40:21,98
HOTH ,2019-06-05 15:40:21,99
HOTH ,2019-06-05 16:40:21,98
HOTH ,2019-06-05 17:40:22,99
HOTH ,2019-06-05 18:40:22,98
HOTH ,2019-06-05 19:40:23,101
HOTH ,2019-06-05 20:40:21,103
HOTH ,2019-06-05 21:40:21,103
HOTH ,2019-06-05 22:40:21,103
HOTH ,2019-06-05 23:40:21,103
HOTH ,2019-06-06 00:40:21,103
HOTH ,2019-06-06 01:40:20,103
HOTH ,2019-06-06 02:40:21,103
HOTH ,2019-06-06 03:40:21,103
HOTH ,2019-06-06 04:40:24,103
HOTH ,2019-06-06 05:40:21,103
HOTH ,2019-06-06 06:40:22,103
HOTH ,2019-06-06 07:40:21,103
HOTH ,2019-06-06 08:40:22,103
HOTH ,2019-06-06 09:40:22,103
HOTH ,2019-06-06 10:40:25,103
HOTH ,2019-06-06 11:40:21,103
HOTH ,2019-06-06 13:04:25,103
HOTH ,2019-06-06 13:40:22,103
HOTH ,2019-06-06 14:40:23,118
HOTH ,2019-06-06 15:40:24,118
HOTH ,2019-06-06 16:40:23,116
HOTH ,2019-06-06 17:40:24,123
HOTH ,2019-06-06 18:40:23,123
HOTH ,2019-06-06 19:40:24,126
HOTH ,2019-06-06 20:40:21,127
HOTH ,2019-06-06 21:40:22,127
HOTH ,2019-06-06 22:40:22,127
HOTH ,2019-06-06 23:40:22,127
HOTH ,2019-06-07 00:40:23,127
HOTH ,2019-06-07 01:40:23,127
HOTH ,2019-06-07 02:40:22,127
HOTH ,2019-06-07 03:40:23,127
HOTH ,2019-06-07 04:40:24,127
HOTH ,2019-06-07 05:40:22,127
HOTH ,2019-06-07 06:40:23,127
HOTH ,2019-06-07 07:40:23,127
HOTH ,2019-06-07 08:40:23,127
HOTH ,2019-06-07 09:40:23,127
HOTH ,2019-06-07 10:40:23,127
HOTH ,2019-06-07 11:40:22,127
HOTH ,2019-06-07 13:04:27,127
HOTH ,2019-06-07 13:40:24,127
HOTH ,2019-06-07 14:40:23,124
HOTH ,2019-06-07 15:40:23,123
HOTH ,2019-06-07 16:40:23,122
HOTH ,2019-06-07 17:40:23,124
HOTH ,2019-06-07 18:40:22,127
HOTH ,2019-06-07 19:40:23,127
HOTH ,2019-06-07 20:40:23,126
HOTH ,2019-06-07 21:40:23,126
HOTH ,2019-06-07 22:40:22,126
HOTH ,2019-06-07 23:40:23,126
HOTH ,2019-06-08 00:40:22,126
HOTH ,2019-06-08 01:40:24,126
HOTH ,2019-06-08 02:40:24,126
HOTH ,2019-06-08 03:40:24,126
HOTH ,2019-06-08 04:40:22,126
HOTH ,2019-06-08 05:40:27,126
HOTH ,2019-06-08 06:40:24,126
HOTH ,2019-06-08 07:40:24,126
HOTH ,2019-06-08 08:40:23,126
HOTH ,2019-06-08 09:40:23,126
HOTH ,2019-06-08 10:40:21,126
HOTH ,2019-06-08 11:40:24,126
HOTH ,2019-06-08 12:40:23,126
HOTH ,2019-06-08 13:40:22,126
HOTH ,2019-06-08 14:40:21,126
HOTH ,2019-06-08 15:40:23,126
HOTH ,2019-06-08 16:40:23,126
HOTH ,2019-06-08 17:40:23,126
HOTH ,2019-06-08 18:40:23,126
HOTH ,2019-06-08 19:40:22,126
HOTH ,2019-06-08 20:40:23,126
HOTH ,2019-06-08 21:40:22,126
HOTH ,2019-06-08 22:40:23,126
HOTH ,2019-06-08 23:40:24,126
HOTH ,2019-06-09 00:40:22,126
HOTH ,2019-06-09 01:40:23,126
HOTH ,2019-06-09 02:40:25,126
HOTH ,2019-06-09 03:40:26,126
HOTH ,2019-06-09 04:40:22,126
HOTH ,2019-06-09 05:40:25,126
HOTH ,2019-06-09 06:40:22,126
HOTH ,2019-06-09 07:40:24,126
HOTH ,2019-06-09 08:40:22,126
HOTH ,2019-06-09 09:40:24,126
HOTH ,2019-06-09 10:40:22,126
HOTH ,2019-06-09 11:40:23,126
HOTH ,2019-06-09 12:40:23,126
HOTH ,2019-06-09 13:40:23,126
HOTH ,2019-06-09 14:40:21,126
HOTH ,2019-06-09 15:40:24,126
HOTH ,2019-06-09 16:40:22,126
HOTH ,2019-06-09 17:40:23,126
HOTH ,2019-06-09 18:40:22,126
HOTH ,2019-06-09 19:40:22,126
HOTH ,2019-06-09 20:40:23,126
HOTH ,2019-06-09 21:40:22,126
HOTH ,2019-06-09 22:40:24,126
HOTH ,2019-06-09 23:40:23,126
HOTH ,2019-06-10 00:40:23,126
HOTH ,2019-06-10 01:40:24,126
HOTH ,2019-06-10 02:40:23,126
HOTH ,2019-06-10 03:40:23,126
HOTH ,2019-06-10 04:40:23,126
HOTH ,2019-06-10 05:40:24,126
HOTH ,2019-06-10 06:40:22,126
HOTH ,2019-06-10 07:40:24,126
HOTH ,2019-06-10 08:40:23,126
HOTH ,2019-06-10 09:40:23,126
HOTH ,2019-06-10 10:40:25,126
HOTH ,2019-06-10 11:40:23,126
HOTH ,2019-06-10 12:40:26,126
HOTH ,2019-06-10 13:40:24,126
HOTH ,2019-06-10 14:40:23,135
HOTH ,2019-06-10 15:40:24,138
HOTH ,2019-06-10 16:40:26,139
HOTH ,2019-06-10 17:40:23,145
HOTH ,2019-06-10 18:40:25,142
HOTH ,2019-06-10 19:40:25,141
HOTH ,2019-06-10 20:40:24,139
HOTH ,2019-06-10 21:40:23,139
HOTH ,2019-06-10 22:40:23,139
HOTH ,2019-06-10 23:40:23,139
HOTH ,2019-06-11 00:40:24,139
HOTH ,2019-06-11 01:40:26,139
HOTH ,2019-06-11 02:40:25,139
HOTH ,2019-06-11 03:40:24,139
HOTH ,2019-06-11 04:40:24,139
HOTH ,2019-06-11 05:40:24,139
HOTH ,2019-06-11 06:40:24,139
HOTH ,2019-06-11 07:40:23,139
HOTH ,2019-06-11 08:40:22,139
HOTH ,2019-06-11 09:40:24,139
HOTH ,2019-06-11 10:40:23,139
HOTH ,2019-06-11 11:40:23,139
HOTH ,2019-06-11 13:03:57,139
HOTH ,2019-06-11 13:40:24,139
HOTH ,2019-06-11 14:40:23,132
HOTH ,2019-06-11 15:40:23,134
HOTH ,2019-06-11 16:40:25,134
HOTH ,2019-06-11 17:40:24,127
HOTH ,2019-06-11 18:40:26,129
HOTH ,2019-06-11 19:40:23,130
HOTH ,2019-06-11 20:40:24,127
HOTH ,2019-06-11 21:40:23,127
HOTH ,2019-06-11 22:40:23,127
HOTH ,2019-06-11 23:40:23,127
HOTH ,2019-06-12 00:40:25,127
HOTH ,2019-06-12 01:40:23,127
HOTH ,2019-06-12 02:40:24,127
HOTH ,2019-06-12 03:40:27,127
HOTH ,2019-06-12 04:40:25,127
HOTH ,2019-06-12 05:40:25,127
HOTH ,2019-06-12 06:40:25,127
HOTH ,2019-06-12 07:40:25,127
HOTH ,2019-06-12 08:40:24,127
HOTH ,2019-06-12 09:40:28,127
HOTH ,2019-06-12 10:40:25,127
HOTH ,2019-06-12 11:40:24,127
HOTH ,2019-06-12 13:03:28,127
HOTH ,2019-06-12 13:40:24,127
HOTH ,2019-06-12 14:40:24,127
HOTH ,2019-06-12 15:40:25,127
HOTH ,2019-06-12 16:40:24,126
HOTH ,2019-06-12 17:40:23,127
HOTH ,2019-06-12 18:40:24,126
HOTH ,2019-06-12 19:40:24,127
HOTH ,2019-06-12 20:40:24,127
HOTH ,2019-06-12 21:40:24,127
HOTH ,2019-06-12 22:40:24,127
HOTH ,2019-06-12 23:40:24,127
HOTH ,2019-06-13 00:40:25,127
HOTH ,2019-06-13 01:40:24,127
HOTH ,2019-06-13 02:40:24,127
HOTH ,2019-06-13 03:40:24,127
HOTH ,2019-06-13 04:40:26,127
HOTH ,2019-06-13 05:40:25,127
HOTH ,2019-06-13 06:40:23,127
HOTH ,2019-06-13 07:40:24,127
HOTH ,2019-06-13 08:40:23,127
HOTH ,2019-06-13 09:40:24,127
HOTH ,2019-06-13 10:40:24,127
HOTH ,2019-06-13 11:40:23,127
HOTH ,2019-06-13 13:04:27,127
HOTH ,2019-06-13 13:40:27,127
HOTH ,2019-06-13 14:40:26,124
HOTH ,2019-06-13 15:40:27,123
HOTH ,2019-06-13 16:40:25,123
HOTH ,2019-06-13 17:40:24,123
HOTH ,2019-06-13 18:40:25,122
HOTH ,2019-06-13 19:40:25,122
HOTH ,2019-06-13 20:40:23,122
HOTH ,2019-06-13 21:40:25,122
HOTH ,2019-06-13 22:40:24,122
HOTH ,2019-06-13 23:40:26,122
HOTH ,2019-06-14 00:40:26,122
HOTH ,2019-06-14 01:40:25,122
HOTH ,2019-06-14 02:40:26,122
HOTH ,2019-06-14 03:40:24,122
HOTH ,2019-06-14 04:40:25,122
HOTH ,2019-06-14 05:40:25,122
HOTH ,2019-06-14 06:40:29,122
HOTH ,2019-06-14 07:40:26,122
HOTH ,2019-06-14 08:40:26,122
HOTH ,2019-06-14 09:40:24,122
HOTH ,2019-06-14 10:40:25,122
HOTH ,2019-06-14 11:40:25,122
HOTH ,2019-06-14 12:40:26,122
HOTH ,2019-06-14 13:40:25,122
HOTH ,2019-06-14 14:40:26,123
HOTH ,2019-06-14 15:40:27,123
HOTH ,2019-06-14 16:40:27,122
HOTH ,2019-06-14 17:40:25,121
HOTH ,2019-06-14 18:40:25,122
HOTH ,2019-06-14 19:40:25,122
HOTH ,2019-06-14 20:40:25,124
HOTH ,2019-06-14 21:40:26,124
HOTH ,2019-06-14 22:40:25,124
HOTH ,2019-06-14 23:40:26,124
HOTH ,2019-06-15 00:40:25,124
HOTH ,2019-06-15 01:40:27,124
HOTH ,2019-06-15 02:40:25,124
HOTH ,2019-06-15 03:40:26,124
HOTH ,2019-06-15 04:40:26,124
HOTH ,2019-06-15 05:40:27,124
HOTH ,2019-06-15 06:40:24,124
HOTH ,2019-06-15 07:40:25,124
HOTH ,2019-06-15 08:40:25,124
HOTH ,2019-06-15 09:40:27,124
HOTH ,2019-06-15 10:40:25,124
HOTH ,2019-06-15 11:40:25,124
HOTH ,2019-06-15 12:40:26,124
HOTH ,2019-06-15 13:40:25,124
HOTH ,2019-06-15 14:40:26,124
HOTH ,2019-06-15 15:40:25,124
HOTH ,2019-06-15 16:40:25,124
HOTH ,2019-06-15 17:40:24,124
HOTH ,2019-06-15 18:40:25,124
HOTH ,2019-06-15 19:40:25,124
HOTH ,2019-06-15 20:40:26,124
HOTH ,2019-06-15 21:40:28,124
HOTH ,2019-06-15 22:40:26,124
HOTH ,2019-06-15 23:40:25,124
HOTH ,2019-06-16 00:40:24,124
HOTH ,2019-06-16 01:40:26,124
HOTH ,2019-06-16 02:40:27,124
HOTH ,2019-06-16 03:40:25,124
HOTH ,2019-06-16 04:40:26,124
HOTH ,2019-06-16 05:40:26,124
HOTH ,2019-06-16 06:40:27,124
HOTH ,2019-06-16 07:40:26,124
HOTH ,2019-06-16 08:40:26,124
HOTH ,2019-06-16 09:40:25,124
HOTH ,2019-06-16 10:40:24,124
HOTH ,2019-06-16 11:40:25,124
HOTH ,2019-06-16 12:40:26,124
HOTH ,2019-06-16 13:40:25,124
HOTH ,2019-06-16 14:40:26,124
HOTH ,2019-06-16 15:40:25,124
HOTH ,2019-06-16 16:40:25,124
HOTH ,2019-06-16 17:40:26,124
HOTH ,2019-06-16 18:40:27,124
HOTH ,2019-06-16 19:40:25,124
HOTH ,2019-06-16 20:40:26,124
HOTH ,2019-06-16 21:40:26,124
HOTH ,2019-06-16 22:40:24,124
HOTH ,2019-06-16 23:40:25,124
HOTH ,2019-06-17 00:40:25,124
HOTH ,2019-06-17 01:40:25,124
HOTH ,2019-06-17 02:40:27,124
HOTH ,2019-06-17 03:40:26,124
HOTH ,2019-06-17 04:40:26,124
HOTH ,2019-06-17 05:40:26,124
HOTH ,2019-06-17 06:40:26,124
HOTH ,2019-06-17 07:40:25,124
HOTH ,2019-06-17 08:40:25,124
HOTH ,2019-06-17 09:40:24,124
HOTH ,2019-06-17 10:40:27,124
HOTH ,2019-06-17 11:40:27,124
HOTH ,2019-06-17 13:04:58,124
HOTH ,2019-06-17 13:40:25,124
HOTH ,2019-06-17 14:40:25,123
HOTH ,2019-06-17 15:40:26,122
HOTH ,2019-06-17 16:40:28,122
HOTH ,2019-06-17 17:40:27,122
HOTH ,2019-06-17 18:40:27,121
HOTH ,2019-06-17 19:40:25,123
HOTH ,2019-06-17 20:40:26,123
HOTH ,2019-06-17 21:40:25,123
HOTH ,2019-06-17 22:40:27,123
HOTH ,2019-06-17 23:40:25,123
HOTH ,2019-06-18 00:40:24,123
HOTH ,2019-06-18 01:40:25,123
HOTH ,2019-06-18 02:40:31,123
HOTH ,2019-06-18 03:40:27,123
HOTH ,2019-06-18 04:40:26,123
HOTH ,2019-06-18 05:40:27,123
HOTH ,2019-06-18 06:40:26,123
HOTH ,2019-06-18 07:40:27,123
HOTH ,2019-06-18 08:40:29,123
HOTH ,2019-06-18 09:40:24,123
HOTH ,2019-06-18 10:40:25,123
HOTH ,2019-06-18 11:40:25,123
HOTH ,2019-06-18 13:02:59,123
HOTH ,2019-06-18 13:40:25,123
HOTH ,2019-06-18 14:40:25,123
HOTH ,2019-06-18 15:40:25,121
HOTH ,2019-06-18 16:40:25,121
HOTH ,2019-06-18 17:40:25,121
HOTH ,2019-06-18 18:40:27,121
HOTH ,2019-06-18 19:40:27,121
HOTH ,2019-06-18 20:40:25,121
HOTH ,2019-06-18 21:40:24,121
HOTH ,2019-06-18 22:40:26,121
HOTH ,2019-06-18 23:40:26,121
HOTH ,2019-06-19 00:40:25,121
HOTH ,2019-06-19 01:40:26,121
HOTH ,2019-06-19 02:40:26,121
HOTH ,2019-06-19 03:40:26,121
HOTH ,2019-06-19 04:40:25,121
HOTH ,2019-06-19 05:40:28,121
HOTH ,2019-06-19 06:40:33,121
HOTH ,2019-06-19 07:40:27,121
HOTH ,2019-06-19 08:40:27,121
HOTH ,2019-06-19 09:40:26,121
HOTH ,2019-06-19 10:40:25,121
HOTH ,2019-06-19 11:40:25,121
HOTH ,2019-06-19 13:03:00,121
HOTH ,2019-06-19 13:40:25,121
HOTH ,2019-06-19 14:40:25,120
HOTH ,2019-06-19 15:40:26,120
HOTH ,2019-06-19 16:40:32,120
HOTH ,2019-06-19 17:40:27,120
HOTH ,2019-06-19 18:40:25,120
HOTH ,2019-06-19 19:40:26,118
HOTH ,2019-06-19 20:40:26,117
HOTH ,2019-06-19 21:40:26,117
HOTH ,2019-06-19 22:40:25,117
HOTH ,2019-06-19 23:40:25,117
HOTH ,2019-06-20 00:40:26,117
HOTH ,2019-06-20 01:40:25,117
HOTH ,2019-06-20 02:40:25,117
HOTH ,2019-06-20 03:40:26,117
HOTH ,2019-06-20 04:40:27,117
HOTH ,2019-06-20 05:40:24,117
HOTH ,2019-06-20 06:40:25,117
HOTH ,2019-06-20 07:40:26,117
HOTH ,2019-06-20 08:40:26,117
HOTH ,2019-06-20 09:40:27,117
HOTH ,2019-06-20 10:40:26,117
HOTH ,2019-06-20 11:40:24,117
HOTH ,2019-06-20 13:04:38,117
HOTH ,2019-06-20 13:40:28,117
HOTH ,2019-06-20 14:40:28,119
HOTH ,2019-06-20 15:40:27,123
HOTH ,2019-06-20 16:40:27,122
HOTH ,2019-06-20 17:40:28,121
HOTH ,2019-06-20 18:40:26,120
HOTH ,2019-06-20 19:40:26,121
HOTH ,2019-06-20 20:40:31,121
HOTH ,2019-06-20 21:40:27,122
HOTH ,2019-06-20 22:40:27,122
HOTH ,2019-06-20 23:40:28,122
HOTH ,2019-06-21 00:40:27,122
HOTH ,2019-06-21 01:40:27,122
HOTH ,2019-06-21 02:40:27,122
HOTH ,2019-06-21 03:40:27,122
HOTH ,2019-06-21 04:40:27,122
HOTH ,2019-06-21 05:40:27,122
HOTH ,2019-06-21 06:40:27,122
HOTH ,2019-06-21 07:40:28,122
HOTH ,2019-06-21 08:40:26,122
HOTH ,2019-06-21 09:40:27,122
HOTH ,2019-06-21 10:40:26,122
HOTH ,2019-06-21 11:40:26,122
HOTH ,2019-06-21 12:40:27,122
HOTH ,2019-06-21 13:40:28,122
HOTH ,2019-06-21 14:40:27,124
HOTH ,2019-06-21 15:40:26,122
HOTH ,2019-06-21 16:40:27,121
HOTH ,2019-06-21 17:40:26,121
HOTH ,2019-06-21 18:40:27,121
HOTH ,2019-06-21 19:40:26,121
HOTH ,2019-06-21 20:40:25,122
HOTH ,2019-06-21 21:40:27,122
HOTH ,2019-06-21 22:40:27,122
HOTH ,2019-06-21 23:40:26,122
HOTH ,2019-06-22 00:40:27,122
HOTH ,2019-06-22 01:40:28,122
HOTH ,2019-06-22 02:40:27,122
HOTH ,2019-06-22 03:40:26,122
HOTH ,2019-06-22 04:40:25,122
HOTH ,2019-06-22 05:40:27,122
HOTH ,2019-06-22 06:40:29,122
HOTH ,2019-06-22 07:40:27,122
HOTH ,2019-06-22 08:40:27,122
HOTH ,2019-06-22 09:40:28,122
HOTH ,2019-06-22 10:40:28,122
HOTH ,2019-06-22 11:40:26,122
HOTH ,2019-06-22 12:40:30,122
HOTH ,2019-06-22 13:40:27,122
HOTH ,2019-06-22 14:40:28,122
HOTH ,2019-06-22 15:40:34,122
HOTH ,2019-06-22 16:40:33,122
HOTH ,2019-06-22 17:40:26,122
HOTH ,2019-06-22 18:40:30,122
HOTH ,2019-06-22 19:40:27,122
HOTH ,2019-06-22 20:40:27,122
HOTH ,2019-06-22 21:40:26,122
HOTH ,2019-06-22 22:40:31,122
HOTH ,2019-06-22 23:40:28,122
HOTH ,2019-06-23 00:40:38,122
HOTH ,2019-06-23 01:40:28,122
HOTH ,2019-06-23 02:40:28,122
HOTH ,2019-06-23 03:40:28,122
HOTH ,2019-06-23 04:40:27,122
HOTH ,2019-06-23 05:40:27,122
HOTH ,2019-06-23 06:40:28,122
HOTH ,2019-06-23 07:40:26,122
HOTH ,2019-06-23 08:40:26,122
HOTH ,2019-06-23 09:40:27,122
HOTH ,2019-06-23 10:40:27,122
HOTH ,2019-06-23 11:40:27,122
HOTH ,2019-06-23 12:40:26,122
HOTH ,2019-06-23 13:40:28,122
HOTH ,2019-06-23 14:40:26,122
HOTH ,2019-06-23 15:40:26,122
HOTH ,2019-06-23 16:40:28,122
HOTH ,2019-06-23 17:40:27,122
HOTH ,2019-06-23 18:40:25,122
HOTH ,2019-06-23 19:40:26,122
HOTH ,2019-06-23 20:40:28,122
HOTH ,2019-06-23 21:40:26,122
HOTH ,2019-06-23 22:40:27,122
HOTH ,2019-06-23 23:40:26,122
HOTH ,2019-06-24 00:40:27,122
HOTH ,2019-06-24 01:40:27,122
HOTH ,2019-06-24 02:40:27,122
HOTH ,2019-06-24 03:40:28,122
HOTH ,2019-06-24 04:40:26,122
HOTH ,2019-06-24 05:40:28,122
HOTH ,2019-06-24 06:40:29,122
HOTH ,2019-06-24 07:40:27,122
HOTH ,2019-06-24 08:40:26,122
HOTH ,2019-06-24 09:40:29,122
HOTH ,2019-06-24 10:40:26,122
HOTH ,2019-06-24 11:40:30,122
HOTH ,2019-06-24 12:40:29,122
HOTH ,2019-06-24 13:40:26,122
HOTH ,2019-06-24 14:40:27,123
HOTH ,2019-06-24 15:40:27,122
HOTH ,2019-06-24 16:40:29,122
HOTH ,2019-06-24 17:40:27,122
HOTH ,2019-06-24 18:40:28,123
HOTH ,2019-06-24 19:40:28,124
HOTH ,2019-06-24 20:40:27,124
HOTH ,2019-06-24 21:40:28,124
HOTH ,2019-06-24 22:40:26,124
HOTH ,2019-06-24 23:40:27,124
HOTH ,2019-06-25 00:40:26,124
HOTH ,2019-06-25 01:40:26,124
HOTH ,2019-06-25 02:40:27,124
HOTH ,2019-06-25 03:40:27,124
HOTH ,2019-06-25 04:40:26,124
HOTH ,2019-06-25 05:40:27,124
HOTH ,2019-06-25 06:40:27,124
HOTH ,2019-06-25 07:40:27,124
HOTH ,2019-06-25 08:40:27,124
HOTH ,2019-06-25 09:40:30,124
HOTH ,2019-06-25 10:40:26,124
HOTH ,2019-06-25 11:40:25,124
HOTH ,2019-06-25 13:03:59,124
HOTH ,2019-06-25 13:40:27,124
HOTH ,2019-06-25 14:40:27,122
HOTH ,2019-06-25 15:40:26,124
HOTH ,2019-06-25 16:40:27,124
HOTH ,2019-06-25 17:40:29,124
HOTH ,2019-06-25 18:40:29,125
HOTH ,2019-06-25 19:40:26,125
HOTH ,2019-06-25 20:40:27,125
HOTH ,2019-06-25 21:40:25,125
HOTH ,2019-06-25 22:40:25,125
HOTH ,2019-06-25 23:40:29,125
HOTH ,2019-06-26 00:40:26,125
HOTH ,2019-06-26 01:40:27,125
HOTH ,2019-06-26 02:40:26,125
HOTH ,2019-06-26 03:40:35,125
HOTH ,2019-06-26 04:40:28,125
HOTH ,2019-06-26 05:40:27,125
HOTH ,2019-06-26 06:40:27,125
HOTH ,2019-06-26 07:40:27,125
HOTH ,2019-06-26 08:40:26,125
HOTH ,2019-06-26 09:40:25,125
HOTH ,2019-06-26 10:40:26,125
HOTH ,2019-06-26 11:40:26,125
HOTH ,2019-06-26 13:02:59,125
HOTH ,2019-06-26 13:40:28,125
HOTH ,2019-06-26 14:40:27,123
HOTH ,2019-06-26 15:40:27,124
HOTH ,2019-06-26 16:40:28,125
HOTH ,2019-06-26 17:40:26,125
HOTH ,2019-06-26 18:40:27,125
HOTH ,2019-06-26 19:40:26,124
HOTH ,2019-06-26 20:40:25,124
HOTH ,2019-06-26 21:40:26,122
HOTH ,2019-06-26 22:40:27,122
HOTH ,2019-06-26 23:40:26,122
HOTH ,2019-06-27 00:40:27,122
HOTH ,2019-06-27 01:40:26,122
HOTH ,2019-06-27 02:40:27,122
HOTH ,2019-06-27 03:40:25,122
HOTH ,2019-06-27 04:40:26,122
HOTH ,2019-06-27 05:40:26,122
HOTH ,2019-06-27 06:40:27,122
HOTH ,2019-06-27 07:40:25,122
HOTH ,2019-06-27 08:40:26,122
HOTH ,2019-06-27 09:40:26,122
HOTH ,2019-06-27 10:40:26,122
HOTH ,2019-06-27 11:40:25,122
HOTH ,2019-06-27 13:02:59,122
HOTH ,2019-06-27 13:40:25,122
HOTH ,2019-06-27 14:40:26,122
HOTH ,2019-06-27 15:40:26,123
HOTH ,2019-06-27 16:40:25,120
HOTH ,2019-06-27 17:40:26,120
HOTH ,2019-06-27 18:40:26,119
HOTH ,2019-06-27 19:40:25,119
HOTH ,2019-06-27 20:40:26,119
HOTH ,2019-06-27 21:40:28,119
HOTH ,2019-06-27 22:40:25,119
HOTH ,2019-06-27 23:40:38,119
HOTH ,2019-06-28 00:40:26,119
HOTH ,2019-06-28 01:40:26,119
HOTH ,2019-06-28 02:40:26,119
HOTH ,2019-06-28 03:40:28,119
HOTH ,2019-06-28 04:40:30,119
HOTH ,2019-06-28 05:40:27,119
HOTH ,2019-06-28 06:40:25,119
HOTH ,2019-06-28 07:40:25,119
HOTH ,2019-06-28 08:40:25,119
HOTH ,2019-06-28 09:40:25,119
HOTH ,2019-06-28 10:40:25,119
HOTH ,2019-06-28 11:40:26,119
HOTH ,2019-06-28 13:04:00,119
HOTH ,2019-06-28 13:40:26,119
HOTH ,2019-06-28 14:40:26,118
HOTH ,2019-06-28 15:40:27,116
HOTH ,2019-06-28 16:40:27,117
HOTH ,2019-06-28 17:40:26,117
HOTH ,2019-06-28 18:40:26,117
HOTH ,2019-06-28 19:40:26,116
HOTH ,2019-06-28 20:40:26,116
HOTH ,2019-06-28 21:40:28,116
HOTH ,2019-06-28 22:40:27,116
HOTH ,2019-06-28 23:40:26,116
HOTH ,2019-06-29 00:40:27,116
HOTH ,2019-06-29 01:40:30,116
HOTH ,2019-06-29 02:40:27,116
HOTH ,2019-06-29 03:40:26,116
HOTH ,2019-06-29 04:40:27,116
HOTH ,2019-06-29 05:40:27,116
HOTH ,2019-06-29 06:40:26,116
HOTH ,2019-06-29 07:40:27,116
HOTH ,2019-06-29 08:40:27,116
HOTH ,2019-06-29 09:40:27,116
HOTH ,2019-06-29 10:40:27,116
HOTH ,2019-06-29 11:40:30,116
HOTH ,2019-06-29 12:40:28,116
HOTH ,2019-06-29 13:40:27,116
HOTH ,2019-06-29 14:40:28,116
HOTH ,2019-06-29 15:40:28,116
HOTH ,2019-06-29 16:40:29,116
HOTH ,2019-06-29 17:40:27,116
HOTH ,2019-06-29 18:40:27,116
HOTH ,2019-06-29 19:40:28,116
HOTH ,2019-06-29 20:40:28,116
HOTH ,2019-06-29 21:40:27,116
HOTH ,2019-06-29 22:40:26,116
HOTH ,2019-06-29 23:40:27,116
HOTH ,2019-06-30 00:40:27,116
HOTH ,2019-06-30 01:40:31,116
HOTH ,2019-06-30 02:40:28,116
HOTH ,2019-06-30 03:40:28,116
HOTH ,2019-06-30 04:40:28,116
HOTH ,2019-06-30 05:40:27,116
HOTH ,2019-06-30 06:40:28,116
HOTH ,2019-06-30 07:40:28,116
HOTH ,2019-06-30 08:40:27,116
HOTH ,2019-06-30 09:40:28,116
HOTH ,2019-06-30 10:40:27,116
HOTH ,2019-06-30 11:40:26,116
HOTH ,2019-06-30 12:40:27,116
HOTH ,2019-06-30 13:40:28,116
HOTH ,2019-06-30 14:40:26,116
HOTH ,2019-06-30 15:40:28,116
HOTH ,2019-06-30 16:40:27,116
HOTH ,2019-06-30 17:40:27,116
HOTH ,2019-06-30 18:40:28,116
HOTH ,2019-06-30 19:40:28,116
HOTH ,2019-06-30 20:40:28,116
HOTH ,2019-06-30 21:40:27,116
HOTH ,2019-06-30 22:40:27,116
HOTH ,2019-06-30 23:40:27,116
HOTH ,2019-07-01 00:40:28,116
HOTH ,2019-07-01 01:40:27,116
HOTH ,2019-07-01 02:40:28,116
HOTH ,2019-07-01 03:40:27,116
HOTH ,2019-07-01 04:40:27,116
HOTH ,2019-07-01 05:40:28,116
HOTH ,2019-07-01 06:40:28,116
HOTH ,2019-07-01 07:40:28,116
HOTH ,2019-07-01 08:40:33,116
HOTH ,2019-07-01 09:40:27,116
HOTH ,2019-07-01 10:40:27,116
HOTH ,2019-07-01 11:40:27,116
HOTH ,2019-07-01 13:04:00,116
HOTH ,2019-07-01 13:40:30,116
HOTH ,2019-07-01 14:40:37,116
HOTH ,2019-07-01 15:40:29,116
HOTH ,2019-07-01 16:40:29,117
HOTH ,2019-07-01 17:40:29,117
HOTH ,2019-07-01 18:40:29,118
HOTH ,2019-07-01 19:40:31,117
HOTH ,2019-07-01 20:40:29,117
HOTH ,2019-07-01 21:40:28,117
HOTH ,2019-07-01 22:40:30,117
HOTH ,2019-07-01 23:40:29,117
HOTH ,2019-07-02 00:40:31,117
HOTH ,2019-07-02 01:40:28,117
HOTH ,2019-07-02 02:40:35,117
HOTH ,2019-07-02 03:40:34,117
HOTH ,2019-07-02 04:40:28,117
HOTH ,2019-07-02 05:40:41,117
HOTH ,2019-07-02 06:40:29,117
HOTH ,2019-07-02 07:40:30,117
HOTH ,2019-07-02 08:40:29,117
HOTH ,2019-07-02 09:40:28,117
HOTH ,2019-07-02 10:40:28,117
HOTH ,2019-07-02 11:40:28,117
HOTH ,2019-07-02 12:40:31,117
HOTH ,2019-07-02 13:40:28,117
HOTH ,2019-07-02 14:40:30,117
HOTH ,2019-07-02 15:40:29,117
HOTH ,2019-07-02 16:40:28,117
HOTH ,2019-07-02 17:40:30,117
HOTH ,2019-07-02 18:40:29,117
HOTH ,2019-07-02 19:40:29,116
HOTH ,2019-07-02 20:40:28,115
HOTH ,2019-07-02 21:40:29,115
HOTH ,2019-07-02 22:40:31,115
HOTH ,2019-07-02 23:40:32,115
HOTH ,2019-07-03 00:40:29,115
HOTH ,2019-07-03 01:40:28,115
HOTH ,2019-07-03 02:40:30,115
HOTH ,2019-07-03 03:40:29,115
HOTH ,2019-07-03 04:40:28,115
HOTH ,2019-07-03 05:40:29,115
HOTH ,2019-07-03 06:40:30,115
HOTH ,2019-07-03 07:40:29,115
HOTH ,2019-07-03 08:40:37,115
HOTH ,2019-07-03 09:40:29,115
HOTH ,2019-07-03 10:40:30,115
HOTH ,2019-07-03 11:40:29,115
HOTH ,2019-07-03 13:05:01,115
HOTH ,2019-07-03 13:40:29,115
HOTH ,2019-07-03 14:40:31,115
HOTH ,2019-07-03 15:40:29,115
HOTH ,2019-07-03 16:40:29,115
HOTH ,2019-07-03 17:40:30,114
HOTH ,2019-07-03 18:40:30,114
HOTH ,2019-07-03 19:40:29,114
HOTH ,2019-07-03 20:40:29,114
HOTH ,2019-07-03 21:40:29,114
HOTH ,2019-07-03 22:40:28,114
HOTH ,2019-07-03 23:40:29,114
HOTH ,2019-07-04 00:40:29,114
HOTH ,2019-07-04 01:40:28,114
HOTH ,2019-07-04 02:40:32,114
HOTH ,2019-07-04 03:40:29,114
HOTH ,2019-07-04 04:40:28,114
HOTH ,2019-07-04 05:40:29,114
HOTH ,2019-07-04 06:40:28,114
HOTH ,2019-07-04 07:40:28,114
HOTH ,2019-07-04 08:40:27,114
HOTH ,2019-07-04 09:40:29,114
HOTH ,2019-07-04 10:40:29,114
HOTH ,2019-07-04 11:40:28,114
HOTH ,2019-07-04 12:40:30,114
HOTH ,2019-07-04 13:40:30,114
HOTH ,2019-07-04 14:40:31,114
HOTH ,2019-07-04 15:40:29,114
HOTH ,2019-07-04 16:40:28,114
HOTH ,2019-07-04 17:40:28,114
HOTH ,2019-07-04 18:40:28,114
HOTH ,2019-07-04 19:40:28,114
HOTH ,2019-07-04 20:40:28,114
HOTH ,2019-07-04 21:40:29,114
HOTH ,2019-07-04 22:40:29,114
HOTH ,2019-07-04 23:40:28,114
HOTH ,2019-07-05 00:40:30,114
HOTH ,2019-07-05 01:40:28,114
HOTH ,2019-07-05 02:40:29,114
HOTH ,2019-07-05 03:40:29,114
HOTH ,2019-07-05 04:40:28,114
HOTH ,2019-07-05 05:40:29,114
HOTH ,2019-07-05 06:40:30,114
HOTH ,2019-07-05 07:40:28,114
HOTH ,2019-07-05 08:40:28,114
HOTH ,2019-07-05 09:40:28,114
HOTH ,2019-07-05 10:40:30,114
HOTH ,2019-07-05 11:40:33,114
HOTH ,2019-07-05 12:40:28,114
HOTH ,2019-07-05 13:40:33,114
HOTH ,2019-07-05 14:40:29,115
HOTH ,2019-07-05 15:40:29,115
HOTH ,2019-07-05 16:40:32,115
HOTH ,2019-07-05 17:40:29,116
HOTH ,2019-07-05 18:40:29,116
HOTH ,2019-07-05 19:40:28,116
HOTH ,2019-07-05 20:40:30,116
HOTH ,2019-07-05 21:40:30,116
HOTH ,2019-07-05 22:40:31,116
HOTH ,2019-07-05 23:40:28,116
HOTH ,2019-07-06 00:40:28,116
HOTH ,2019-07-06 01:40:30,116
HOTH ,2019-07-06 02:40:31,116
HOTH ,2019-07-06 03:40:29,116
HOTH ,2019-07-06 04:40:29,116
HOTH ,2019-07-06 05:40:30,116
HOTH ,2019-07-06 06:40:30,116
HOTH ,2019-07-06 07:40:28,116
HOTH ,2019-07-06 08:40:29,116
HOTH ,2019-07-06 09:40:28,116
HOTH ,2019-07-06 10:40:29,116
HOTH ,2019-07-06 11:40:37,116
HOTH ,2019-07-06 12:40:30,116
HOTH ,2019-07-06 13:40:28,116
HOTH ,2019-07-06 14:40:28,116
HOTH ,2019-07-06 15:40:27,116
HOTH ,2019-07-06 16:40:30,116
HOTH ,2019-07-06 17:40:31,116
HOTH ,2019-07-06 18:40:28,116
HOTH ,2019-07-06 19:40:29,116
HOTH ,2019-07-06 20:40:28,116
HOTH ,2019-07-06 21:40:29,116
HOTH ,2019-07-06 22:40:29,116
HOTH ,2019-07-06 23:40:29,116
HOTH ,2019-07-07 00:40:29,116
HOTH ,2019-07-07 01:40:28,116
HOTH ,2019-07-07 02:40:30,116
HOTH ,2019-07-07 03:40:29,116
HOTH ,2019-07-07 04:40:30,116
HOTH ,2019-07-07 05:40:32,116
HOTH ,2019-07-07 06:40:28,116
HOTH ,2019-07-07 07:40:28,116
HOTH ,2019-07-07 08:40:30,116
HOTH ,2019-07-07 09:40:29,116
HOTH ,2019-07-07 10:40:28,116
HOTH ,2019-07-07 11:40:27,116
HOTH ,2019-07-07 12:40:28,116
HOTH ,2019-07-07 13:40:27,116
HOTH ,2019-07-07 14:40:28,116
HOTH ,2019-07-07 15:40:28,116
HOTH ,2019-07-07 16:40:29,116
HOTH ,2019-07-07 17:40:28,116
HOTH ,2019-07-07 18:40:28,116
HOTH ,2019-07-07 19:40:28,116
HOTH ,2019-07-07 20:40:28,116
HOTH ,2019-07-07 21:40:28,116
HOTH ,2019-07-07 22:40:29,116
HOTH ,2019-07-07 23:40:28,116
HOTH ,2019-07-08 00:40:28,116
HOTH ,2019-07-08 01:40:31,116
HOTH ,2019-07-08 02:40:28,116
HOTH ,2019-07-08 03:40:28,116
HOTH ,2019-07-08 04:40:29,116
HOTH ,2019-07-08 05:40:28,116
HOTH ,2019-07-08 06:40:29,116
HOTH ,2019-07-08 07:40:31,116
HOTH ,2019-07-08 08:40:30,116
HOTH ,2019-07-08 09:40:33,116
HOTH ,2019-07-08 10:40:32,116
HOTH ,2019-07-08 11:40:36,116
HOTH ,2019-07-08 12:40:28,116
HOTH ,2019-07-08 13:40:28,116
HOTH ,2019-07-08 14:40:28,117
HOTH ,2019-07-08 15:40:28,117
HOTH ,2019-07-08 16:40:29,116
HOTH ,2019-07-08 17:40:27,117
HOTH ,2019-07-08 18:40:29,117
HOTH ,2019-07-08 19:40:28,117
HOTH ,2019-07-08 20:40:28,118
HOTH ,2019-07-08 21:40:29,118
HOTH ,2019-07-08 22:40:29,118
HOTH ,2019-07-08 23:40:28,118
HOTH ,2019-07-09 00:40:28,118
HOTH ,2019-07-09 01:40:28,118
HOTH ,2019-07-09 02:40:33,118
HOTH ,2019-07-09 03:40:29,118
HOTH ,2019-07-09 04:40:29,118
HOTH ,2019-07-09 05:40:32,118
HOTH ,2019-07-09 06:40:29,118
HOTH ,2019-07-09 07:40:31,118
HOTH ,2019-07-09 08:40:28,118
HOTH ,2019-07-09 09:40:28,118
HOTH ,2019-07-09 10:40:28,118
HOTH ,2019-07-09 11:40:28,118
HOTH ,2019-07-09 13:03:31,118
HOTH ,2019-07-09 13:40:28,118
HOTH ,2019-07-09 14:40:28,119
HOTH ,2019-07-09 15:40:29,119
HOTH ,2019-07-09 16:40:27,120
HOTH ,2019-07-09 17:40:28,119
HOTH ,2019-07-09 18:40:28,119
HOTH ,2019-07-09 19:40:28,119
HOTH ,2019-07-09 20:40:28,119
HOTH ,2019-07-09 21:40:28,119
HOTH ,2019-07-09 22:40:27,119
HOTH ,2019-07-09 23:40:29,119
HOTH ,2019-07-10 00:40:28,119
HOTH ,2019-07-10 01:40:30,119
HOTH ,2019-07-10 02:40:28,119
HOTH ,2019-07-10 03:40:28,119
HOTH ,2019-07-10 04:40:28,119
HOTH ,2019-07-10 05:40:30,119
HOTH ,2019-07-10 06:40:30,119
HOTH ,2019-07-10 07:40:27,119
HOTH ,2019-07-10 08:40:27,119
HOTH ,2019-07-10 09:40:27,119
HOTH ,2019-07-10 10:40:28,119
HOTH ,2019-07-10 11:40:29,119
HOTH ,2019-07-10 12:40:31,119
HOTH ,2019-07-10 13:40:28,119
HOTH ,2019-07-10 14:40:28,118
HOTH ,2019-07-10 15:40:30,118
HOTH ,2019-07-10 16:40:29,118
HOTH ,2019-07-10 17:40:28,118
HOTH ,2019-07-10 18:40:28,118
HOTH ,2019-07-10 19:40:28,118
HOTH ,2019-07-10 20:40:28,119
HOTH ,2019-07-10 21:40:28,119
HOTH ,2019-07-10 22:40:30,119
HOTH ,2019-07-10 23:40:27,119
HOTH ,2019-07-11 00:40:28,119
HOTH ,2019-07-11 01:40:28,119
HOTH ,2019-07-11 02:40:31,119
HOTH ,2019-07-11 03:40:30,119
HOTH ,2019-07-11 04:40:30,119
HOTH ,2019-07-11 05:40:29,119
HOTH ,2019-07-11 06:40:29,119
HOTH ,2019-07-11 07:40:29,119
HOTH ,2019-07-11 08:40:30,119
HOTH ,2019-07-11 09:40:27,119
HOTH ,2019-07-11 10:40:28,119
HOTH ,2019-07-11 11:40:28,119
HOTH ,2019-07-11 12:40:28,119
HOTH ,2019-07-11 13:40:27,119
HOTH ,2019-07-11 14:40:28,118
HOTH ,2019-07-11 15:40:28,119
HOTH ,2019-07-11 16:40:28,119
HOTH ,2019-07-11 17:40:28,119
HOTH ,2019-07-11 18:40:29,119
HOTH ,2019-07-11 19:40:28,116
HOTH ,2019-07-11 20:40:28,117
HOTH ,2019-07-11 21:40:33,116
HOTH ,2019-07-11 22:40:27,116
HOTH ,2019-07-11 23:40:28,116
HOTH ,2019-07-12 00:40:27,116
HOTH ,2019-07-12 01:40:28,116
HOTH ,2019-07-12 02:40:28,116
HOTH ,2019-07-12 03:40:27,116
HOTH ,2019-07-12 04:40:27,116
HOTH ,2019-07-12 05:40:30,116
HOTH ,2019-07-12 06:40:30,116
HOTH ,2019-07-12 07:40:28,116
HOTH ,2019-07-12 08:40:28,116
HOTH ,2019-07-12 09:40:30,116
HOTH ,2019-07-12 10:40:29,116
HOTH ,2019-07-12 11:40:27,116
HOTH ,2019-07-12 13:04:01,116
HOTH ,2019-07-12 13:40:28,116
HOTH ,2019-07-12 14:40:28,116
HOTH ,2019-07-12 15:40:38,116
HOTH ,2019-07-12 16:40:28,114
HOTH ,2019-07-12 17:40:30,114
HOTH ,2019-07-12 18:40:28,113
HOTH ,2019-07-12 19:40:27,113
HOTH ,2019-07-12 20:40:27,113
HOTH ,2019-07-12 21:40:28,113
HOTH ,2019-07-12 22:40:34,113
HOTH ,2019-07-12 23:40:28,113
HOTH ,2019-07-13 00:40:28,113
HOTH ,2019-07-13 01:40:29,113
HOTH ,2019-07-13 02:40:29,113
HOTH ,2019-07-13 03:40:27,113
HOTH ,2019-07-13 04:40:28,113
HOTH ,2019-07-13 05:40:28,113
HOTH ,2019-07-13 06:40:28,113
HOTH ,2019-07-13 07:40:28,113
HOTH ,2019-07-13 08:40:26,113
HOTH ,2019-07-13 09:40:29,113
HOTH ,2019-07-13 10:40:28,113
HOTH ,2019-07-13 11:40:30,113
HOTH ,2019-07-13 12:40:29,113
HOTH ,2019-07-13 13:40:28,113
HOTH ,2019-07-13 14:40:28,113
HOTH ,2019-07-13 15:40:29,113
HOTH ,2019-07-13 16:40:37,113
HOTH ,2019-07-13 17:40:30,113
HOTH ,2019-07-13 18:40:30,113
HOTH ,2019-07-13 19:40:30,113
HOTH ,2019-07-13 20:40:31,113
HOTH ,2019-07-13 21:40:29,113
HOTH ,2019-07-13 22:40:28,113
HOTH ,2019-07-13 23:40:29,113
HOTH ,2019-07-14 00:40:28,113
HOTH ,2019-07-14 01:40:34,113
HOTH ,2019-07-14 02:40:28,113
HOTH ,2019-07-14 03:40:28,113
HOTH ,2019-07-14 04:40:28,113
HOTH ,2019-07-14 05:40:28,113
HOTH ,2019-07-14 06:40:29,113
HOTH ,2019-07-14 07:40:28,113
HOTH ,2019-07-14 08:40:29,113
HOTH ,2019-07-14 09:40:27,113
HOTH ,2019-07-14 10:40:28,113
HOTH ,2019-07-14 11:40:28,113
HOTH ,2019-07-14 12:40:28,113
HOTH ,2019-07-14 13:40:29,113
HOTH ,2019-07-14 14:40:27,113
HOTH ,2019-07-14 15:40:29,113
HOTH ,2019-07-14 16:40:30,113
HOTH ,2019-07-14 17:40:28,113
HOTH ,2019-07-14 18:40:28,113
HOTH ,2019-07-14 19:40:28,113
HOTH ,2019-07-14 20:40:33,113
HOTH ,2019-07-14 21:40:27,113
HOTH ,2019-07-14 22:40:27,113
HOTH ,2019-07-14 23:40:28,113
HOTH ,2019-07-15 00:40:28,113
HOTH ,2019-07-15 01:40:27,113
HOTH ,2019-07-15 02:40:28,113
HOTH ,2019-07-15 03:40:28,113
HOTH ,2019-07-15 04:40:28,113
HOTH ,2019-07-15 05:40:29,113
HOTH ,2019-07-15 06:40:32,113
HOTH ,2019-07-15 07:40:29,113
HOTH ,2019-07-15 08:40:27,113
HOTH ,2019-07-15 09:40:28,113
HOTH ,2019-07-15 10:40:27,113
HOTH ,2019-07-15 11:40:27,113
HOTH ,2019-07-15 13:04:32,113
HOTH ,2019-07-15 13:40:30,113
HOTH ,2019-07-15 14:40:28,113
HOTH ,2019-07-15 15:40:29,113
HOTH ,2019-07-15 16:40:36,113
HOTH ,2019-07-15 17:40:30,112
HOTH ,2019-07-15 18:40:28,112
HOTH ,2019-07-15 19:40:29,114
HOTH ,2019-07-15 20:40:30,115
HOTH ,2019-07-15 21:40:30,115
HOTH ,2019-07-15 22:40:32,115
HOTH ,2019-07-15 23:40:29,115
HOTH ,2019-07-16 00:40:29,115
HOTH ,2019-07-16 01:40:28,115
HOTH ,2019-07-16 02:40:34,115
HOTH ,2019-07-16 03:40:29,115
HOTH ,2019-07-16 04:40:28,115
HOTH ,2019-07-16 05:40:32,115
HOTH ,2019-07-16 06:40:30,115
HOTH ,2019-07-16 07:40:28,115
HOTH ,2019-07-16 08:40:29,115
HOTH ,2019-07-16 09:40:29,115
HOTH ,2019-07-16 10:40:30,115
HOTH ,2019-07-16 11:40:29,115
HOTH ,2019-07-16 13:04:32,115
HOTH ,2019-07-16 13:40:30,115
HOTH ,2019-07-16 14:40:29,115
HOTH ,2019-07-16 15:40:34,115
HOTH ,2019-07-16 16:40:30,115
HOTH ,2019-07-16 17:40:31,115
HOTH ,2019-07-16 18:40:29,114
HOTH ,2019-07-16 19:40:29,116
HOTH ,2019-07-16 20:40:35,118
HOTH ,2019-07-16 21:40:30,118
HOTH ,2019-07-16 22:40:29,118
HOTH ,2019-07-16 23:40:30,118
HOTH ,2019-07-17 00:40:29,118
HOTH ,2019-07-17 01:40:29,118
HOTH ,2019-07-17 02:40:30,118
HOTH ,2019-07-17 03:40:29,118
HOTH ,2019-07-17 04:40:29,118
HOTH ,2019-07-17 05:40:41,118
HOTH ,2019-07-17 06:40:32,118
HOTH ,2019-07-17 07:40:33,118
HOTH ,2019-07-17 08:40:30,118
HOTH ,2019-07-17 09:40:29,118
HOTH ,2019-07-17 10:40:29,118
HOTH ,2019-07-17 11:40:29,118
HOTH ,2019-07-17 13:04:03,118
HOTH ,2019-07-17 13:40:30,118
HOTH ,2019-07-17 14:40:30,120
HOTH ,2019-07-17 15:40:33,120
HOTH ,2019-07-17 16:40:31,119
HOTH ,2019-07-17 17:40:29,119
HOTH ,2019-07-17 18:40:29,119
HOTH ,2019-07-17 19:40:28,119
HOTH ,2019-07-17 20:40:29,119
HOTH ,2019-07-17 21:40:28,119
HOTH ,2019-07-17 22:40:29,119
HOTH ,2019-07-17 23:40:29,119
HOTH ,2019-07-18 00:40:28,119
HOTH ,2019-07-18 01:40:29,119
HOTH ,2019-07-18 02:40:29,119
HOTH ,2019-07-18 03:40:29,119
HOTH ,2019-07-18 04:40:29,119
HOTH ,2019-07-18 05:40:30,119
HOTH ,2019-07-18 06:40:31,119
HOTH ,2019-07-18 07:40:28,119
HOTH ,2019-07-18 08:40:32,119
HOTH ,2019-07-18 09:40:29,119
HOTH ,2019-07-18 10:40:29,119
HOTH ,2019-07-18 11:40:28,119
HOTH ,2019-07-18 13:04:33,119
HOTH ,2019-07-18 13:40:29,119
HOTH ,2019-07-18 14:40:29,119
HOTH ,2019-07-18 15:40:28,120
HOTH ,2019-07-18 16:40:32,120
HOTH ,2019-07-18 17:40:29,122
HOTH ,2019-07-18 18:40:30,122
HOTH ,2019-07-18 19:40:30,123
HOTH ,2019-07-18 20:40:30,123
HOTH ,2019-07-18 21:40:30,123
HOTH ,2019-07-18 22:40:30,123
HOTH ,2019-07-18 23:40:31,123
HOTH ,2019-07-19 00:40:29,123
HOTH ,2019-07-19 01:40:29,123
HOTH ,2019-07-19 02:40:30,123
HOTH ,2019-07-19 03:40:29,123
HOTH ,2019-07-19 04:40:30,123
HOTH ,2019-07-19 05:40:42,123
HOTH ,2019-07-19 06:40:30,123
HOTH ,2019-07-19 07:40:31,123
HOTH ,2019-07-19 08:40:30,123
HOTH ,2019-07-19 09:40:29,123
HOTH ,2019-07-19 10:40:29,123
HOTH ,2019-07-19 11:40:29,123
HOTH ,2019-07-19 13:04:02,123
HOTH ,2019-07-19 13:40:30,123
HOTH ,2019-07-19 14:40:29,123
HOTH ,2019-07-19 15:40:30,122
HOTH ,2019-07-19 16:40:30,122
HOTH ,2019-07-19 17:40:31,122
HOTH ,2019-07-19 18:40:31,122
HOTH ,2019-07-19 19:40:30,122
HOTH ,2019-07-19 20:40:31,124
HOTH ,2019-07-19 21:40:29,124
HOTH ,2019-07-19 22:40:31,124
HOTH ,2019-07-19 23:40:30,124
HOTH ,2019-07-20 00:40:30,124
HOTH ,2019-07-20 01:40:36,124
HOTH ,2019-07-20 02:40:36,124
HOTH ,2019-07-20 03:40:30,124
HOTH ,2019-07-20 04:40:38,124
HOTH ,2019-07-20 05:40:33,124
HOTH ,2019-07-20 06:40:31,124
HOTH ,2019-07-20 07:40:30,124
HOTH ,2019-07-20 08:40:29,124
HOTH ,2019-07-20 09:40:29,124
HOTH ,2019-07-20 10:40:29,124
HOTH ,2019-07-20 11:40:30,124
HOTH ,2019-07-20 12:40:30,124
HOTH ,2019-07-20 13:40:30,124
HOTH ,2019-07-20 14:40:29,124
HOTH ,2019-07-20 15:40:29,124
HOTH ,2019-07-20 16:40:30,124
HOTH ,2019-07-20 17:40:30,124
HOTH ,2019-07-20 18:40:30,124
HOTH ,2019-07-20 19:40:31,124
HOTH ,2019-07-20 20:40:29,124
HOTH ,2019-07-20 21:40:30,124
HOTH ,2019-07-20 22:40:28,124
HOTH ,2019-07-20 23:40:30,124
HOTH ,2019-07-21 00:40:31,124
HOTH ,2019-07-21 01:40:30,124
HOTH ,2019-07-21 02:40:30,124
HOTH ,2019-07-21 03:40:30,124
HOTH ,2019-07-21 04:40:30,124
HOTH ,2019-07-21 05:40:35,124
HOTH ,2019-07-21 06:40:35,124
HOTH ,2019-07-21 07:40:29,124
HOTH ,2019-07-21 08:40:30,124
HOTH ,2019-07-21 09:40:31,124
HOTH ,2019-07-21 10:40:35,124
HOTH ,2019-07-21 11:40:30,124
HOTH ,2019-07-21 12:40:30,124
HOTH ,2019-07-21 13:40:31,124
HOTH ,2019-07-21 14:40:30,124
HOTH ,2019-07-21 15:40:30,124
HOTH ,2019-07-21 16:40:30,124
HOTH ,2019-07-21 17:40:30,124
HOTH ,2019-07-21 18:40:30,124
HOTH ,2019-07-21 19:40:30,124
HOTH ,2019-07-21 20:40:30,124
HOTH ,2019-07-21 21:40:31,124
HOTH ,2019-07-21 22:40:29,124
HOTH ,2019-07-21 23:40:30,124
HOTH ,2019-07-22 00:40:29,124
HOTH ,2019-07-22 01:40:30,124
HOTH ,2019-07-22 02:40:30,124
HOTH ,2019-07-22 03:40:30,124
HOTH ,2019-07-22 04:40:30,124
HOTH ,2019-07-22 05:40:33,124
HOTH ,2019-07-22 06:40:35,124
HOTH ,2019-07-22 07:40:29,124
HOTH ,2019-07-22 08:40:30,124
HOTH ,2019-07-22 09:40:30,124
HOTH ,2019-07-22 10:40:29,124
HOTH ,2019-07-22 11:40:30,124
HOTH ,2019-07-22 12:40:32,124
HOTH ,2019-07-22 13:40:30,124
HOTH ,2019-07-22 14:40:31,124
HOTH ,2019-07-22 15:40:30,124
HOTH ,2019-07-22 16:40:31,123
HOTH ,2019-07-22 17:40:30,123
HOTH ,2019-07-22 18:40:34,123
HOTH ,2019-07-22 19:40:31,122
HOTH ,2019-07-22 20:40:31,123
HOTH ,2019-07-22 21:40:32,123
HOTH ,2019-07-22 22:40:30,123
HOTH ,2019-07-22 23:40:30,123
HOTH ,2019-07-23 00:40:30,123
HOTH ,2019-07-23 01:40:29,123
HOTH ,2019-07-23 02:40:31,123
HOTH ,2019-07-23 03:40:31,123
HOTH ,2019-07-23 04:40:31,123
HOTH ,2019-07-23 05:40:32,123
HOTH ,2019-07-23 06:40:33,123
HOTH ,2019-07-23 07:40:30,123
HOTH ,2019-07-23 08:40:29,123
HOTH ,2019-07-23 09:40:31,123
HOTH ,2019-07-23 10:40:31,123
HOTH ,2019-07-23 11:40:31,123
HOTH ,2019-07-23 13:03:34,123
HOTH ,2019-07-23 13:40:30,123
HOTH ,2019-07-23 14:40:30,119
HOTH ,2019-07-23 15:40:36,119
HOTH ,2019-07-23 16:40:30,118
HOTH ,2019-07-23 17:40:30,120
HOTH ,2019-07-23 18:40:31,128
HOTH ,2019-07-23 19:40:30,132
HOTH ,2019-07-23 20:40:30,135
HOTH ,2019-07-23 21:40:31,139
HOTH ,2019-07-23 22:40:32,142
HOTH ,2019-07-23 23:40:30,142
HOTH ,2019-07-24 00:40:30,142
HOTH ,2019-07-24 01:40:31,142
HOTH ,2019-07-24 02:40:35,142
HOTH ,2019-07-24 03:40:31,142
HOTH ,2019-07-24 04:40:30,142
HOTH ,2019-07-24 05:40:31,142
HOTH ,2019-07-24 06:40:29,142
HOTH ,2019-07-24 07:40:30,142
HOTH ,2019-07-24 08:40:30,142
HOTH ,2019-07-24 09:40:31,142
HOTH ,2019-07-24 10:40:30,142
HOTH ,2019-07-24 11:40:30,142
HOTH ,2019-07-24 13:03:03,144
HOTH ,2019-07-24 13:40:31,144
HOTH ,2019-07-24 14:40:29,153
HOTH ,2019-07-24 15:40:31,154
HOTH ,2019-07-24 16:40:31,151
HOTH ,2019-07-24 17:40:29,148
HOTH ,2019-07-24 18:40:31,151
HOTH ,2019-07-24 19:40:30,151
HOTH ,2019-07-24 20:40:30,148
HOTH ,2019-07-24 21:40:30,148
HOTH ,2019-07-24 22:40:30,148
HOTH ,2019-07-24 23:40:30,148
HOTH ,2019-07-25 00:40:30,148
HOTH ,2019-07-25 01:40:34,148
HOTH ,2019-07-25 02:40:34,148
HOTH ,2019-07-25 03:40:30,148
HOTH ,2019-07-25 04:40:29,148
HOTH ,2019-07-25 05:40:35,148
HOTH ,2019-07-25 06:40:31,148
HOTH ,2019-07-25 07:40:30,148
HOTH ,2019-07-25 08:40:31,148
HOTH ,2019-07-25 09:40:30,148
HOTH ,2019-07-25 10:40:37,148
HOTH ,2019-07-25 11:40:30,148
HOTH ,2019-07-25 13:03:34,148
HOTH ,2019-07-25 13:40:33,148
HOTH ,2019-07-25 14:40:32,163
HOTH ,2019-07-25 15:40:31,164
HOTH ,2019-07-25 16:40:34,165
HOTH ,2019-07-25 17:40:32,162
HOTH ,2019-07-25 18:40:38,160
HOTH ,2019-07-25 19:40:34,159
HOTH ,2019-07-25 20:40:33,159
HOTH ,2019-07-25 21:40:33,160
HOTH ,2019-07-25 22:40:32,160
HOTH ,2019-07-25 23:40:31,160
HOTH ,2019-07-26 00:40:38,160
HOTH ,2019-07-26 01:40:32,160
HOTH ,2019-07-26 02:40:33,160
HOTH ,2019-07-26 03:40:32,160
HOTH ,2019-07-26 04:40:36,160
HOTH ,2019-07-26 05:40:35,160
HOTH ,2019-07-26 06:40:41,160
HOTH ,2019-07-26 07:40:36,160
HOTH ,2019-07-26 08:40:31,160
HOTH ,2019-07-26 09:40:31,160
HOTH ,2019-07-26 10:40:32,160
HOTH ,2019-07-26 11:40:34,160
HOTH ,2019-07-26 13:05:34,160
HOTH ,2019-07-26 13:40:32,160
HOTH ,2019-07-26 14:40:32,152
HOTH ,2019-07-26 15:40:32,151
HOTH ,2019-07-26 16:40:33,150
HOTH ,2019-07-26 17:40:33,150
HOTH ,2019-07-26 18:40:32,149
HOTH ,2019-07-26 19:40:31,149
HOTH ,2019-07-26 20:40:31,146
HOTH ,2019-07-26 21:40:31,146
HOTH ,2019-07-26 22:40:31,146
HOTH ,2019-07-26 23:40:30,146
HOTH ,2019-07-27 00:40:30,146
HOTH ,2019-07-27 01:40:32,146
HOTH ,2019-07-27 02:40:33,146
HOTH ,2019-07-27 03:40:31,146
HOTH ,2019-07-27 04:40:31,146
HOTH ,2019-07-27 05:40:31,146
HOTH ,2019-07-27 06:40:32,146
HOTH ,2019-07-27 07:40:31,146
HOTH ,2019-07-27 08:40:31,146
HOTH ,2019-07-27 09:40:31,146
HOTH ,2019-07-27 10:40:32,146
HOTH ,2019-07-27 11:40:31,146
HOTH ,2019-07-27 12:40:31,146
HOTH ,2019-07-27 13:40:30,146
HOTH ,2019-07-27 14:40:31,146
HOTH ,2019-07-27 15:40:32,146
HOTH ,2019-07-27 16:40:36,146
HOTH ,2019-07-27 17:40:34,146
HOTH ,2019-07-27 18:40:31,146
HOTH ,2019-07-27 19:40:32,146
HOTH ,2019-07-27 20:40:32,146
HOTH ,2019-07-27 21:40:33,146
HOTH ,2019-07-27 22:40:31,146
HOTH ,2019-07-27 23:40:31,146
HOTH ,2019-07-28 00:40:31,146
HOTH ,2019-07-28 01:40:30,146
HOTH ,2019-07-28 02:40:30,146
HOTH ,2019-07-28 03:40:30,146
HOTH ,2019-07-28 04:40:31,146
HOTH ,2019-07-28 05:40:30,146
HOTH ,2019-07-28 06:40:30,146
HOTH ,2019-07-28 07:40:30,146
HOTH ,2019-07-28 08:40:30,146
HOTH ,2019-07-28 09:40:31,146
HOTH ,2019-07-28 10:40:30,146
HOTH ,2019-07-28 11:40:30,146
HOTH ,2019-07-28 12:40:31,146
HOTH ,2019-07-28 13:40:31,146
HOTH ,2019-07-28 14:40:31,146
HOTH ,2019-07-28 15:40:30,146
HOTH ,2019-07-28 16:40:32,146
HOTH ,2019-07-28 17:40:31,146
HOTH ,2019-07-28 18:40:31,146
HOTH ,2019-07-28 19:40:30,146
HOTH ,2019-07-28 20:40:30,146
HOTH ,2019-07-28 21:40:30,146
HOTH ,2019-07-28 22:40:31,146
HOTH ,2019-07-28 23:40:31,146
HOTH ,2019-07-29 00:40:31,146
HOTH ,2019-07-29 01:40:31,146
HOTH ,2019-07-29 02:40:31,146
HOTH ,2019-07-29 03:40:30,146
HOTH ,2019-07-29 04:40:31,146
HOTH ,2019-07-29 05:40:34,146
HOTH ,2019-07-29 06:40:36,146
HOTH ,2019-07-29 07:40:32,146
HOTH ,2019-07-29 08:40:31,146
HOTH ,2019-07-29 09:40:31,146
HOTH ,2019-07-29 10:40:31,146
HOTH ,2019-07-29 11:40:30,146
HOTH ,2019-07-29 13:04:34,146
HOTH ,2019-07-29 13:40:32,146
HOTH ,2019-07-29 14:40:31,146
HOTH ,2019-07-29 15:40:31,146
HOTH ,2019-07-29 16:40:32,146
HOTH ,2019-07-29 17:40:31,145
HOTH ,2019-07-29 18:40:32,145
HOTH ,2019-07-29 19:40:30,145
HOTH ,2019-07-29 20:40:31,144
HOTH ,2019-07-29 21:40:30,143
HOTH ,2019-07-29 22:40:31,143
HOTH ,2019-07-29 23:40:31,143
HOTH ,2019-07-30 00:40:31,143
HOTH ,2019-07-30 01:40:31,143
HOTH ,2019-07-30 02:40:31,143
HOTH ,2019-07-30 03:40:31,143
HOTH ,2019-07-30 04:40:30,143
HOTH ,2019-07-30 05:40:30,143
HOTH ,2019-07-30 06:40:31,143
HOTH ,2019-07-30 07:40:36,143
HOTH ,2019-07-30 08:40:30,143
HOTH ,2019-07-30 09:40:31,143
HOTH ,2019-07-30 10:40:31,143
HOTH ,2019-07-30 11:40:33,143
HOTH ,2019-07-30 12:40:31,143
HOTH ,2019-07-30 13:40:31,143
HOTH ,2019-07-30 14:40:32,144
HOTH ,2019-07-30 15:40:32,143
HOTH ,2019-07-30 16:40:32,143
HOTH ,2019-07-30 17:40:33,142
HOTH ,2019-07-30 18:40:34,143
HOTH ,2019-07-30 19:40:32,143
HOTH ,2019-07-30 20:40:32,141
HOTH ,2019-07-30 21:40:32,141
HOTH ,2019-07-30 22:40:32,141
HOTH ,2019-07-30 23:40:31,141
HOTH ,2019-07-31 00:40:32,141
HOTH ,2019-07-31 01:40:31,141
HOTH ,2019-07-31 02:40:31,141
HOTH ,2019-07-31 03:40:31,141
HOTH ,2019-07-31 04:40:32,141
HOTH ,2019-07-31 05:40:35,141
HOTH ,2019-07-31 06:40:32,141
HOTH ,2019-07-31 07:40:31,141
HOTH ,2019-07-31 08:40:32,141
HOTH ,2019-07-31 09:40:31,141
HOTH ,2019-07-31 10:40:31,141
HOTH ,2019-07-31 11:40:30,141
HOTH ,2019-07-31 13:04:36,141
HOTH ,2019-07-31 13:40:32,141
HOTH ,2019-07-31 14:40:32,143
HOTH ,2019-07-31 15:40:31,142
HOTH ,2019-07-31 16:40:34,141
HOTH ,2019-07-31 17:40:32,140
HOTH ,2019-07-31 18:40:31,140
HOTH ,2019-07-31 19:40:31,140
HOTH ,2019-07-31 20:40:32,140
HOTH ,2019-07-31 21:40:33,140
HOTH ,2019-07-31 22:40:31,140
HOTH ,2019-07-31 23:40:32,140
HOTH ,2019-08-01 00:40:31,140
HOTH ,2019-08-01 01:40:38,140
HOTH ,2019-08-01 02:40:33,140
HOTH ,2019-08-01 03:40:32,140
HOTH ,2019-08-01 04:40:31,140
HOTH ,2019-08-01 05:40:33,140
HOTH ,2019-08-01 06:40:33,140
HOTH ,2019-08-01 07:40:34,140
HOTH ,2019-08-01 08:40:31,140
HOTH ,2019-08-01 09:40:32,140
HOTH ,2019-08-01 10:40:31,140
HOTH ,2019-08-01 11:40:30,140
HOTH ,2019-08-01 13:03:04,140
HOTH ,2019-08-01 13:40:32,140
HOTH ,2019-08-01 14:40:32,139
HOTH ,2019-08-01 15:40:35,139
HOTH ,2019-08-01 16:40:36,139
HOTH ,2019-08-01 17:40:34,139
HOTH ,2019-08-01 18:40:31,140
HOTH ,2019-08-01 19:40:31,140
HOTH ,2019-08-01 20:40:31,140
HOTH ,2019-08-01 21:40:32,140
HOTH ,2019-08-01 22:40:30,140
HOTH ,2019-08-01 23:40:32,140
HOTH ,2019-08-02 00:40:30,140
HOTH ,2019-08-02 01:40:31,140
HOTH ,2019-08-02 02:40:31,140
HOTH ,2019-08-02 03:40:31,140
HOTH ,2019-08-02 04:40:31,140
HOTH ,2019-08-02 05:40:34,140
HOTH ,2019-08-02 06:40:31,140
HOTH ,2019-08-02 07:40:30,140
HOTH ,2019-08-02 08:40:31,140
HOTH ,2019-08-02 09:40:32,140
HOTH ,2019-08-02 10:40:35,140
HOTH ,2019-08-02 11:40:31,140
HOTH ,2019-08-02 13:04:36,140
HOTH ,2019-08-02 13:40:33,140
HOTH ,2019-08-02 14:40:33,139
HOTH ,2019-08-02 15:40:32,139
HOTH ,2019-08-02 16:40:32,138
HOTH ,2019-08-02 17:40:31,137
HOTH ,2019-08-02 18:40:33,137
HOTH ,2019-08-02 19:40:33,137
HOTH ,2019-08-02 20:40:33,138
HOTH ,2019-08-02 21:40:32,138
HOTH ,2019-08-02 22:40:32,138
HOTH ,2019-08-02 23:40:32,138
HOTH ,2019-08-03 00:40:32,138
HOTH ,2019-08-03 01:40:32,138
HOTH ,2019-08-03 02:40:33,138
HOTH ,2019-08-03 03:40:33,138
HOTH ,2019-08-03 04:40:31,138
HOTH ,2019-08-03 05:40:35,138
HOTH ,2019-08-03 06:40:32,138
HOTH ,2019-08-03 07:40:31,138
HOTH ,2019-08-03 08:40:33,138
HOTH ,2019-08-03 09:40:32,138
HOTH ,2019-08-03 10:40:32,138
HOTH ,2019-08-03 11:40:32,138
HOTH ,2019-08-03 12:40:33,138
HOTH ,2019-08-03 13:40:32,138
HOTH ,2019-08-03 14:40:32,138
HOTH ,2019-08-03 15:40:31,138
HOTH ,2019-08-03 16:40:32,138
HOTH ,2019-08-03 17:40:33,138
HOTH ,2019-08-03 18:40:33,138
HOTH ,2019-08-03 19:40:32,138
HOTH ,2019-08-03 20:40:31,138
HOTH ,2019-08-03 21:40:31,138
HOTH ,2019-08-03 22:40:32,138
HOTH ,2019-08-03 23:40:32,138
HOTH ,2019-08-04 00:40:32,138
HOTH ,2019-08-04 01:40:31,138
HOTH ,2019-08-04 02:40:36,138
HOTH ,2019-08-04 03:40:32,138
HOTH ,2019-08-04 04:40:32,138
HOTH ,2019-08-04 05:40:34,138
HOTH ,2019-08-04 06:40:31,138
HOTH ,2019-08-04 07:40:32,138
HOTH ,2019-08-04 08:40:32,138
HOTH ,2019-08-04 09:40:33,138
HOTH ,2019-08-04 10:40:32,138
HOTH ,2019-08-04 11:40:30,138
HOTH ,2019-08-04 12:40:32,138
HOTH ,2019-08-04 13:40:32,138
HOTH ,2019-08-04 14:40:32,138
HOTH ,2019-08-04 15:40:32,138
HOTH ,2019-08-04 16:40:32,138
HOTH ,2019-08-04 17:40:32,138
HOTH ,2019-08-04 18:40:33,138
HOTH ,2019-08-04 19:40:32,138
HOTH ,2019-08-04 20:40:32,138
HOTH ,2019-08-04 21:40:33,138
HOTH ,2019-08-04 22:40:33,138
HOTH ,2019-08-04 23:40:32,138
HOTH ,2019-08-05 00:40:32,138
HOTH ,2019-08-05 01:40:32,138
HOTH ,2019-08-05 02:40:34,138
HOTH ,2019-08-05 03:40:32,138
HOTH ,2019-08-05 04:40:33,138
HOTH ,2019-08-05 05:40:33,138
HOTH ,2019-08-05 06:40:32,138
HOTH ,2019-08-05 07:40:35,138
HOTH ,2019-08-05 08:40:32,138
HOTH ,2019-08-05 09:40:33,138
HOTH ,2019-08-05 10:40:32,138
HOTH ,2019-08-05 11:40:33,138
HOTH ,2019-08-05 13:05:06,138
HOTH ,2019-08-05 13:40:33,138
HOTH ,2019-08-05 14:40:33,138
HOTH ,2019-08-05 15:40:32,137
HOTH ,2019-08-05 16:40:33,136
HOTH ,2019-08-05 17:40:33,135
HOTH ,2019-08-05 18:40:33,137
HOTH ,2019-08-05 19:40:33,136
HOTH ,2019-08-05 20:40:32,135
HOTH ,2019-08-05 21:40:32,135
HOTH ,2019-08-05 22:40:33,135
HOTH ,2019-08-05 23:40:33,135
HOTH ,2019-08-06 00:40:41,135
HOTH ,2019-08-06 01:40:34,135
HOTH ,2019-08-06 02:40:33,135
HOTH ,2019-08-06 03:40:32,135
HOTH ,2019-08-06 04:40:33,135
HOTH ,2019-08-06 05:40:34,135
HOTH ,2019-08-06 06:40:32,135
HOTH ,2019-08-06 07:40:32,135
HOTH ,2019-08-06 08:40:32,135
HOTH ,2019-08-06 09:40:36,135
HOTH ,2019-08-06 10:40:31,135
HOTH ,2019-08-06 11:40:31,135
HOTH ,2019-08-06 12:40:32,135
HOTH ,2019-08-06 13:40:33,135
HOTH ,2019-08-06 14:40:32,136
HOTH ,2019-08-06 15:40:33,135
HOTH ,2019-08-06 16:40:34,135
HOTH ,2019-08-06 17:40:32,135
HOTH ,2019-08-06 18:40:32,134
HOTH ,2019-08-06 19:40:32,134
HOTH ,2019-08-06 20:40:33,134
HOTH ,2019-08-06 21:40:32,134
HOTH ,2019-08-06 22:40:31,134
HOTH ,2019-08-06 23:40:33,134
HOTH ,2019-08-07 00:40:33,134
HOTH ,2019-08-07 01:40:33,134
HOTH ,2019-08-07 02:40:34,134
HOTH ,2019-08-07 03:40:32,134
HOTH ,2019-08-07 04:40:32,134
HOTH ,2019-08-07 05:40:33,134
HOTH ,2019-08-07 06:40:35,134
HOTH ,2019-08-07 07:40:31,134
HOTH ,2019-08-07 08:40:33,134
HOTH ,2019-08-07 09:40:32,134
HOTH ,2019-08-07 10:40:39,134
HOTH ,2019-08-07 11:40:32,134
HOTH ,2019-08-07 12:40:32,134
HOTH ,2019-08-07 13:40:33,134
HOTH ,2019-08-07 14:40:33,134
HOTH ,2019-08-07 15:40:32,133
HOTH ,2019-08-07 16:40:33,132
HOTH ,2019-08-07 17:40:32,133
HOTH ,2019-08-07 18:40:32,133
HOTH ,2019-08-07 19:40:32,132
HOTH ,2019-08-07 20:40:32,132
HOTH ,2019-08-07 21:40:32,132
HOTH ,2019-08-07 22:40:31,132
HOTH ,2019-08-07 23:40:32,132
HOTH ,2019-08-08 00:40:33,132
HOTH ,2019-08-08 01:40:32,132
HOTH ,2019-08-08 02:40:36,132
HOTH ,2019-08-08 03:40:32,132
HOTH ,2019-08-08 04:40:32,132
HOTH ,2019-08-08 05:40:31,132
HOTH ,2019-08-08 06:40:34,132
HOTH ,2019-08-08 07:40:32,132
HOTH ,2019-08-08 08:40:32,132
HOTH ,2019-08-08 09:40:32,132
HOTH ,2019-08-08 10:40:34,132
HOTH ,2019-08-08 11:40:32,132
HOTH ,2019-08-08 12:40:34,132
HOTH ,2019-08-08 13:40:33,132
HOTH ,2019-08-08 14:40:33,132
HOTH ,2019-08-08 15:40:32,133
HOTH ,2019-08-08 16:40:33,134
HOTH ,2019-08-08 17:40:32,134
HOTH ,2019-08-08 18:40:33,134
HOTH ,2019-08-08 19:40:33,134
HOTH ,2019-08-08 20:40:33,135
HOTH ,2019-08-08 21:40:33,135
HOTH ,2019-08-08 22:40:33,135
HOTH ,2019-08-08 23:40:33,135
HOTH ,2019-08-09 00:40:33,135
HOTH ,2019-08-09 01:40:33,135
HOTH ,2019-08-09 02:40:33,135
HOTH ,2019-08-09 03:40:32,135
HOTH ,2019-08-09 04:40:34,135
HOTH ,2019-08-09 05:40:34,135
HOTH ,2019-08-09 06:40:34,135
HOTH ,2019-08-09 07:40:32,135
HOTH ,2019-08-09 08:40:34,135
HOTH ,2019-08-09 09:40:33,135
HOTH ,2019-08-09 10:40:34,135
HOTH ,2019-08-09 11:40:32,135
HOTH ,2019-08-09 13:04:36,135
HOTH ,2019-08-09 13:40:34,135
HOTH ,2019-08-09 14:40:36,135
HOTH ,2019-08-09 15:40:33,135
HOTH ,2019-08-09 16:40:36,135
HOTH ,2019-08-09 17:40:33,135
HOTH ,2019-08-09 18:40:33,134
HOTH ,2019-08-09 19:40:33,134
HOTH ,2019-08-09 20:40:32,134
HOTH ,2019-08-09 21:40:34,134
HOTH ,2019-08-09 22:40:33,134
HOTH ,2019-08-09 23:40:35,134
HOTH ,2019-08-10 00:40:34,134
HOTH ,2019-08-10 01:40:33,134
HOTH ,2019-08-10 02:40:40,134
HOTH ,2019-08-10 03:40:33,134
HOTH ,2019-08-10 04:40:33,134
HOTH ,2019-08-10 05:40:34,134
HOTH ,2019-08-10 06:40:33,134
HOTH ,2019-08-10 07:40:33,134
HOTH ,2019-08-10 08:40:32,134
HOTH ,2019-08-10 09:40:34,134
HOTH ,2019-08-10 10:40:34,134
HOTH ,2019-08-10 11:40:32,134
HOTH ,2019-08-10 12:40:34,134
HOTH ,2019-08-10 13:40:34,134
HOTH ,2019-08-10 14:40:32,134
HOTH ,2019-08-10 15:40:32,134
HOTH ,2019-08-10 16:40:39,134
HOTH ,2019-08-10 17:40:33,134
HOTH ,2019-08-10 18:40:32,134
HOTH ,2019-08-10 19:40:33,134
HOTH ,2019-08-10 20:40:33,134
HOTH ,2019-08-10 21:40:31,134
HOTH ,2019-08-10 22:40:32,134
HOTH ,2019-08-10 23:40:32,134
HOTH ,2019-08-11 00:40:31,134
HOTH ,2019-08-11 01:40:32,134
HOTH ,2019-08-11 02:40:40,134
HOTH ,2019-08-11 03:40:33,134
HOTH ,2019-08-11 04:40:33,134
HOTH ,2019-08-11 05:40:34,134
HOTH ,2019-08-11 06:40:32,134
HOTH ,2019-08-11 07:40:33,134
HOTH ,2019-08-11 08:40:32,134
HOTH ,2019-08-11 09:40:32,134
HOTH ,2019-08-11 10:40:33,134
HOTH ,2019-08-11 11:40:33,134
HOTH ,2019-08-11 12:40:33,134
HOTH ,2019-08-11 13:40:33,134
HOTH ,2019-08-11 14:40:33,134
HOTH ,2019-08-11 15:40:32,134
HOTH ,2019-08-11 16:40:33,134
HOTH ,2019-08-11 17:40:33,134
HOTH ,2019-08-11 18:40:33,134
HOTH ,2019-08-11 19:40:33,134
HOTH ,2019-08-11 20:40:34,134
HOTH ,2019-08-11 21:40:33,134
HOTH ,2019-08-11 22:40:34,134
HOTH ,2019-08-11 23:40:34,134
HOTH ,2019-08-12 00:40:33,134
HOTH ,2019-08-12 01:40:34,134
HOTH ,2019-08-12 02:40:34,134
HOTH ,2019-08-12 03:40:34,134
HOTH ,2019-08-12 04:40:33,134
HOTH ,2019-08-12 05:40:36,134
HOTH ,2019-08-12 06:40:39,134
HOTH ,2019-08-12 07:40:33,134
HOTH ,2019-08-12 08:40:33,134
HOTH ,2019-08-12 09:40:33,134
HOTH ,2019-08-12 10:40:38,134
HOTH ,2019-08-12 11:40:33,134
HOTH ,2019-08-12 12:40:36,134
HOTH ,2019-08-12 13:40:38,134
HOTH ,2019-08-12 14:40:33,133
HOTH ,2019-08-12 15:40:33,133
HOTH ,2019-08-12 16:40:42,133
HOTH ,2019-08-12 17:40:35,133
HOTH ,2019-08-12 18:40:33,133
HOTH ,2019-08-12 19:40:33,133
HOTH ,2019-08-12 20:40:33,133
HOTH ,2019-08-12 21:40:33,133
HOTH ,2019-08-12 22:40:34,133
HOTH ,2019-08-12 23:40:34,133
HOTH ,2019-08-13 00:40:32,133
HOTH ,2019-08-13 01:40:35,133
HOTH ,2019-08-13 02:40:35,133
HOTH ,2019-08-13 03:40:34,133
HOTH ,2019-08-13 04:40:32,133
HOTH ,2019-08-13 05:40:35,133
HOTH ,2019-08-13 06:40:33,133
HOTH ,2019-08-13 07:40:34,133
HOTH ,2019-08-13 08:40:32,133
HOTH ,2019-08-13 09:40:34,133
HOTH ,2019-08-13 10:40:33,133
HOTH ,2019-08-13 11:40:34,133
HOTH ,2019-08-13 12:40:34,133
HOTH ,2019-08-13 13:40:34,133
HOTH ,2019-08-13 14:40:33,131
HOTH ,2019-08-13 15:40:38,131
HOTH ,2019-08-13 16:40:35,128
HOTH ,2019-08-13 17:40:33,128
HOTH ,2019-08-13 18:40:34,128
HOTH ,2019-08-13 19:40:33,128
HOTH ,2019-08-13 20:40:34,129
HOTH ,2019-08-13 21:40:33,129
HOTH ,2019-08-13 22:40:37,129
HOTH ,2019-08-13 23:40:33,129
HOTH ,2019-08-14 00:40:34,129
HOTH ,2019-08-14 01:40:35,129
HOTH ,2019-08-14 02:40:34,129
HOTH ,2019-08-14 03:40:34,129
HOTH ,2019-08-14 04:40:32,129
HOTH ,2019-08-14 05:40:39,129
HOTH ,2019-08-14 06:40:33,129
HOTH ,2019-08-14 07:40:33,129
HOTH ,2019-08-14 08:40:32,129
HOTH ,2019-08-14 09:40:34,129
HOTH ,2019-08-14 10:40:32,129
HOTH ,2019-08-14 11:40:33,129
HOTH ,2019-08-14 13:03:39,129
HOTH ,2019-08-14 13:40:35,129
HOTH ,2019-08-14 14:40:36,128
HOTH ,2019-08-14 15:40:36,127
HOTH ,2019-08-14 16:40:35,128
HOTH ,2019-08-14 17:40:34,128
HOTH ,2019-08-14 18:40:35,128
HOTH ,2019-08-14 19:40:36,128
HOTH ,2019-08-14 20:40:34,128
HOTH ,2019-08-14 21:40:36,128
HOTH ,2019-08-14 22:40:35,128
HOTH ,2019-08-14 23:40:34,128
HOTH ,2019-08-15 00:40:34,128
HOTH ,2019-08-15 01:40:34,128
HOTH ,2019-08-15 02:40:35,128
HOTH ,2019-08-15 03:40:35,128
HOTH ,2019-08-15 04:40:35,128
HOTH ,2019-08-15 05:40:37,128
HOTH ,2019-08-15 06:40:33,128
HOTH ,2019-08-15 07:40:34,128
HOTH ,2019-08-15 08:40:49,128
HOTH ,2019-08-15 09:40:34,128
HOTH ,2019-08-15 10:40:34,128
HOTH ,2019-08-15 11:40:33,128
HOTH ,2019-08-15 13:03:38,128
HOTH ,2019-08-15 13:40:39,128
HOTH ,2019-08-15 14:40:35,128
HOTH ,2019-08-15 15:40:33,127
HOTH ,2019-08-15 16:40:36,127
HOTH ,2019-08-15 17:40:33,127
HOTH ,2019-08-15 18:40:35,127
HOTH ,2019-08-15 19:40:33,126
HOTH ,2019-08-15 20:40:35,125
HOTH ,2019-08-15 21:40:33,125
HOTH ,2019-08-15 22:40:33,125
HOTH ,2019-08-15 23:40:36,125
HOTH ,2019-08-16 00:40:33,125
HOTH ,2019-08-16 01:40:37,125
HOTH ,2019-08-16 02:40:36,125
HOTH ,2019-08-16 03:40:35,125
HOTH ,2019-08-16 04:40:33,125
HOTH ,2019-08-16 05:40:45,125
HOTH ,2019-08-16 06:40:33,125
HOTH ,2019-08-16 07:40:34,125
HOTH ,2019-08-16 08:40:34,125
HOTH ,2019-08-16 09:40:33,125
HOTH ,2019-08-16 10:40:33,125
HOTH ,2019-08-16 11:40:33,125
HOTH ,2019-08-16 12:40:33,125
HOTH ,2019-08-16 13:40:34,125
HOTH ,2019-08-16 14:40:34,126
HOTH ,2019-08-16 15:40:35,126
HOTH ,2019-08-16 16:40:35,126
HOTH ,2019-08-16 18:40:34,126
HOTH ,2019-08-16 19:40:35,125
HOTH ,2019-08-16 20:40:36,125
HOTH ,2019-08-16 21:40:35,125
HOTH ,2019-08-16 22:40:37,125
HOTH ,2019-08-16 23:40:34,125
HOTH ,2019-08-17 00:40:35,125
HOTH ,2019-08-17 01:40:35,125
HOTH ,2019-08-17 02:40:41,125
HOTH ,2019-08-17 03:40:34,125
HOTH ,2019-08-17 04:40:35,125
HOTH ,2019-08-17 05:40:34,125
HOTH ,2019-08-17 06:40:35,125
HOTH ,2019-08-17 07:40:34,125
HOTH ,2019-08-17 08:40:35,125
HOTH ,2019-08-17 09:40:34,125
HOTH ,2019-08-17 10:40:34,125
HOTH ,2019-08-17 11:40:33,125
HOTH ,2019-08-17 12:40:33,125
HOTH ,2019-08-17 13:40:35,125
HOTH ,2019-08-17 14:40:36,125
HOTH ,2019-08-17 15:40:35,125
HOTH ,2019-08-17 16:40:35,125
HOTH ,2019-08-17 17:40:34,125
HOTH ,2019-08-17 18:40:33,125
HOTH ,2019-08-17 19:40:34,125
HOTH ,2019-08-17 20:40:36,125
HOTH ,2019-08-17 21:40:34,125
HOTH ,2019-08-17 22:40:34,125
HOTH ,2019-08-17 23:40:34,125
HOTH ,2019-08-18 00:40:34,125
HOTH ,2019-08-18 01:40:34,125
HOTH ,2019-08-18 02:40:36,125
HOTH ,2019-08-18 03:40:34,125
HOTH ,2019-08-18 04:40:34,125
HOTH ,2019-08-18 05:40:35,125
HOTH ,2019-08-18 06:40:47,125
HOTH ,2019-08-18 07:40:35,125
HOTH ,2019-08-18 08:40:35,125
HOTH ,2019-08-18 09:40:35,125
HOTH ,2019-08-18 10:40:33,125
HOTH ,2019-08-18 11:40:34,125
HOTH ,2019-08-18 12:40:36,125
HOTH ,2019-08-18 13:40:36,125
HOTH ,2019-08-18 14:40:35,125
HOTH ,2019-08-18 15:40:35,125
HOTH ,2019-08-18 16:40:35,125
HOTH ,2019-08-18 17:40:35,125
HOTH ,2019-08-18 18:40:35,125
HOTH ,2019-08-18 19:40:35,125
HOTH ,2019-08-18 20:40:34,125
HOTH ,2019-08-18 21:40:35,125
HOTH ,2019-08-18 22:40:35,125
HOTH ,2019-08-18 23:40:34,125
HOTH ,2019-08-19 00:40:36,125
HOTH ,2019-08-19 01:40:34,125
HOTH ,2019-08-19 02:40:35,125
HOTH ,2019-08-19 03:40:34,125
HOTH ,2019-08-19 04:40:34,125
HOTH ,2019-08-19 05:40:35,125
HOTH ,2019-08-19 06:40:36,125
HOTH ,2019-08-19 07:40:44,125
HOTH ,2019-08-19 08:40:35,125
HOTH ,2019-08-19 09:40:40,125
HOTH ,2019-08-19 10:40:36,125
HOTH ,2019-08-19 11:40:34,125
HOTH ,2019-08-19 12:40:38,125
HOTH ,2019-08-19 13:40:35,125
HOTH ,2019-08-19 14:40:33,125
HOTH ,2019-08-19 15:40:34,125
HOTH ,2019-08-19 16:40:33,125
HOTH ,2019-08-19 17:40:34,124
HOTH ,2019-08-19 18:40:35,123
HOTH ,2019-08-19 19:40:33,123
HOTH ,2019-08-19 20:40:33,122
HOTH ,2019-08-19 21:40:34,122
HOTH ,2019-08-19 22:40:34,122
HOTH ,2019-08-19 23:40:34,122
HOTH ,2019-08-20 00:40:36,122
HOTH ,2019-08-20 01:40:35,122
HOTH ,2019-08-20 02:40:35,122
HOTH ,2019-08-20 03:40:34,122
HOTH ,2019-08-20 04:40:35,122
HOTH ,2019-08-20 05:40:39,122
HOTH ,2019-08-20 06:40:38,122
HOTH ,2019-08-20 07:40:33,122
HOTH ,2019-08-20 08:40:33,122
HOTH ,2019-08-20 09:40:33,122
HOTH ,2019-08-20 10:40:51,122
HOTH ,2019-08-20 11:40:33,122
HOTH ,2019-08-20 13:02:38,122
HOTH ,2019-08-20 13:40:41,122
HOTH ,2019-08-20 14:40:35,121
HOTH ,2019-08-20 15:40:34,121
HOTH ,2019-08-20 16:40:36,121
HOTH ,2019-08-20 17:40:35,121
HOTH ,2019-08-20 18:40:36,121
HOTH ,2019-08-20 19:40:35,121
HOTH ,2019-08-20 20:40:35,121
HOTH ,2019-08-20 21:40:37,121
HOTH ,2019-08-20 22:40:36,121
HOTH ,2019-08-20 23:40:34,121
HOTH ,2019-08-21 00:40:35,121
HOTH ,2019-08-21 01:40:35,121
HOTH ,2019-08-21 02:40:38,121
HOTH ,2019-08-21 03:40:37,121
HOTH ,2019-08-21 04:40:35,121
HOTH ,2019-08-21 05:40:36,121
HOTH ,2019-08-21 06:40:37,121
HOTH ,2019-08-21 07:40:35,121
HOTH ,2019-08-21 08:40:35,121
HOTH ,2019-08-21 09:40:35,121
HOTH ,2019-08-21 10:40:34,121
HOTH ,2019-08-21 11:40:35,121
HOTH ,2019-08-21 12:40:35,121
HOTH ,2019-08-21 13:40:36,121
HOTH ,2019-08-21 14:40:35,119
HOTH ,2019-08-21 15:40:37,119
HOTH ,2019-08-21 16:40:44,120
HOTH ,2019-08-21 17:40:35,120
HOTH ,2019-08-21 18:40:35,120
HOTH ,2019-08-21 19:40:35,120
HOTH ,2019-08-21 20:40:35,121
HOTH ,2019-08-21 21:40:35,121
HOTH ,2019-08-21 22:40:38,121
HOTH ,2019-08-21 23:40:36,121
HOTH ,2019-08-22 00:40:36,121
HOTH ,2019-08-22 01:40:35,121
HOTH ,2019-08-22 02:40:36,121
HOTH ,2019-08-22 03:40:35,121
HOTH ,2019-08-22 04:40:35,121
HOTH ,2019-08-22 05:40:37,121
HOTH ,2019-08-22 06:40:35,121
HOTH ,2019-08-22 07:40:35,121
HOTH ,2019-08-22 08:40:36,121
HOTH ,2019-08-22 09:40:36,121
HOTH ,2019-08-22 10:40:35,121
HOTH ,2019-08-22 11:40:36,121
HOTH ,2019-08-22 12:40:35,121
HOTH ,2019-08-22 13:40:35,121
HOTH ,2019-08-22 14:40:39,121
HOTH ,2019-08-22 15:40:37,120
HOTH ,2019-08-22 16:40:38,120
HOTH ,2019-08-22 17:40:38,120
HOTH ,2019-08-22 18:40:38,120
HOTH ,2019-08-22 19:40:37,120
HOTH ,2019-08-22 20:40:37,120
HOTH ,2019-08-22 21:40:38,120
HOTH ,2019-08-22 22:40:35,120
HOTH ,2019-08-22 23:40:37,120
HOTH ,2019-08-23 00:40:39,120
HOTH ,2019-08-23 01:40:41,120
HOTH ,2019-08-23 02:40:37,120
HOTH ,2019-08-23 03:40:36,120
HOTH ,2019-08-23 04:40:35,120
HOTH ,2019-08-23 05:40:36,120
HOTH ,2019-08-23 06:40:36,120
HOTH ,2019-08-23 07:40:36,120
HOTH ,2019-08-23 08:40:38,120
HOTH ,2019-08-23 09:40:35,120
HOTH ,2019-08-23 10:40:37,120
HOTH ,2019-08-23 11:40:35,120
HOTH ,2019-08-23 12:40:37,120
HOTH ,2019-08-23 13:40:35,120
HOTH ,2019-08-23 14:40:36,120
HOTH ,2019-08-23 15:40:37,120
HOTH ,2019-08-23 16:40:37,120
HOTH ,2019-08-23 17:40:35,119
HOTH ,2019-08-23 18:40:38,119
HOTH ,2019-08-23 19:40:38,119
HOTH ,2019-08-23 20:40:35,119
HOTH ,2019-08-23 21:40:36,119
HOTH ,2019-08-23 22:40:39,119
HOTH ,2019-08-23 23:40:36,119
HOTH ,2019-08-24 00:40:35,119
HOTH ,2019-08-24 01:40:35,119
HOTH ,2019-08-24 02:40:51,119
HOTH ,2019-08-24 03:40:35,119
HOTH ,2019-08-24 04:40:34,119
HOTH ,2019-08-24 05:40:37,119
HOTH ,2019-08-24 06:40:36,119
HOTH ,2019-08-24 07:40:38,119
HOTH ,2019-08-24 08:40:35,119
HOTH ,2019-08-24 09:40:36,119
HOTH ,2019-08-24 10:40:35,119
HOTH ,2019-08-24 11:40:35,119
HOTH ,2019-08-24 12:40:37,119
HOTH ,2019-08-24 13:40:36,119
HOTH ,2019-08-24 14:40:36,119
HOTH ,2019-08-24 15:40:35,119
HOTH ,2019-08-24 16:40:39,119
HOTH ,2019-08-24 17:40:35,119
HOTH ,2019-08-24 18:40:37,119
HOTH ,2019-08-24 19:40:35,119
HOTH ,2019-08-24 20:40:36,119
HOTH ,2019-08-24 21:40:35,119
HOTH ,2019-08-24 22:40:36,119
HOTH ,2019-08-24 23:40:35,119
HOTH ,2019-08-25 00:40:34,119
HOTH ,2019-08-25 01:40:38,119
HOTH ,2019-08-25 02:40:43,119
HOTH ,2019-08-25 03:40:35,119
HOTH ,2019-08-25 04:40:36,119
HOTH ,2019-08-25 05:40:35,119
HOTH ,2019-08-25 06:40:35,119
HOTH ,2019-08-25 07:40:36,119
HOTH ,2019-08-25 08:40:37,119
HOTH ,2019-08-25 09:40:34,119
HOTH ,2019-08-25 10:40:35,119
HOTH ,2019-08-25 11:40:36,119
HOTH ,2019-08-25 12:40:35,119
HOTH ,2019-08-25 13:40:34,119
HOTH ,2019-08-25 14:40:35,119
HOTH ,2019-08-25 15:40:36,119
HOTH ,2019-08-25 16:40:40,119
HOTH ,2019-08-25 17:40:34,119
HOTH ,2019-08-25 18:40:34,119
HOTH ,2019-08-25 19:40:37,119
HOTH ,2019-08-25 20:40:36,119
HOTH ,2019-08-25 21:40:36,119
HOTH ,2019-08-25 22:40:34,119
HOTH ,2019-08-25 23:40:36,119
HOTH ,2019-08-26 00:40:35,119
HOTH ,2019-08-26 01:40:33,119
HOTH ,2019-08-26 02:40:39,119
HOTH ,2019-08-26 03:40:35,119
HOTH ,2019-08-26 04:40:35,119
HOTH ,2019-08-26 05:40:35,119
HOTH ,2019-08-26 06:40:35,119
HOTH ,2019-08-26 07:40:36,119
HOTH ,2019-08-26 08:40:34,119
HOTH ,2019-08-26 09:40:35,119
HOTH ,2019-08-26 10:40:37,119
HOTH ,2019-08-26 11:40:34,119
HOTH ,2019-08-26 12:40:37,119
HOTH ,2019-08-26 13:40:35,119
HOTH ,2019-08-26 14:40:34,120
HOTH ,2019-08-26 15:40:36,119
HOTH ,2019-08-26 16:40:38,119
HOTH ,2019-08-26 17:40:36,118
HOTH ,2019-08-26 18:40:35,118
HOTH ,2019-08-26 19:40:37,118
HOTH ,2019-08-26 20:40:35,118
HOTH ,2019-08-26 21:40:36,118
HOTH ,2019-08-26 22:40:34,118
HOTH ,2019-08-26 23:40:34,118
HOTH ,2019-08-27 00:40:35,118
HOTH ,2019-08-27 01:40:35,118
HOTH ,2019-08-27 02:40:39,118
HOTH ,2019-08-27 03:40:34,118
HOTH ,2019-08-27 04:40:35,118
HOTH ,2019-08-27 05:40:36,118
HOTH ,2019-08-27 06:40:36,118
HOTH ,2019-08-27 07:40:35,118
HOTH ,2019-08-27 08:40:37,118
HOTH ,2019-08-27 09:40:34,118
HOTH ,2019-08-27 10:40:34,118
HOTH ,2019-08-27 11:40:39,118
HOTH ,2019-08-27 12:40:36,118
HOTH ,2019-08-27 13:40:46,118
HOTH ,2019-08-27 14:40:35,118
HOTH ,2019-08-27 15:40:37,118
HOTH ,2019-08-27 16:40:36,117
HOTH ,2019-08-27 17:40:35,117
HOTH ,2019-08-27 18:40:35,117
HOTH ,2019-08-27 19:40:37,117
HOTH ,2019-08-27 20:40:34,116
HOTH ,2019-08-27 21:40:37,116
HOTH ,2019-08-27 22:40:36,116
HOTH ,2019-08-27 23:40:36,116
HOTH ,2019-08-28 00:40:40,116
HOTH ,2019-08-28 01:40:36,116
HOTH ,2019-08-28 02:40:40,116
HOTH ,2019-08-28 03:40:44,116
HOTH ,2019-08-28 04:40:36,116
HOTH ,2019-08-28 05:40:37,116
HOTH ,2019-08-28 06:40:36,116
HOTH ,2019-08-28 07:40:39,116
HOTH ,2019-08-28 08:40:34,116
HOTH ,2019-08-28 09:40:38,116
HOTH ,2019-08-28 10:40:37,116
HOTH ,2019-08-28 11:40:36,116
HOTH ,2019-08-28 12:40:36,116
HOTH ,2019-08-28 13:40:35,116
HOTH ,2019-08-28 14:40:34,116
HOTH ,2019-08-28 15:40:34,116
HOTH ,2019-08-28 16:40:46,117
HOTH ,2019-08-28 17:40:35,117
HOTH ,2019-08-28 18:40:35,117
HOTH ,2019-08-28 19:40:35,117
HOTH ,2019-08-28 20:40:35,117
HOTH ,2019-08-28 21:40:35,117
HOTH ,2019-08-28 22:40:36,117
HOTH ,2019-08-28 23:40:36,117
HOTH ,2019-08-29 00:40:34,117
HOTH ,2019-08-29 01:40:35,117
HOTH ,2019-08-29 02:40:37,117
HOTH ,2019-08-29 03:40:34,117
HOTH ,2019-08-29 04:40:35,117
HOTH ,2019-08-29 05:40:41,117
HOTH ,2019-08-29 06:40:34,117
HOTH ,2019-08-29 07:40:35,117
HOTH ,2019-08-29 08:40:35,117
HOTH ,2019-08-29 09:40:38,117
HOTH ,2019-08-29 10:40:33,117
HOTH ,2019-08-29 11:40:33,117
HOTH ,2019-08-29 12:40:36,117
HOTH ,2019-08-29 13:40:35,117
HOTH ,2019-08-29 14:40:34,115
HOTH ,2019-08-29 15:40:34,115
HOTH ,2019-08-29 16:40:38,115
HOTH ,2019-08-29 17:40:34,116
HOTH ,2019-08-29 18:40:34,116
HOTH ,2019-08-29 19:40:32,116
HOTH ,2019-08-29 20:40:35,116
HOTH ,2019-08-29 21:40:34,116
HOTH ,2019-08-29 22:40:33,116
HOTH ,2019-08-29 23:40:34,116
HOTH ,2019-08-30 00:40:35,116
HOTH ,2019-08-30 01:40:36,116
HOTH ,2019-08-30 02:40:36,116
HOTH ,2019-08-30 03:40:34,116
HOTH ,2019-08-30 04:40:36,116
HOTH ,2019-08-30 05:40:38,116
HOTH ,2019-08-30 06:40:34,116
HOTH ,2019-08-30 07:40:34,116
HOTH ,2019-08-30 08:40:33,116
HOTH ,2019-08-30 09:40:33,116
HOTH ,2019-08-30 10:40:33,116
HOTH ,2019-08-30 11:40:33,116
HOTH ,2019-08-30 12:40:34,116
HOTH ,2019-08-30 13:40:33,116
HOTH ,2019-08-30 14:40:33,116
HOTH ,2019-08-30 15:40:34,116
HOTH ,2019-08-30 16:40:36,117
HOTH ,2019-08-30 17:40:34,116
HOTH ,2019-08-30 18:40:33,116
HOTH ,2019-08-30 19:40:33,116
HOTH ,2019-08-30 20:40:35,116
HOTH ,2019-08-30 21:40:35,116
HOTH ,2019-08-30 22:40:37,116
HOTH ,2019-08-30 23:40:35,116
HOTH ,2019-08-31 00:40:35,116
HOTH ,2019-08-31 01:40:36,116
HOTH ,2019-08-31 02:40:35,116
HOTH ,2019-08-31 03:40:35,116
HOTH ,2019-08-31 04:40:35,116
HOTH ,2019-08-31 23:40:40,116
HOTH ,2019-09-01 00:40:36,116
HOTH ,2019-09-01 01:40:35,116
HOTH ,2019-09-01 02:40:37,116
HOTH ,2019-09-01 03:40:35,116
HOTH ,2019-09-01 04:40:35,116
HOTH ,2019-09-01 05:40:35,116
HOTH ,2019-09-01 06:40:35,116
HOTH ,2019-09-01 07:40:35,116
HOTH ,2019-09-01 08:40:36,116
HOTH ,2019-09-01 09:40:35,116
HOTH ,2019-09-01 10:40:36,116
HOTH ,2019-09-01 11:40:35,116
HOTH ,2019-09-01 12:40:36,116
HOTH ,2019-09-01 13:40:35,116
HOTH ,2019-09-01 14:40:36,116
HOTH ,2019-09-01 15:40:35,116
HOTH ,2019-09-01 16:40:36,116
HOTH ,2019-09-01 17:40:38,116
HOTH ,2019-09-01 18:40:35,116
HOTH ,2019-09-01 19:40:35,116
HOTH ,2019-09-01 20:40:35,116
HOTH ,2019-09-01 21:40:35,116
HOTH ,2019-09-01 22:40:36,116
HOTH ,2019-09-01 23:40:36,116
HOTH ,2019-09-02 00:40:34,116
HOTH ,2019-09-02 01:40:34,116
HOTH ,2019-09-02 02:40:35,116
HOTH ,2019-09-02 03:40:35,116
HOTH ,2019-09-02 04:40:36,116
HOTH ,2019-09-02 05:40:40,116
HOTH ,2019-09-02 06:40:36,116
HOTH ,2019-09-02 07:40:37,116
HOTH ,2019-09-02 08:40:34,116
HOTH ,2019-09-02 09:40:34,116
HOTH ,2019-09-02 10:40:41,116
HOTH ,2019-09-02 11:40:36,116
HOTH ,2019-09-02 12:40:34,116
HOTH ,2019-09-02 13:40:36,116
HOTH ,2019-09-02 14:40:35,116
HOTH ,2019-09-02 15:40:35,116
HOTH ,2019-09-02 16:40:40,116
HOTH ,2019-09-02 17:40:34,116
HOTH ,2019-09-02 18:40:35,116
HOTH ,2019-09-02 19:40:35,116
HOTH ,2019-09-02 20:40:35,116
HOTH ,2019-09-02 21:40:35,116
HOTH ,2019-09-02 22:40:37,116
HOTH ,2019-09-02 23:40:35,116
HOTH ,2019-09-03 00:40:35,116
HOTH ,2019-09-03 01:40:36,116
HOTH ,2019-09-03 02:40:37,116
HOTH ,2019-09-03 03:40:34,116
HOTH ,2019-09-03 04:40:35,116
HOTH ,2019-09-03 05:40:35,116
HOTH ,2019-09-03 06:40:36,116
HOTH ,2019-09-03 07:40:35,116
HOTH ,2019-09-03 08:40:40,116
HOTH ,2019-09-03 09:40:34,116
HOTH ,2019-09-03 10:40:36,116
HOTH ,2019-09-03 11:40:34,116
HOTH ,2019-09-03 13:04:39,116
HOTH ,2019-09-03 13:40:39,116
HOTH ,2019-09-03 14:40:36,116
HOTH ,2019-09-03 15:40:35,116
HOTH ,2019-09-03 16:40:38,115
HOTH ,2019-09-03 17:40:36,116
HOTH ,2019-09-03 18:40:35,117
HOTH ,2019-09-03 19:40:34,116
HOTH ,2019-09-03 20:40:35,116
HOTH ,2019-09-03 21:40:35,116
HOTH ,2019-09-03 22:40:38,116
HOTH ,2019-09-03 23:40:35,116
HOTH ,2019-09-04 00:40:37,116
HOTH ,2019-09-04 01:40:35,116
HOTH ,2019-09-04 02:40:36,116
HOTH ,2019-09-04 03:40:34,116
HOTH ,2019-09-04 04:40:34,116
HOTH ,2019-09-04 05:40:40,116
HOTH ,2019-09-04 06:40:36,116
HOTH ,2019-09-04 07:40:35,116
HOTH ,2019-09-04 08:40:35,116
HOTH ,2019-09-04 09:40:36,116
HOTH ,2019-09-04 10:40:36,116
HOTH ,2019-09-04 11:40:35,116
HOTH ,2019-09-04 13:03:40,116
HOTH ,2019-09-04 13:40:35,116
HOTH ,2019-09-04 14:40:36,116
HOTH ,2019-09-04 15:40:36,116
HOTH ,2019-09-04 16:40:39,116
HOTH ,2019-09-04 17:40:34,116
HOTH ,2019-09-04 18:40:37,117
HOTH ,2019-09-04 19:40:36,118
HOTH ,2019-09-04 20:40:35,118
HOTH ,2019-09-04 21:40:34,118
HOTH ,2019-09-04 22:40:35,118
HOTH ,2019-09-04 23:40:35,118
HOTH ,2019-09-05 01:40:35,118
HOTH ,2019-09-05 02:40:38,118
HOTH ,2019-09-05 03:40:34,118
HOTH ,2019-09-05 04:40:35,118
HOTH ,2019-09-05 05:40:40,118
HOTH ,2019-09-05 06:40:34,118
HOTH ,2019-09-05 07:40:39,118
HOTH ,2019-09-05 08:40:35,118
HOTH ,2019-09-05 09:40:34,118
HOTH ,2019-09-05 10:40:37,118
HOTH ,2019-09-05 11:40:35,118
HOTH ,2019-09-05 13:04:39,118
HOTH ,2019-09-05 13:40:35,118
HOTH ,2019-09-05 14:40:38,118
HOTH ,2019-09-05 15:40:35,119
HOTH ,2019-09-05 16:40:46,119
HOTH ,2019-09-05 17:40:36,119
HOTH ,2019-09-05 18:40:34,119
HOTH ,2019-09-05 19:40:34,119
HOTH ,2019-09-05 20:40:37,119
HOTH ,2019-09-05 21:40:36,119
HOTH ,2019-09-05 22:40:36,119
HOTH ,2019-09-05 23:40:37,119
HOTH ,2019-09-06 00:40:36,119
HOTH ,2019-09-06 01:40:35,119
HOTH ,2019-09-06 02:40:35,119
HOTH ,2019-09-06 03:40:34,119
HOTH ,2019-09-06 04:40:34,119
HOTH ,2019-09-06 05:40:43,119
HOTH ,2019-09-06 06:40:35,119
HOTH ,2019-09-06 07:40:36,119
HOTH ,2019-09-06 08:40:35,119
HOTH ,2019-09-06 09:40:36,119
HOTH ,2019-09-06 10:40:36,119
HOTH ,2019-09-06 11:40:47,119
HOTH ,2019-09-06 13:03:40,119
HOTH ,2019-09-06 13:40:35,119
HOTH ,2019-09-06 14:40:34,119
HOTH ,2019-09-06 15:40:35,119
HOTH ,2019-09-06 16:40:41,119
HOTH ,2019-09-06 17:40:34,119
HOTH ,2019-09-06 18:40:38,118
HOTH ,2019-09-06 19:40:35,119
HOTH ,2019-09-06 20:40:36,119
HOTH ,2019-09-06 21:40:36,119
HOTH ,2019-09-06 22:40:36,119
HOTH ,2019-09-06 23:40:35,119
HOTH ,2019-09-07 00:40:35,119
HOTH ,2019-09-07 01:40:37,119
HOTH ,2019-09-07 02:40:35,119
HOTH ,2019-09-07 03:40:36,119
HOTH ,2019-09-07 04:40:35,119
HOTH ,2019-09-07 05:40:50,119
HOTH ,2019-09-07 06:40:35,119
HOTH ,2019-09-07 07:40:34,119
HOTH ,2019-09-07 08:40:34,119
HOTH ,2019-09-07 09:40:35,119
HOTH ,2019-09-07 10:40:37,119
HOTH ,2019-09-07 11:40:35,119
HOTH ,2019-09-07 12:40:34,119
HOTH ,2019-09-07 13:40:36,119
HOTH ,2019-09-07 14:40:35,119
HOTH ,2019-09-07 15:40:35,119
HOTH ,2019-09-07 16:40:35,119
HOTH ,2019-09-07 17:40:35,119
HOTH ,2019-09-07 18:40:35,119
HOTH ,2019-09-07 19:40:34,119
HOTH ,2019-09-07 20:40:35,119
HOTH ,2019-09-07 21:40:35,119
HOTH ,2019-09-07 22:40:34,119
HOTH ,2019-09-07 23:40:36,119
HOTH ,2019-09-08 00:40:35,119
HOTH ,2019-09-08 01:40:36,119
HOTH ,2019-09-08 02:40:38,119
HOTH ,2019-09-08 03:40:35,119
HOTH ,2019-09-08 04:40:36,119
HOTH ,2019-09-08 05:40:36,119
HOTH ,2019-09-08 06:40:36,119
HOTH ,2019-09-08 07:40:34,119
HOTH ,2019-09-08 08:40:36,119
HOTH ,2019-09-08 09:40:35,119
HOTH ,2019-09-08 10:40:38,119
HOTH ,2019-09-08 11:40:35,119
HOTH ,2019-09-08 12:40:35,119
HOTH ,2019-09-08 13:40:37,119
HOTH ,2019-09-08 14:40:35,119
HOTH ,2019-09-08 15:40:35,119
HOTH ,2019-09-08 16:40:39,119
HOTH ,2019-09-08 17:40:36,119
HOTH ,2019-09-08 18:40:35,119
HOTH ,2019-09-08 19:40:41,119
HOTH ,2019-09-08 20:40:36,119
HOTH ,2019-09-08 21:40:36,119
HOTH ,2019-09-08 22:40:35,119
HOTH ,2019-09-08 23:40:35,119
HOTH ,2019-09-09 00:40:35,119
HOTH ,2019-09-09 01:40:35,119
HOTH ,2019-09-09 02:40:36,119
HOTH ,2019-09-09 03:40:35,119
HOTH ,2019-09-09 04:40:35,119
HOTH ,2019-09-09 05:40:40,119
HOTH ,2019-09-09 06:40:35,119
HOTH ,2019-09-09 07:40:35,119
HOTH ,2019-09-09 08:40:34,119
HOTH ,2019-09-09 09:40:35,119
HOTH ,2019-09-09 10:40:35,119
HOTH ,2019-09-09 11:40:35,119
HOTH ,2019-09-09 13:03:40,119
HOTH ,2019-09-09 13:40:36,119
HOTH ,2019-09-09 14:40:41,119
HOTH ,2019-09-09 15:40:36,119
HOTH ,2019-09-09 16:40:41,119
HOTH ,2019-09-09 17:40:35,119
HOTH ,2019-09-09 18:40:35,120
HOTH ,2019-09-09 19:40:35,120
HOTH ,2019-09-09 20:40:34,120
HOTH ,2019-09-09 21:40:36,120
HOTH ,2019-09-09 22:40:34,120
HOTH ,2019-09-09 23:40:35,120
HOTH ,2019-09-10 00:40:35,120
HOTH ,2019-09-10 01:40:35,120
HOTH ,2019-09-10 02:40:36,120
HOTH ,2019-09-10 03:40:36,120
HOTH ,2019-09-10 04:40:36,120
HOTH ,2019-09-10 05:40:36,120
HOTH ,2019-09-10 06:40:35,120
HOTH ,2019-09-10 07:40:34,120
HOTH ,2019-09-10 08:40:37,120
HOTH ,2019-09-10 09:40:43,120
HOTH ,2019-09-10 10:40:36,120
HOTH ,2019-09-10 11:40:35,120
HOTH ,2019-09-10 12:40:36,120
HOTH ,2019-09-10 13:40:35,120
HOTH ,2019-09-10 14:40:35,120
HOTH ,2019-09-10 15:40:35,120
HOTH ,2019-09-10 16:40:36,121
HOTH ,2019-09-10 17:40:35,121
HOTH ,2019-09-10 18:40:35,121
HOTH ,2019-09-10 19:40:42,121
HOTH ,2019-09-10 20:40:35,122
HOTH ,2019-09-10 21:40:36,122
HOTH ,2019-09-10 22:40:35,122
HOTH ,2019-09-10 23:40:36,122
HOTH ,2019-09-11 00:40:34,122
HOTH ,2019-09-11 01:40:36,122
HOTH ,2019-09-11 02:40:35,122
HOTH ,2019-09-11 03:40:34,122
HOTH ,2019-09-11 04:40:35,122
HOTH ,2019-09-11 05:40:38,122
HOTH ,2019-09-11 06:40:36,122
HOTH ,2019-09-11 07:40:35,122
HOTH ,2019-09-11 08:40:35,122
HOTH ,2019-09-11 09:40:36,122
HOTH ,2019-09-11 10:40:42,122
HOTH ,2019-09-11 11:40:38,122
HOTH ,2019-09-11 12:40:36,122
HOTH ,2019-09-11 13:40:37,122
HOTH ,2019-09-11 14:40:36,122
HOTH ,2019-09-11 15:40:35,122
HOTH ,2019-09-11 16:40:35,121
HOTH ,2019-09-11 17:40:35,121
HOTH ,2019-09-11 18:40:35,121
HOTH ,2019-09-11 19:40:35,121
HOTH ,2019-09-11 20:40:35,121
HOTH ,2019-09-11 21:40:40,121
HOTH ,2019-09-11 22:40:36,121
HOTH ,2019-09-11 23:40:35,121
HOTH ,2019-09-12 00:40:36,121
HOTH ,2019-09-12 01:40:35,121
HOTH ,2019-09-12 02:40:41,121
HOTH ,2019-09-12 03:40:36,121
HOTH ,2019-09-12 04:40:35,121
HOTH ,2019-09-12 05:40:37,121
HOTH ,2019-09-12 06:40:36,121
HOTH ,2019-09-12 07:40:35,121
HOTH ,2019-09-12 08:40:35,121
HOTH ,2019-09-12 09:40:35,121
HOTH ,2019-09-12 10:40:45,121
HOTH ,2019-09-12 11:40:36,121
HOTH ,2019-09-12 13:04:41,121
HOTH ,2019-09-12 13:40:37,121
HOTH ,2019-09-12 14:40:39,120
HOTH ,2019-09-12 15:40:39,119
HOTH ,2019-09-12 16:40:38,119
HOTH ,2019-09-12 17:40:36,119
HOTH ,2019-09-12 18:40:37,119
HOTH ,2019-09-12 19:40:36,118
HOTH ,2019-09-12 20:40:36,118
HOTH ,2019-09-12 21:40:35,118
HOTH ,2019-09-12 22:40:36,118
HOTH ,2019-09-12 23:40:36,118
HOTH ,2019-09-13 00:40:36,118
HOTH ,2019-09-13 01:40:37,118
HOTH ,2019-09-13 02:40:36,118
HOTH ,2019-09-13 03:40:37,118
HOTH ,2019-09-13 04:40:35,118
HOTH ,2019-09-13 05:40:36,118
HOTH ,2019-09-13 06:40:37,118
HOTH ,2019-09-13 07:40:36,118
HOTH ,2019-09-13 08:40:36,118
HOTH ,2019-09-13 09:40:36,118
HOTH ,2019-09-13 10:40:37,118
HOTH ,2019-09-13 11:40:35,118
HOTH ,2019-09-13 13:04:39,118
HOTH ,2019-09-13 14:05:41,119
HOTH ,2019-09-13 14:40:37,119
HOTH ,2019-09-13 15:40:36,120
HOTH ,2019-09-13 16:40:36,119
HOTH ,2019-09-13 17:40:36,119
HOTH ,2019-09-13 18:40:36,118
HOTH ,2019-09-13 19:40:36,118
HOTH ,2019-09-13 20:40:34,117
HOTH ,2019-09-13 21:40:38,117
HOTH ,2019-09-13 22:40:35,117
HOTH ,2019-09-13 23:40:35,117
HOTH ,2019-09-14 00:40:38,117
HOTH ,2019-09-14 01:40:34,117
HOTH ,2019-09-14 02:40:36,117
HOTH ,2019-09-14 03:40:37,117
HOTH ,2019-09-14 04:40:34,117
HOTH ,2019-09-14 05:40:35,117
HOTH ,2019-09-14 06:40:36,117
HOTH ,2019-09-14 07:40:35,117
HOTH ,2019-09-14 08:40:35,117
HOTH ,2019-09-14 09:40:34,117
HOTH ,2019-09-14 10:40:36,117
HOTH ,2019-09-14 11:40:34,117
HOTH ,2019-09-14 12:40:35,117
HOTH ,2019-09-14 13:40:34,117
HOTH ,2019-09-14 14:40:36,117
HOTH ,2019-09-14 15:40:34,117
HOTH ,2019-09-14 16:40:36,117
HOTH ,2019-09-14 17:40:36,117
HOTH ,2019-09-14 18:40:34,117
HOTH ,2019-09-14 19:40:34,117
HOTH ,2019-09-14 20:40:34,117
HOTH ,2019-09-14 21:40:36,117
HOTH ,2019-09-14 22:40:35,117
HOTH ,2019-09-14 23:40:35,117
HOTH ,2019-09-15 00:40:36,117
HOTH ,2019-09-15 01:40:34,117
HOTH ,2019-09-15 02:40:37,117
HOTH ,2019-09-15 03:40:37,117
HOTH ,2019-09-15 04:40:36,117
HOTH ,2019-09-15 05:40:34,117
HOTH ,2019-09-15 06:40:38,117
HOTH ,2019-09-15 07:40:37,117
HOTH ,2019-09-15 08:40:37,117
HOTH ,2019-09-15 09:40:35,117
HOTH ,2019-09-15 10:40:36,117
HOTH ,2019-09-15 11:40:36,117
HOTH ,2019-09-15 12:40:36,117
HOTH ,2019-09-15 13:40:36,117
HOTH ,2019-09-15 14:40:35,117
HOTH ,2019-09-15 15:40:35,117
HOTH ,2019-09-15 16:40:37,117
HOTH ,2019-09-15 17:40:33,117
HOTH ,2019-09-15 18:40:34,117
HOTH ,2019-09-15 19:40:34,117
HOTH ,2019-09-15 20:40:35,117
HOTH ,2019-09-15 21:40:36,117
HOTH ,2019-09-15 22:40:35,117
HOTH ,2019-09-15 23:40:34,117
HOTH ,2019-09-16 00:40:36,117
HOTH ,2019-09-16 01:40:35,117
HOTH ,2019-09-16 02:40:36,117
HOTH ,2019-09-16 03:40:36,117
HOTH ,2019-09-16 04:40:34,117
HOTH ,2019-09-16 05:40:36,117
HOTH ,2019-09-16 06:40:37,117
HOTH ,2019-09-16 07:40:35,117
HOTH ,2019-09-16 08:40:36,117
HOTH ,2019-09-16 09:40:36,117
HOTH ,2019-09-16 10:40:36,117
HOTH ,2019-09-16 11:40:34,117
HOTH ,2019-09-16 13:04:10,117
HOTH ,2019-09-16 13:40:36,117
HOTH ,2019-09-16 14:40:37,118
HOTH ,2019-09-16 15:40:36,117
HOTH ,2019-09-16 16:40:38,117
HOTH ,2019-09-16 17:40:36,117
HOTH ,2019-09-16 18:40:36,117
HOTH ,2019-09-16 19:40:42,118
HOTH ,2019-09-16 20:40:38,118
HOTH ,2019-09-16 21:40:37,118
HOTH ,2019-09-16 22:40:39,118
HOTH ,2019-09-16 23:40:36,118
HOTH ,2019-09-17 00:40:36,118
HOTH ,2019-09-17 01:40:35,118
HOTH ,2019-09-17 02:40:37,118
HOTH ,2019-09-17 03:40:37,118
HOTH ,2019-09-17 04:40:36,118
HOTH ,2019-09-17 05:40:36,118
HOTH ,2019-09-17 06:40:35,118
HOTH ,2019-09-17 07:40:37,118
HOTH ,2019-09-17 08:40:35,118
HOTH ,2019-09-17 09:40:38,118
HOTH ,2019-09-17 10:40:37,118
HOTH ,2019-09-17 11:40:35,118
HOTH ,2019-09-17 12:40:36,118
HOTH ,2019-09-17 13:40:37,118
HOTH ,2019-09-17 14:40:36,118
HOTH ,2019-09-17 15:40:37,118
HOTH ,2019-09-17 16:40:38,119
HOTH ,2019-09-17 17:40:35,117
HOTH ,2019-09-17 18:40:37,118
HOTH ,2019-09-17 19:40:36,118
HOTH ,2019-09-17 20:40:36,118
HOTH ,2019-09-17 21:40:36,118
HOTH ,2019-09-17 22:40:39,118
HOTH ,2019-09-17 23:40:36,118
HOTH ,2019-09-18 00:40:36,118
HOTH ,2019-09-18 01:40:36,118
HOTH ,2019-09-18 02:40:35,118
HOTH ,2019-09-18 03:40:36,118
HOTH ,2019-09-18 04:40:43,118
HOTH ,2019-09-18 05:40:36,118
HOTH ,2019-09-18 06:40:38,118
HOTH ,2019-09-18 07:40:36,118
HOTH ,2019-09-18 08:40:37,118
HOTH ,2019-09-18 09:40:37,118
HOTH ,2019-09-18 10:40:36,118
HOTH ,2019-09-18 11:40:36,118
HOTH ,2019-09-18 13:35:44,118
HOTH ,2019-09-18 13:43:01,118
HOTH ,2019-09-18 14:40:37,118
HOTH ,2019-09-18 15:40:38,118
HOTH ,2019-09-18 16:40:39,118
HOTH ,2019-09-18 17:40:36,118
HOTH ,2019-09-18 18:40:36,118
HOTH ,2019-09-18 19:40:38,117
HOTH ,2019-09-18 20:40:37,117
HOTH ,2019-09-18 21:40:36,117
HOTH ,2019-09-18 22:40:37,117
HOTH ,2019-09-18 23:40:38,117
HOTH ,2019-09-19 00:40:35,117
HOTH ,2019-09-19 01:40:36,117
HOTH ,2019-09-19 02:40:38,117
HOTH ,2019-09-19 03:40:37,117
HOTH ,2019-09-19 04:40:35,117
HOTH ,2019-09-19 05:40:36,117
HOTH ,2019-09-19 06:40:38,117
HOTH ,2019-09-19 07:40:35,117
HOTH ,2019-09-19 08:40:36,117
HOTH ,2019-09-19 09:40:36,117
HOTH ,2019-09-19 10:40:37,117
HOTH ,2019-09-19 11:40:35,117
HOTH ,2019-09-19 13:04:10,117
HOTH ,2019-09-19 13:40:38,117
HOTH ,2019-09-19 14:40:35,117
HOTH ,2019-09-19 15:40:36,117
HOTH ,2019-09-19 16:40:38,117
HOTH ,2019-09-19 17:40:36,116
HOTH ,2019-09-19 18:40:37,116
HOTH ,2019-09-19 19:40:35,118
HOTH ,2019-09-19 20:40:38,118
HOTH ,2019-09-19 21:40:36,118
HOTH ,2019-09-19 22:40:37,118
HOTH ,2019-09-19 23:40:35,118
HOTH ,2019-09-20 00:40:37,118
HOTH ,2019-09-20 01:40:41,118
HOTH ,2019-09-20 02:40:35,118
HOTH ,2019-09-20 03:40:36,118
HOTH ,2019-09-20 04:40:36,118
HOTH ,2019-09-20 05:40:37,118
HOTH ,2019-09-20 06:40:36,118
HOTH ,2019-09-20 07:40:36,118
HOTH ,2019-09-20 08:40:36,118
HOTH ,2019-09-20 09:40:35,118
HOTH ,2019-09-20 10:40:35,118
HOTH ,2019-09-20 11:40:36,118
HOTH ,2019-09-20 12:40:38,118
HOTH ,2019-09-20 13:40:34,118
HOTH ,2019-09-20 14:40:37,120
HOTH ,2019-09-20 15:40:37,121
HOTH ,2019-09-20 16:40:37,121
HOTH ,2019-09-20 17:40:40,121
HOTH ,2019-09-20 18:40:36,121
HOTH ,2019-09-20 19:40:39,121
HOTH ,2019-09-20 20:40:35,121
HOTH ,2019-09-20 21:40:37,121
HOTH ,2019-09-20 22:40:38,121
HOTH ,2019-09-20 23:40:35,121
HOTH ,2019-09-21 00:40:35,121
HOTH ,2019-09-21 01:40:36,121
HOTH ,2019-09-21 02:40:37,121
HOTH ,2019-09-21 03:40:39,121
HOTH ,2019-09-21 04:40:35,121
HOTH ,2019-09-21 05:40:38,121
HOTH ,2019-09-21 06:40:38,121
HOTH ,2019-09-21 07:40:35,121
HOTH ,2019-09-21 08:40:36,121
HOTH ,2019-09-21 09:40:37,121
HOTH ,2019-09-21 10:40:35,121
HOTH ,2019-09-21 11:40:36,121
HOTH ,2019-09-21 12:40:37,121
HOTH ,2019-09-21 13:40:37,121
HOTH ,2019-09-21 14:40:36,121
HOTH ,2019-09-21 15:40:35,121
HOTH ,2019-09-21 16:40:36,121
HOTH ,2019-09-21 17:40:36,121
HOTH ,2019-09-21 18:40:36,121
HOTH ,2019-09-21 19:40:36,121
HOTH ,2019-09-21 20:40:35,121
HOTH ,2019-09-21 21:40:36,121
HOTH ,2019-09-21 22:40:36,121
HOTH ,2019-09-21 23:40:37,121
HOTH ,2019-09-22 00:40:35,121
HOTH ,2019-09-22 01:40:35,121
HOTH ,2019-09-22 02:40:35,121
HOTH ,2019-09-22 03:40:37,121
HOTH ,2019-09-22 04:40:37,121
HOTH ,2019-09-22 05:40:36,121
HOTH ,2019-09-22 06:40:37,121
HOTH ,2019-09-22 07:40:38,121
HOTH ,2019-09-22 08:40:36,121
HOTH ,2019-09-22 09:40:37,121
HOTH ,2019-09-22 10:40:36,121
HOTH ,2019-09-22 11:40:36,121
HOTH ,2019-09-22 12:40:37,121
HOTH ,2019-09-22 13:40:36,121
HOTH ,2019-09-22 14:40:38,121
HOTH ,2019-09-22 15:40:36,121
HOTH ,2019-09-22 16:40:37,121
HOTH ,2019-09-22 17:40:36,121
HOTH ,2019-09-22 18:40:36,121
HOTH ,2019-09-22 19:40:37,121
HOTH ,2019-09-22 20:40:35,121
HOTH ,2019-09-22 21:40:35,121
HOTH ,2019-09-22 22:40:36,121
HOTH ,2019-09-22 23:40:36,121
HOTH ,2019-09-23 00:40:37,121
HOTH ,2019-09-23 01:40:35,121
HOTH ,2019-09-23 02:40:35,121
HOTH ,2019-09-23 03:40:37,121
HOTH ,2019-09-23 04:40:35,121
HOTH ,2019-09-23 05:40:35,121
HOTH ,2019-09-23 06:40:36,121
HOTH ,2019-09-23 07:40:36,121
HOTH ,2019-09-23 08:40:37,121
HOTH ,2019-09-23 09:40:36,121
HOTH ,2019-09-23 10:40:35,121
HOTH ,2019-09-23 11:40:38,121
HOTH ,2019-09-23 12:40:37,121
HOTH ,2019-09-23 13:40:36,121
HOTH ,2019-09-23 14:40:38,121
HOTH ,2019-09-23 15:40:35,121
HOTH ,2019-09-23 16:40:37,121
HOTH ,2019-09-23 17:40:36,121
HOTH ,2019-09-23 18:40:38,121
HOTH ,2019-09-23 19:40:36,121
HOTH ,2019-09-23 20:40:36,121
HOTH ,2019-09-23 21:40:36,121
HOTH ,2019-09-23 22:40:37,121
HOTH ,2019-09-23 23:40:35,121
HOTH ,2019-09-24 00:40:37,121
HOTH ,2019-09-24 01:40:36,121
HOTH ,2019-09-24 02:40:40,121
HOTH ,2019-09-24 03:40:38,121
HOTH ,2019-09-24 04:40:36,121
HOTH ,2019-09-24 05:40:40,121
HOTH ,2019-09-24 06:40:35,121
HOTH ,2019-09-24 07:40:36,121
HOTH ,2019-09-24 08:40:37,121
HOTH ,2019-09-24 09:40:35,121
HOTH ,2019-09-24 10:40:37,121
HOTH ,2019-09-24 11:40:37,121
HOTH ,2019-09-24 12:40:37,121
HOTH ,2019-09-24 13:40:36,121
HOTH ,2019-09-24 14:40:37,120
HOTH ,2019-09-24 15:40:38,120
HOTH ,2019-09-24 16:40:37,120
HOTH ,2019-09-24 17:40:37,120
HOTH ,2019-09-24 18:40:37,120
HOTH ,2019-09-24 19:40:35,119
HOTH ,2019-09-24 20:40:36,118
HOTH ,2019-09-24 21:40:38,118
HOTH ,2019-09-24 22:40:36,118
HOTH ,2019-09-24 23:40:35,118
HOTH ,2019-09-25 00:40:36,118
HOTH ,2019-09-25 01:40:39,118
HOTH ,2019-09-25 02:40:34,118
HOTH ,2019-09-25 03:40:38,118
HOTH ,2019-09-25 04:40:38,118
HOTH ,2019-09-25 05:40:35,118
HOTH ,2019-09-25 06:40:37,118
HOTH ,2019-09-25 07:40:38,118
HOTH ,2019-09-25 08:40:36,118
HOTH ,2019-09-25 09:40:37,118
HOTH ,2019-09-25 10:40:38,118
HOTH ,2019-09-25 11:40:36,118
HOTH ,2019-09-25 12:40:38,118
HOTH ,2019-09-25 13:40:38,118
HOTH ,2019-09-25 14:40:38,118
HOTH ,2019-09-25 15:40:39,118
HOTH ,2019-09-25 16:40:37,118
HOTH ,2019-09-25 17:40:37,119
HOTH ,2019-09-25 18:40:36,119
HOTH ,2019-09-25 19:40:38,120
HOTH ,2019-09-25 20:40:36,120
HOTH ,2019-09-25 21:40:36,120
HOTH ,2019-09-25 22:40:36,120
HOTH ,2019-09-25 23:40:38,120
HOTH ,2019-09-26 00:40:36,120
HOTH ,2019-09-26 01:40:36,120
HOTH ,2019-09-26 02:40:37,120
HOTH ,2019-09-26 03:40:37,120
HOTH ,2019-09-26 04:40:40,120
HOTH ,2019-09-26 05:40:38,120
HOTH ,2019-09-26 06:40:37,120
HOTH ,2019-09-26 07:40:36,120
HOTH ,2019-09-26 08:40:37,120
HOTH ,2019-09-26 09:40:37,120
HOTH ,2019-09-26 10:40:36,120
HOTH ,2019-09-26 11:40:35,120
HOTH ,2019-09-26 13:03:41,120
HOTH ,2019-09-26 13:40:41,120
HOTH ,2019-09-26 14:40:37,120
HOTH ,2019-09-26 15:40:38,120
HOTH ,2019-09-26 16:40:39,120
HOTH ,2019-09-26 17:40:38,120
HOTH ,2019-09-26 18:40:39,120
HOTH ,2019-09-26 19:40:38,120
HOTH ,2019-09-26 20:40:36,120
HOTH ,2019-09-26 21:40:38,120
HOTH ,2019-09-26 22:40:37,120
HOTH ,2019-09-26 23:40:37,120
HOTH ,2019-09-27 00:40:37,120
HOTH ,2019-09-27 01:40:35,120
HOTH ,2019-09-27 02:40:38,120
HOTH ,2019-09-27 03:40:37,120
HOTH ,2019-09-27 04:40:37,120
HOTH ,2019-09-27 05:40:38,120
HOTH ,2019-09-27 06:40:37,120
HOTH ,2019-09-27 07:40:40,120
HOTH ,2019-09-27 08:40:37,120
HOTH ,2019-09-27 09:40:36,120
HOTH ,2019-09-27 10:40:38,120
HOTH ,2019-09-27 11:40:36,120
HOTH ,2019-09-27 13:04:41,120
HOTH ,2019-09-27 13:40:39,120
HOTH ,2019-09-27 14:40:38,119
HOTH ,2019-09-27 15:40:37,119
HOTH ,2019-09-27 16:40:37,119
HOTH ,2019-09-27 17:40:37,119
HOTH ,2019-09-27 18:40:35,119
HOTH ,2019-09-27 19:40:38,119
HOTH ,2019-09-27 20:40:35,119
HOTH ,2019-09-27 21:40:36,119
HOTH ,2019-09-27 22:40:40,119
HOTH ,2019-09-27 23:40:38,119
HOTH ,2019-09-28 00:40:37,119
HOTH ,2019-09-28 01:40:38,119
HOTH ,2019-09-28 02:40:37,119
HOTH ,2019-09-28 03:40:37,119
HOTH ,2019-09-28 04:40:37,119
HOTH ,2019-09-28 05:40:39,119
HOTH ,2019-09-28 06:40:35,119
HOTH ,2019-09-28 07:40:37,119
HOTH ,2019-09-28 08:40:36,119
HOTH ,2019-09-28 09:40:37,119
HOTH ,2019-09-28 10:40:35,119
HOTH ,2019-09-28 11:40:37,119
HOTH ,2019-09-28 12:40:37,119
HOTH ,2019-09-28 13:40:39,119
HOTH ,2019-09-28 14:40:37,119
HOTH ,2019-09-28 15:40:35,119
HOTH ,2019-09-28 16:40:38,119
HOTH ,2019-09-28 17:40:37,119
HOTH ,2019-09-28 18:40:35,119
HOTH ,2019-09-28 19:40:36,119
HOTH ,2019-09-28 20:40:37,119
HOTH ,2019-09-28 21:40:36,119
HOTH ,2019-09-28 22:40:37,119
HOTH ,2019-09-28 23:40:35,119
HOTH ,2019-09-29 00:40:36,119
HOTH ,2019-09-29 01:40:38,119
HOTH ,2019-09-29 02:40:37,119
HOTH ,2019-09-29 03:40:38,119
HOTH ,2019-09-29 04:40:36,119
HOTH ,2019-09-29 05:40:37,119
HOTH ,2019-09-29 06:40:36,119
HOTH ,2019-09-29 07:40:37,119
HOTH ,2019-09-29 08:40:35,119
HOTH ,2019-09-29 09:40:37,119
HOTH ,2019-09-29 10:40:36,119
HOTH ,2019-09-29 11:40:37,119
HOTH ,2019-09-29 12:40:36,119
HOTH ,2019-09-29 13:40:36,119
HOTH ,2019-09-29 14:40:37,119
HOTH ,2019-09-29 15:40:35,119
HOTH ,2019-09-29 16:40:37,119
HOTH ,2019-09-29 17:40:39,119
HOTH ,2019-09-29 18:40:36,119
HOTH ,2019-09-29 19:40:38,119
HOTH ,2019-09-29 20:40:38,119
HOTH ,2019-09-29 21:40:35,119
HOTH ,2019-09-29 22:40:36,119
HOTH ,2019-09-29 23:40:38,119
HOTH ,2019-09-30 00:40:34,119
HOTH ,2019-09-30 01:40:37,119
HOTH ,2019-09-30 02:40:35,119
HOTH ,2019-09-30 03:40:37,119
HOTH ,2019-09-30 04:40:36,119
HOTH ,2019-09-30 05:40:37,119
HOTH ,2019-09-30 06:40:35,119
HOTH ,2019-09-30 07:40:38,119
HOTH ,2019-09-30 08:40:37,119
HOTH ,2019-09-30 09:40:36,119
HOTH ,2019-09-30 10:40:35,119
HOTH ,2019-09-30 11:40:36,119
HOTH ,2019-09-30 12:40:38,119
HOTH ,2019-09-30 13:40:36,119
HOTH ,2019-09-30 14:40:38,119
HOTH ,2019-09-30 15:40:38,119
HOTH ,2019-09-30 16:40:40,119
HOTH ,2019-09-30 17:40:37,119
HOTH ,2019-09-30 18:40:39,119
HOTH ,2019-09-30 19:40:37,119
HOTH ,2019-09-30 20:40:36,119
HOTH ,2019-09-30 21:40:37,119
HOTH ,2019-09-30 22:40:36,119
HOTH ,2019-09-30 23:40:37,119
HOTH ,2019-10-01 00:40:37,119
HOTH ,2019-10-01 01:40:35,119
HOTH ,2019-10-01 02:40:36,119
HOTH ,2019-10-01 03:40:37,119
HOTH ,2019-10-01 04:40:35,119
HOTH ,2019-10-01 05:40:36,119
HOTH ,2019-10-01 06:40:36,119
HOTH ,2019-10-01 07:40:37,119
HOTH ,2019-10-01 08:40:35,119
HOTH ,2019-10-01 09:40:41,119
HOTH ,2019-10-01 10:40:37,119
HOTH ,2019-10-01 11:40:36,119
HOTH ,2019-10-01 13:03:42,119
HOTH ,2019-10-01 13:40:37,119
HOTH ,2019-10-01 14:40:37,120
HOTH ,2019-10-01 15:40:37,120
HOTH ,2019-10-01 16:40:38,120
HOTH ,2019-10-01 17:40:36,120
HOTH ,2019-10-01 18:40:37,120
HOTH ,2019-10-01 19:40:37,120
HOTH ,2019-10-01 20:40:36,120
HOTH ,2019-10-01 21:40:37,120
HOTH ,2019-10-01 22:40:37,120
HOTH ,2019-10-01 23:40:37,120
HOTH ,2019-10-02 00:40:40,120
HOTH ,2019-10-02 01:40:37,120
HOTH ,2019-10-02 02:40:36,120
HOTH ,2019-10-02 03:40:37,120
HOTH ,2019-10-02 04:40:39,120
HOTH ,2019-10-02 05:40:38,120
HOTH ,2019-10-02 06:40:37,120
HOTH ,2019-10-02 07:40:37,120
HOTH ,2019-10-02 08:40:36,120
HOTH ,2019-10-02 09:40:38,120
HOTH ,2019-10-02 10:40:36,120
HOTH ,2019-10-02 11:40:36,120
HOTH ,2019-10-02 13:04:11,120
HOTH ,2019-10-02 13:40:37,120
HOTH ,2019-10-02 14:40:37,119
HOTH ,2019-10-02 15:40:38,119
HOTH ,2019-10-02 16:40:36,119
HOTH ,2019-10-02 17:40:36,119
HOTH ,2019-10-02 18:40:36,120
HOTH ,2019-10-02 19:40:37,120
HOTH ,2019-10-02 20:40:37,120
HOTH ,2019-10-02 21:40:36,120
HOTH ,2019-10-02 22:40:38,120
HOTH ,2019-10-02 23:40:35,120
HOTH ,2019-10-03 00:40:36,120
HOTH ,2019-10-03 01:40:36,120
HOTH ,2019-10-03 02:40:36,120
HOTH ,2019-10-03 03:40:37,120
HOTH ,2019-10-03 04:40:37,120
HOTH ,2019-10-03 05:40:36,120
HOTH ,2019-10-03 06:40:36,120
HOTH ,2019-10-03 07:40:38,120
HOTH ,2019-10-03 08:40:36,120
HOTH ,2019-10-03 09:40:37,120
HOTH ,2019-10-03 10:40:38,120
HOTH ,2019-10-03 11:40:36,120
HOTH ,2019-10-03 13:04:09,120
HOTH ,2019-10-03 13:41:09,120
HOTH ,2019-10-03 14:40:38,119
HOTH ,2019-10-03 15:40:36,120
HOTH ,2019-10-03 16:40:36,119
HOTH ,2019-10-03 17:40:37,119
HOTH ,2019-10-03 18:40:37,119
HOTH ,2019-10-03 19:40:37,119
HOTH ,2019-10-03 20:40:36,120
HOTH ,2019-10-03 21:40:37,120
HOTH ,2019-10-03 22:40:37,120
HOTH ,2019-10-03 23:40:38,120
HOTH ,2019-10-04 00:40:36,120
HOTH ,2019-10-04 01:40:36,120
HOTH ,2019-10-04 02:40:36,120
HOTH ,2019-10-04 03:40:36,120
HOTH ,2019-10-04 04:40:36,120
HOTH ,2019-10-04 05:40:38,120
HOTH ,2019-10-04 06:40:38,120
HOTH ,2019-10-04 07:40:36,120
HOTH ,2019-10-04 08:40:37,120
HOTH ,2019-10-04 09:40:36,120
HOTH ,2019-10-04 10:40:37,120
HOTH ,2019-10-04 11:40:36,120
HOTH ,2019-10-04 12:40:36,120
HOTH ,2019-10-04 13:40:38,120
HOTH ,2019-10-04 14:40:35,120
HOTH ,2019-10-04 15:40:36,120
HOTH ,2019-10-04 16:40:38,120
HOTH ,2019-10-04 17:40:36,120
HOTH ,2019-10-04 18:40:36,119
HOTH ,2019-10-04 19:40:36,119
HOTH ,2019-10-04 20:40:37,119
HOTH ,2019-10-04 21:40:36,119
HOTH ,2019-10-04 22:40:36,119
HOTH ,2019-10-04 23:40:36,119
HOTH ,2019-10-05 00:40:37,119
HOTH ,2019-10-05 01:40:36,119
HOTH ,2019-10-05 02:40:36,119
HOTH ,2019-10-05 03:40:36,119
HOTH ,2019-10-05 04:40:35,119
HOTH ,2019-10-05 05:40:39,119
HOTH ,2019-10-05 06:40:36,119
HOTH ,2019-10-05 07:40:36,119
HOTH ,2019-10-05 08:40:37,119
HOTH ,2019-10-05 09:40:36,119
HOTH ,2019-10-05 10:40:36,119
HOTH ,2019-10-05 11:40:36,119
HOTH ,2019-10-05 12:40:37,119
HOTH ,2019-10-05 13:40:37,119
HOTH ,2019-10-05 14:40:36,119
HOTH ,2019-10-05 15:40:36,119
HOTH ,2019-10-05 16:40:37,119
HOTH ,2019-10-05 17:40:39,119
HOTH ,2019-10-05 18:40:37,119
HOTH ,2019-10-05 19:40:35,119
HOTH ,2019-10-05 20:40:37,119
HOTH ,2019-10-05 21:40:36,119
HOTH ,2019-10-05 22:40:36,119
HOTH ,2019-10-05 23:40:36,119
HOTH ,2019-10-06 00:40:36,119
HOTH ,2019-10-06 01:40:37,119
HOTH ,2019-10-06 02:40:39,119
HOTH ,2019-10-06 03:40:37,119
HOTH ,2019-10-06 04:40:37,119
HOTH ,2019-10-06 05:40:37,119
HOTH ,2019-10-06 06:40:39,119
HOTH ,2019-10-06 07:40:37,119
HOTH ,2019-10-06 08:40:38,119
HOTH ,2019-10-06 09:40:36,119
HOTH ,2019-10-06 10:40:37,119
HOTH ,2019-10-06 11:40:37,119
HOTH ,2019-10-06 12:40:37,119
HOTH ,2019-10-06 13:40:36,119
HOTH ,2019-10-06 14:40:38,119
HOTH ,2019-10-06 15:40:36,119
HOTH ,2019-10-06 16:40:36,119
HOTH ,2019-10-06 17:40:36,119
HOTH ,2019-10-06 18:40:38,119
HOTH ,2019-10-06 19:40:38,119
HOTH ,2019-10-06 20:40:36,119
HOTH ,2019-10-06 21:40:36,119
HOTH ,2019-10-06 22:40:35,119
HOTH ,2019-10-06 23:40:36,119
HOTH ,2019-10-07 00:40:36,119
HOTH ,2019-10-07 01:40:37,119
HOTH ,2019-10-07 02:40:37,119
HOTH ,2019-10-07 03:40:36,119
HOTH ,2019-10-07 04:40:36,119
HOTH ,2019-10-07 05:40:36,119
HOTH ,2019-10-07 06:40:37,119
HOTH ,2019-10-07 07:40:36,119
HOTH ,2019-10-07 08:40:35,119
HOTH ,2019-10-07 09:40:40,119
HOTH ,2019-10-07 10:40:37,119
HOTH ,2019-10-07 11:40:36,119
HOTH ,2019-10-07 12:40:40,119
HOTH ,2019-10-07 13:40:37,119
HOTH ,2019-10-07 14:40:36,120
HOTH ,2019-10-07 15:40:37,120
HOTH ,2019-10-07 16:40:38,120
HOTH ,2019-10-07 17:40:37,120
HOTH ,2019-10-07 18:40:36,120
HOTH ,2019-10-07 19:40:37,120
HOTH ,2019-10-07 20:40:36,120
HOTH ,2019-10-07 21:40:36,120
HOTH ,2019-10-07 22:40:36,120
HOTH ,2019-10-07 23:40:38,120
HOTH ,2019-10-08 00:40:36,120
HOTH ,2019-10-08 01:40:36,120
HOTH ,2019-10-08 02:40:36,120
HOTH ,2019-10-08 03:40:38,120
HOTH ,2019-10-08 04:40:36,120
HOTH ,2019-10-08 05:40:36,120
HOTH ,2019-10-08 06:40:37,120
HOTH ,2019-10-08 07:40:36,120
HOTH ,2019-10-08 08:40:37,120
HOTH ,2019-10-08 09:40:37,120
HOTH ,2019-10-08 10:40:37,120
HOTH ,2019-10-08 11:40:36,120
HOTH ,2019-10-08 12:40:36,120
HOTH ,2019-10-08 13:40:37,120
HOTH ,2019-10-08 14:40:35,120
HOTH ,2019-10-08 15:40:36,120
HOTH ,2019-10-08 16:40:38,121
HOTH ,2019-10-08 17:40:38,121
HOTH ,2019-10-08 18:40:38,121
HOTH ,2019-10-08 19:40:38,121
HOTH ,2019-10-08 20:40:36,121
HOTH ,2019-10-08 21:40:36,121
HOTH ,2019-10-08 22:40:36,121
HOTH ,2019-10-08 23:40:37,121
HOTH ,2019-10-09 00:40:36,121
HOTH ,2019-10-09 01:40:37,121
HOTH ,2019-10-09 02:40:37,121
HOTH ,2019-10-09 03:40:36,121
HOTH ,2019-10-09 04:40:38,121
HOTH ,2019-10-09 05:40:36,121
HOTH ,2019-10-09 06:40:37,121
HOTH ,2019-10-09 07:40:39,121
HOTH ,2019-10-09 08:40:37,121
HOTH ,2019-10-09 09:40:35,121
HOTH ,2019-10-09 10:40:37,121
HOTH ,2019-10-09 11:40:36,121
HOTH ,2019-10-09 12:40:39,121
HOTH ,2019-10-09 13:40:37,121
HOTH ,2019-10-09 14:40:37,121
HOTH ,2019-10-09 15:40:40,121
HOTH ,2019-10-09 16:40:37,121
HOTH ,2019-10-09 17:40:41,121
HOTH ,2019-10-09 18:40:38,121
HOTH ,2019-10-09 19:40:39,121
HOTH ,2019-10-09 20:40:37,121
HOTH ,2019-10-09 21:40:36,121
HOTH ,2019-10-09 22:40:37,121
HOTH ,2019-10-09 23:40:37,121
HOTH ,2019-10-10 00:40:37,121
HOTH ,2019-10-10 01:40:36,121
HOTH ,2019-10-10 02:40:37,121
HOTH ,2019-10-10 03:40:36,121
HOTH ,2019-10-10 04:40:36,121
HOTH ,2019-10-10 05:40:40,121
HOTH ,2019-10-10 06:40:36,121
HOTH ,2019-10-10 07:40:38,121
HOTH ,2019-10-10 08:40:37,121
HOTH ,2019-10-10 09:40:36,121
HOTH ,2019-10-10 10:40:36,121
HOTH ,2019-10-10 11:40:37,121
HOTH ,2019-10-10 13:03:41,121
HOTH ,2019-10-10 13:40:39,121
HOTH ,2019-10-10 14:40:38,123
HOTH ,2019-10-10 15:40:37,123
HOTH ,2019-10-10 16:40:38,122
HOTH ,2019-10-10 17:40:37,122
HOTH ,2019-10-10 18:40:37,122
HOTH ,2019-10-10 19:40:38,122
HOTH ,2019-10-10 20:40:38,122
HOTH ,2019-10-10 21:40:39,122
HOTH ,2019-10-10 22:40:37,122
HOTH ,2019-10-10 23:40:47,122
HOTH ,2019-10-11 00:40:39,122
HOTH ,2019-10-11 01:40:38,122
HOTH ,2019-10-11 02:40:38,122
HOTH ,2019-10-11 03:40:40,122
HOTH ,2019-10-11 04:40:38,122
HOTH ,2019-10-11 05:40:37,122
HOTH ,2019-10-11 06:40:39,122
HOTH ,2019-10-11 07:40:38,122
HOTH ,2019-10-11 08:40:38,122
HOTH ,2019-10-11 09:40:41,122
HOTH ,2019-10-11 10:40:38,122
HOTH ,2019-10-11 11:40:38,122
HOTH ,2019-10-11 13:04:12,122
HOTH ,2019-10-11 13:40:40,122
HOTH ,2019-10-11 14:40:37,123
HOTH ,2019-10-11 15:40:41,124
HOTH ,2019-10-11 16:40:39,124
HOTH ,2019-10-11 17:40:38,124
HOTH ,2019-10-11 18:40:38,125
HOTH ,2019-10-11 19:40:38,125
HOTH ,2019-10-11 20:40:38,125
HOTH ,2019-10-11 21:40:38,125
HOTH ,2019-10-11 22:40:38,125
HOTH ,2019-10-11 23:40:38,125
HOTH ,2019-10-12 00:40:39,125
HOTH ,2019-10-12 01:40:37,125
HOTH ,2019-10-12 02:40:38,125
HOTH ,2019-10-12 03:40:39,125
HOTH ,2019-10-12 04:40:37,125
HOTH ,2019-10-12 05:40:39,125
HOTH ,2019-10-12 06:40:40,125
HOTH ,2019-10-12 07:40:37,125
HOTH ,2019-10-12 08:40:38,125
HOTH ,2019-10-12 09:40:40,125
HOTH ,2019-10-12 10:40:37,125
HOTH ,2019-10-12 11:40:37,125
HOTH ,2019-10-12 12:40:40,125
HOTH ,2019-10-12 13:40:38,125
HOTH ,2019-10-12 14:40:38,125
HOTH ,2019-10-12 15:40:38,125
HOTH ,2019-10-12 16:40:40,125
HOTH ,2019-10-12 17:40:39,125
HOTH ,2019-10-12 18:40:38,125
HOTH ,2019-10-12 19:40:39,125
HOTH ,2019-10-12 20:40:39,125
HOTH ,2019-10-12 21:40:38,125
HOTH ,2019-10-12 22:40:38,125
HOTH ,2019-10-12 23:40:38,125
HOTH ,2019-10-13 00:40:40,125
HOTH ,2019-10-13 01:40:38,125
HOTH ,2019-10-13 02:40:37,125
HOTH ,2019-10-13 03:40:39,125
HOTH ,2019-10-13 04:40:37,125
HOTH ,2019-10-13 05:40:38,125
HOTH ,2019-10-13 06:40:39,125
HOTH ,2019-10-13 07:40:38,125
HOTH ,2019-10-13 08:40:39,125
HOTH ,2019-10-13 09:40:39,125
HOTH ,2019-10-13 10:40:37,125
HOTH ,2019-10-13 11:40:40,125
HOTH ,2019-10-13 12:40:38,125
HOTH ,2019-10-13 13:40:40,125
HOTH ,2019-10-13 14:40:38,125
HOTH ,2019-10-13 15:40:38,125
HOTH ,2019-10-13 16:40:40,125
HOTH ,2019-10-13 17:40:38,125
HOTH ,2019-10-13 18:40:38,125
HOTH ,2019-10-13 19:40:38,125
HOTH ,2019-10-13 20:40:39,125
HOTH ,2019-10-13 21:40:39,125
HOTH ,2019-10-13 22:40:38,125
HOTH ,2019-10-13 23:40:41,125
HOTH ,2019-10-14 00:40:38,125
HOTH ,2019-10-14 01:40:39,125
HOTH ,2019-10-14 02:40:38,125
HOTH ,2019-10-14 03:40:38,125
HOTH ,2019-10-14 04:40:39,125
HOTH ,2019-10-14 05:40:38,125
HOTH ,2019-10-14 06:40:39,125
HOTH ,2019-10-14 07:40:38,125
HOTH ,2019-10-14 08:40:38,125
HOTH ,2019-10-14 09:40:40,125
HOTH ,2019-10-14 10:40:39,125
HOTH ,2019-10-14 11:40:39,125
HOTH ,2019-10-14 12:40:40,125
HOTH ,2019-10-14 13:40:38,125
HOTH ,2019-10-14 14:40:38,141
HOTH ,2019-10-14 15:40:40,142
HOTH ,2019-10-14 16:40:42,144
HOTH ,2019-10-14 17:40:38,146
HOTH ,2019-10-14 18:40:40,148
HOTH ,2019-10-14 19:40:38,148
HOTH ,2019-10-14 20:40:39,148
HOTH ,2019-10-14 21:40:39,148
HOTH ,2019-10-14 22:40:39,148
HOTH ,2019-10-14 23:40:43,148
HOTH ,2019-10-15 00:40:37,148
HOTH ,2019-10-15 01:40:39,148
HOTH ,2019-10-15 02:40:41,148
HOTH ,2019-10-15 03:40:38,148
HOTH ,2019-10-15 04:40:38,148
HOTH ,2019-10-15 05:40:39,148
HOTH ,2019-10-15 06:40:38,148
HOTH ,2019-10-15 07:40:41,148
HOTH ,2019-10-15 08:40:39,148
HOTH ,2019-10-15 09:40:38,148
HOTH ,2019-10-15 10:40:39,148
HOTH ,2019-10-15 11:40:39,148
HOTH ,2019-10-15 12:40:39,148
HOTH ,2019-10-15 13:40:40,148
HOTH ,2019-10-15 14:40:38,151
HOTH ,2019-10-15 15:40:37,150
HOTH ,2019-10-15 16:40:40,154
HOTH ,2019-10-15 17:40:38,155
HOTH ,2019-10-15 18:40:40,156
HOTH ,2019-10-15 19:40:39,156
HOTH ,2019-10-15 20:40:41,156
HOTH ,2019-10-15 21:40:38,156
HOTH ,2019-10-15 22:40:38,156
HOTH ,2019-10-15 23:40:38,156
HOTH ,2019-10-16 00:40:38,156
HOTH ,2019-10-16 01:40:38,156
HOTH ,2019-10-16 02:40:39,156
HOTH ,2019-10-16 03:40:41,156
HOTH ,2019-10-16 04:40:39,156
HOTH ,2019-10-16 05:40:39,156
HOTH ,2019-10-16 06:40:37,156
HOTH ,2019-10-16 07:40:41,156
HOTH ,2019-10-16 08:40:41,156
HOTH ,2019-10-16 09:40:39,156
HOTH ,2019-10-16 10:40:40,156
HOTH ,2019-10-16 11:40:38,156
HOTH ,2019-10-16 12:40:37,156
HOTH ,2019-10-16 13:40:40,156
HOTH ,2019-10-16 14:40:38,155
HOTH ,2019-10-16 15:40:40,154
HOTH ,2019-10-16 16:40:38,154
HOTH ,2019-10-16 17:40:38,154
HOTH ,2019-10-16 18:40:38,150
HOTH ,2019-10-16 19:40:38,150
HOTH ,2019-10-16 20:40:38,150
HOTH ,2019-10-16 21:40:39,150
HOTH ,2019-10-16 22:40:38,150
HOTH ,2019-10-16 23:40:39,150
HOTH ,2019-10-17 00:40:38,150
HOTH ,2019-10-17 01:40:39,150
HOTH ,2019-10-17 02:40:38,150
HOTH ,2019-10-17 03:40:42,150
HOTH ,2019-10-17 04:40:39,150
HOTH ,2019-10-17 05:40:38,150
HOTH ,2019-10-17 06:40:38,150
HOTH ,2019-10-17 07:40:39,150
HOTH ,2019-10-17 08:40:39,150
HOTH ,2019-10-17 09:40:38,150
HOTH ,2019-10-17 10:40:37,150
HOTH ,2019-10-17 11:40:39,150
HOTH ,2019-10-17 12:40:37,150
HOTH ,2019-10-17 13:40:39,150
HOTH ,2019-10-17 14:40:38,149
HOTH ,2019-10-17 15:40:37,149
HOTH ,2019-10-17 16:40:37,148
HOTH ,2019-10-17 17:40:39,148
HOTH ,2019-10-17 18:40:39,148
HOTH ,2019-10-17 19:40:39,150
HOTH ,2019-10-17 20:40:39,151
HOTH ,2019-10-17 21:40:38,151
HOTH ,2019-10-17 22:40:39,151
HOTH ,2019-10-17 23:40:38,151
HOTH ,2019-10-18 00:40:38,151
HOTH ,2019-10-18 01:40:38,151
HOTH ,2019-10-18 02:40:37,151
HOTH ,2019-10-18 03:40:40,151
HOTH ,2019-10-18 04:40:37,151
HOTH ,2019-10-18 05:40:38,151
HOTH ,2019-10-18 06:40:41,151
HOTH ,2019-10-18 07:40:38,151
HOTH ,2019-10-18 08:40:38,151
HOTH ,2019-10-18 09:40:39,151
HOTH ,2019-10-18 10:40:40,151
HOTH ,2019-10-18 11:40:38,151
HOTH ,2019-10-18 13:03:12,151
HOTH ,2019-10-18 13:40:37,151
HOTH ,2019-10-18 14:40:38,150
HOTH ,2019-10-18 15:40:39,150
HOTH ,2019-10-18 16:40:37,150
HOTH ,2019-10-18 17:40:38,151
HOTH ,2019-10-18 18:40:38,151
HOTH ,2019-10-18 19:40:38,151
HOTH ,2019-10-18 20:40:39,151
HOTH ,2019-10-18 21:40:38,151
HOTH ,2019-10-18 22:40:37,151
HOTH ,2019-10-18 23:40:38,151
HOTH ,2019-10-19 00:40:38,151
HOTH ,2019-10-19 01:40:40,151
HOTH ,2019-10-19 02:40:38,151
HOTH ,2019-10-19 03:40:37,151
HOTH ,2019-10-19 04:40:38,151
HOTH ,2019-10-19 05:40:37,151
HOTH ,2019-10-19 06:40:40,151
HOTH ,2019-10-19 07:40:39,151
HOTH ,2019-10-19 08:40:39,151
HOTH ,2019-10-19 09:40:39,151
HOTH ,2019-10-19 10:40:39,151
HOTH ,2019-10-19 11:40:37,151
HOTH ,2019-10-19 12:40:40,151
HOTH ,2019-10-19 13:40:37,151
HOTH ,2019-10-19 14:40:38,151
HOTH ,2019-10-19 15:40:38,151
HOTH ,2019-10-19 16:40:40,151
HOTH ,2019-10-19 17:40:38,151
HOTH ,2019-10-19 18:40:38,151
HOTH ,2019-10-19 19:40:39,151
HOTH ,2019-10-19 20:40:38,151
HOTH ,2019-10-19 21:40:37,151
HOTH ,2019-10-19 22:40:38,151
HOTH ,2019-10-19 23:40:37,151
HOTH ,2019-10-20 00:40:38,151
HOTH ,2019-10-20 01:40:37,151
HOTH ,2019-10-20 02:40:39,151
HOTH ,2019-10-20 03:40:37,151
HOTH ,2019-10-20 04:40:39,151
HOTH ,2019-10-20 05:40:39,151
HOTH ,2019-10-20 06:40:38,151
HOTH ,2019-10-20 07:40:40,151
HOTH ,2019-10-20 08:40:38,151
HOTH ,2019-10-20 09:40:38,151
HOTH ,2019-10-20 10:40:39,151
HOTH ,2019-10-20 11:40:37,151
HOTH ,2019-10-20 12:40:39,151
HOTH ,2019-10-20 13:40:38,151
HOTH ,2019-10-20 14:40:37,151
HOTH ,2019-10-20 15:40:37,151
HOTH ,2019-10-20 16:40:39,151
HOTH ,2019-10-20 17:40:37,151
HOTH ,2019-10-20 18:40:38,151
HOTH ,2019-10-20 19:40:37,151
HOTH ,2019-10-20 20:40:37,151
HOTH ,2019-10-20 21:40:37,151
HOTH ,2019-10-20 22:40:37,151
HOTH ,2019-10-20 23:40:37,151
HOTH ,2019-10-21 00:40:39,151
HOTH ,2019-10-21 01:40:40,151
HOTH ,2019-10-21 02:40:38,151
HOTH ,2019-10-21 03:40:38,151
HOTH ,2019-10-21 04:40:37,151
HOTH ,2019-10-21 05:40:41,151
HOTH ,2019-10-21 06:40:38,151
HOTH ,2019-10-21 07:40:38,151
HOTH ,2019-10-21 08:40:38,151
HOTH ,2019-10-21 09:40:38,151
HOTH ,2019-10-21 10:40:38,151
HOTH ,2019-10-21 11:40:39,151
HOTH ,2019-10-21 13:04:11,151
HOTH ,2019-10-21 13:40:40,151
HOTH ,2019-10-21 14:40:38,150
HOTH ,2019-10-21 15:40:39,150
HOTH ,2019-10-21 16:40:39,149
HOTH ,2019-10-21 17:40:38,147
HOTH ,2019-10-21 18:40:38,146
HOTH ,2019-10-21 19:40:38,146
HOTH ,2019-10-21 20:40:38,147
HOTH ,2019-10-21 21:40:38,148
HOTH ,2019-10-21 22:40:40,148
HOTH ,2019-10-21 23:40:38,148
HOTH ,2019-10-22 00:40:37,148
HOTH ,2019-10-22 01:40:38,148
HOTH ,2019-10-22 02:40:40,148
HOTH ,2019-10-22 03:40:40,148
HOTH ,2019-10-22 04:40:39,148
HOTH ,2019-10-22 05:40:38,148
HOTH ,2019-10-22 06:40:38,148
HOTH ,2019-10-22 07:40:40,148
HOTH ,2019-10-22 08:40:38,148
HOTH ,2019-10-22 09:40:40,148
HOTH ,2019-10-22 10:40:37,148
HOTH ,2019-10-22 11:40:37,148
HOTH ,2019-10-22 12:40:42,148
HOTH ,2019-10-22 13:40:38,148
HOTH ,2019-10-22 14:40:38,148
HOTH ,2019-10-22 15:40:41,148
HOTH ,2019-10-22 16:40:39,148
HOTH ,2019-10-22 17:40:40,147
HOTH ,2019-10-22 18:40:40,147
HOTH ,2019-10-22 19:40:38,142
HOTH ,2019-10-22 20:40:39,142
HOTH ,2019-10-22 21:40:39,142
HOTH ,2019-10-22 22:40:40,142
HOTH ,2019-10-22 23:40:40,142
HOTH ,2019-10-23 00:40:41,142
HOTH ,2019-10-23 01:40:40,142
HOTH ,2019-10-23 02:40:38,142
HOTH ,2019-10-23 03:40:38,142
HOTH ,2019-10-23 04:40:40,142
HOTH ,2019-10-23 05:40:39,142
HOTH ,2019-10-23 06:40:42,142
HOTH ,2019-10-23 07:40:40,142
HOTH ,2019-10-23 08:40:39,142
HOTH ,2019-10-23 09:40:40,142
HOTH ,2019-10-23 10:40:40,142
HOTH ,2019-10-23 11:40:38,142
HOTH ,2019-10-23 12:40:41,142
HOTH ,2019-10-23 13:40:41,142
HOTH ,2019-10-23 14:40:39,143
HOTH ,2019-10-23 15:40:39,144
HOTH ,2019-10-23 16:40:41,144
HOTH ,2019-10-23 17:40:39,143
HOTH ,2019-10-23 18:40:39,143
HOTH ,2019-10-23 19:40:40,143
HOTH ,2019-10-23 20:40:40,143
HOTH ,2019-10-23 21:40:39,143
HOTH ,2019-10-23 22:40:40,143
HOTH ,2019-10-23 23:40:39,143
HOTH ,2019-10-24 00:42:39,143
HOTH ,2019-10-24 01:40:40,143
HOTH ,2019-10-24 02:40:40,143
HOTH ,2019-10-24 03:40:42,143
HOTH ,2019-10-24 04:40:39,143
HOTH ,2019-10-24 05:40:41,143
HOTH ,2019-10-24 06:40:44,143
HOTH ,2019-10-24 07:40:39,143
HOTH ,2019-10-24 08:40:40,143
HOTH ,2019-10-24 09:40:42,143
HOTH ,2019-10-24 10:40:39,143
HOTH ,2019-10-24 11:40:39,143
HOTH ,2019-10-24 13:04:13,143
HOTH ,2019-10-24 13:40:39,143
HOTH ,2019-10-24 14:40:38,143
HOTH ,2019-10-24 15:40:41,144
HOTH ,2019-10-24 16:40:39,144
HOTH ,2019-10-24 17:40:39,144
HOTH ,2019-10-24 18:40:39,144
HOTH ,2019-10-24 19:40:41,145
HOTH ,2019-10-24 20:40:39,145
HOTH ,2019-10-24 21:40:39,145
HOTH ,2019-10-24 22:40:39,145
HOTH ,2019-10-24 23:40:39,145
HOTH ,2019-10-25 00:40:40,145
HOTH ,2019-10-25 01:40:39,145
HOTH ,2019-10-25 02:40:41,145
HOTH ,2019-10-25 03:40:39,145
HOTH ,2019-10-25 04:40:38,145
HOTH ,2019-10-25 05:40:41,145
HOTH ,2019-10-25 06:40:41,145
HOTH ,2019-10-25 07:40:40,145
HOTH ,2019-10-25 08:40:41,145
HOTH ,2019-10-25 09:40:39,145
HOTH ,2019-10-25 10:40:39,145
HOTH ,2019-10-25 11:40:43,145
HOTH ,2019-10-25 13:04:12,145
HOTH ,2019-10-25 13:40:40,145
HOTH ,2019-10-25 14:40:42,144
HOTH ,2019-10-25 15:40:39,144
HOTH ,2019-10-25 16:40:42,144
HOTH ,2019-10-25 17:40:40,144
HOTH ,2019-10-25 18:40:39,144
HOTH ,2019-10-25 19:40:39,144
HOTH ,2019-10-25 20:40:39,144
HOTH ,2019-10-25 21:40:39,144
HOTH ,2019-10-25 22:40:40,144
HOTH ,2019-10-25 23:40:39,144
HOTH ,2019-10-26 00:40:39,144
HOTH ,2019-10-26 01:40:41,144
HOTH ,2019-10-26 02:40:40,144
HOTH ,2019-10-26 03:40:41,144
HOTH ,2019-10-26 04:40:42,144
HOTH ,2019-10-26 05:40:39,144
HOTH ,2019-10-26 06:40:38,144
HOTH ,2019-10-26 07:40:41,144
HOTH ,2019-10-26 08:40:39,144
HOTH ,2019-10-26 09:40:39,144
HOTH ,2019-10-26 10:40:39,144
HOTH ,2019-10-26 11:40:41,144
HOTH ,2019-10-26 12:40:40,144
HOTH ,2019-10-26 13:40:39,144
HOTH ,2019-10-26 14:40:41,144
HOTH ,2019-10-26 15:40:41,144
HOTH ,2019-10-26 16:40:40,144
HOTH ,2019-10-26 17:40:40,144
HOTH ,2019-10-26 18:40:40,144
HOTH ,2019-10-26 19:40:40,144
HOTH ,2019-10-26 20:40:40,144
HOTH ,2019-10-26 21:40:41,144
HOTH ,2019-10-26 22:40:39,144
HOTH ,2019-10-26 23:40:39,144
HOTH ,2019-10-27 00:40:41,144
HOTH ,2019-10-27 01:40:40,144
HOTH ,2019-10-27 02:40:40,144
HOTH ,2019-10-27 03:40:40,144
HOTH ,2019-10-27 04:40:39,144
HOTH ,2019-10-27 05:40:42,144
HOTH ,2019-10-27 06:40:40,144
HOTH ,2019-10-27 07:40:39,144
HOTH ,2019-10-27 08:40:40,144
HOTH ,2019-10-27 09:40:39,144
HOTH ,2019-10-27 10:40:38,144
HOTH ,2019-10-27 11:40:39,144
HOTH ,2019-10-27 12:40:40,144
HOTH ,2019-10-27 13:40:39,144
HOTH ,2019-10-27 14:40:39,144
HOTH ,2019-10-27 15:40:43,144
HOTH ,2019-10-27 16:40:39,144
HOTH ,2019-10-27 17:40:39,144
HOTH ,2019-10-27 18:40:40,144
HOTH ,2019-10-27 19:40:41,144
HOTH ,2019-10-27 20:40:42,144
HOTH ,2019-10-27 21:40:39,144
HOTH ,2019-10-27 22:40:38,144
HOTH ,2019-10-27 23:40:39,144
HOTH ,2019-10-28 00:40:39,144
HOTH ,2019-10-28 01:40:40,144
HOTH ,2019-10-28 02:40:39,144
HOTH ,2019-10-28 03:40:42,144
HOTH ,2019-10-28 04:40:39,144
HOTH ,2019-10-28 05:40:39,144
HOTH ,2019-10-28 06:40:40,144
HOTH ,2019-10-28 07:40:40,144
HOTH ,2019-10-28 08:40:39,144
HOTH ,2019-10-28 09:40:39,144
HOTH ,2019-10-28 10:40:41,144
HOTH ,2019-10-28 11:40:38,144
HOTH ,2019-10-28 12:40:41,144
HOTH ,2019-10-28 14:40:40,143
HOTH ,2019-10-28 15:40:45,143
HOTH ,2019-10-28 16:40:43,146
HOTH ,2019-10-28 17:40:41,148
HOTH ,2019-10-28 18:40:41,149
HOTH ,2019-10-28 19:40:41,148
HOTH ,2019-10-28 23:40:39,148
HOTH ,2019-10-29 00:40:40,148
HOTH ,2019-10-29 01:40:42,148
HOTH ,2019-10-29 02:40:40,148
HOTH ,2019-10-29 03:40:42,148
HOTH ,2019-10-29 04:40:40,148
HOTH ,2019-10-29 05:40:42,148
HOTH ,2019-10-29 06:40:41,148
HOTH ,2019-10-29 07:40:40,148
HOTH ,2019-10-29 08:40:40,148
HOTH ,2019-10-29 09:40:39,148
HOTH ,2019-10-29 10:40:42,148
HOTH ,2019-10-29 11:40:39,148
HOTH ,2019-10-29 12:40:40,148
HOTH ,2019-10-29 13:40:44,148
HOTH ,2019-10-29 14:40:40,149
HOTH ,2019-10-29 15:40:41,148
HOTH ,2019-10-29 16:40:41,148
HOTH ,2019-10-29 17:40:39,148
HOTH ,2019-10-29 18:40:41,148
HOTH ,2019-10-29 19:40:42,148
HOTH ,2019-10-29 20:40:40,148
HOTH ,2019-10-29 21:40:40,148
HOTH ,2019-10-29 22:40:40,148
HOTH ,2019-10-29 23:40:40,148
HOTH ,2019-10-30 00:40:43,148
HOTH ,2019-10-30 01:40:40,148
HOTH ,2019-10-30 02:40:40,148
HOTH ,2019-10-30 03:40:41,148
HOTH ,2019-10-30 04:40:41,148
HOTH ,2019-10-30 05:40:43,148
HOTH ,2019-10-30 06:40:40,148
HOTH ,2019-10-30 07:40:45,148
HOTH ,2019-10-30 08:40:41,148
HOTH ,2019-10-30 09:40:40,148
HOTH ,2019-10-30 10:40:41,148
HOTH ,2019-10-30 11:40:39,148
HOTH ,2019-10-30 13:04:42,148
HOTH ,2019-10-30 13:40:41,148
HOTH ,2019-10-30 14:40:39,148
HOTH ,2019-10-30 15:40:39,148
HOTH ,2019-10-30 16:40:40,147
HOTH ,2019-10-30 17:40:40,147
HOTH ,2019-10-30 18:40:40,147
HOTH ,2019-10-30 19:40:40,147
HOTH ,2019-10-30 20:40:39,145
HOTH ,2019-10-30 21:40:40,145
HOTH ,2019-10-30 22:40:39,145
HOTH ,2019-10-30 23:40:40,145
HOTH ,2019-10-31 00:40:39,145
HOTH ,2019-10-31 01:40:40,145
HOTH ,2019-10-31 02:40:39,145
HOTH ,2019-10-31 03:40:41,145
HOTH ,2019-10-31 04:40:39,145
HOTH ,2019-10-31 05:40:39,145
HOTH ,2019-10-31 06:40:41,145
HOTH ,2019-10-31 07:40:40,145
HOTH ,2019-10-31 08:40:40,145
HOTH ,2019-10-31 09:40:42,145
HOTH ,2019-10-31 10:40:40,145
HOTH ,2019-10-31 11:40:40,145
HOTH ,2019-10-31 13:05:44,145
HOTH ,2019-10-31 13:40:41,145
HOTH ,2019-10-31 14:40:40,144
HOTH ,2019-10-31 15:40:41,143
HOTH ,2019-10-31 16:40:41,142
HOTH ,2019-10-31 17:40:41,142
HOTH ,2019-10-31 18:40:40,142
HOTH ,2019-10-31 19:40:40,142
HOTH ,2019-10-31 20:40:42,142
HOTH ,2019-10-31 22:03:43,142
HOTH ,2019-10-31 22:40:43,142
HOTH ,2019-10-31 23:40:40,142
HOTH ,2019-11-01 00:40:40,142
HOTH ,2019-11-01 01:40:40,142
HOTH ,2019-11-01 02:40:40,142
HOTH ,2019-11-01 03:40:41,142
HOTH ,2019-11-01 04:40:39,142
HOTH ,2019-11-01 05:40:42,142
HOTH ,2019-11-01 06:40:40,142
HOTH ,2019-11-01 07:40:42,142
HOTH ,2019-11-01 08:40:41,142
HOTH ,2019-11-01 09:40:41,142
HOTH ,2019-11-01 10:40:41,142
HOTH ,2019-11-01 11:40:43,142
HOTH ,2019-11-01 13:36:48,142
HOTH ,2019-11-01 13:46:08,142
HOTH ,2019-11-01 14:40:41,140
HOTH ,2019-11-01 15:40:40,142
HOTH ,2019-11-01 16:40:43,141
HOTH ,2019-11-01 17:40:42,141
HOTH ,2019-11-01 18:40:44,141
HOTH ,2019-11-01 19:40:41,141
HOTH ,2019-11-01 20:40:41,144
HOTH ,2019-11-01 21:40:41,145
HOTH ,2019-11-01 22:40:41,145
HOTH ,2019-11-01 23:40:41,145
HOTH ,2019-11-02 00:40:42,145
HOTH ,2019-11-02 01:40:41,145
HOTH ,2019-11-02 02:40:41,145
HOTH ,2019-11-02 03:40:43,145
HOTH ,2019-11-02 04:40:41,145
HOTH ,2019-11-02 05:40:40,145
HOTH ,2019-11-02 06:40:43,145
HOTH ,2019-11-02 07:40:40,145
HOTH ,2019-11-02 08:40:41,145
HOTH ,2019-11-02 09:40:40,145
HOTH ,2019-11-02 10:40:43,145
HOTH ,2019-11-02 11:40:41,145
HOTH ,2019-11-02 12:40:43,145
HOTH ,2019-11-02 13:40:42,145
HOTH ,2019-11-02 14:40:41,145
HOTH ,2019-11-02 15:40:43,145
HOTH ,2019-11-02 16:40:40,145
HOTH ,2019-11-02 17:40:41,145
HOTH ,2019-11-02 18:40:41,145
HOTH ,2019-11-02 19:40:41,145
HOTH ,2019-11-02 20:40:41,145
HOTH ,2019-11-02 21:40:42,145
HOTH ,2019-11-02 22:40:43,145
HOTH ,2019-11-02 23:40:41,145
HOTH ,2019-11-03 00:40:41,145
HOTH ,2019-11-03 01:40:41,145
HOTH ,2019-11-03 02:40:42,145
HOTH ,2019-11-03 03:40:41,145
HOTH ,2019-11-03 04:40:40,145
HOTH ,2019-11-03 05:40:42,145
HOTH ,2019-11-03 06:40:41,145
HOTH ,2019-11-03 07:40:42,145
HOTH ,2019-11-03 21:40:41,145
HOTH ,2019-11-03 22:40:40,145
HOTH ,2019-11-03 23:40:42,145
HOTH ,2019-11-04 00:40:40,145
HOTH ,2019-11-04 01:40:41,145
HOTH ,2019-11-04 02:40:40,145
HOTH ,2019-11-04 03:40:40,145
HOTH ,2019-11-04 04:40:40,145
HOTH ,2019-11-04 05:40:42,145
HOTH ,2019-11-04 06:40:40,145
HOTH ,2019-11-04 07:40:40,145
HOTH ,2019-11-04 08:40:40,145
HOTH ,2019-11-04 09:40:41,145
HOTH ,2019-11-04 10:40:40,145
HOTH ,2019-11-04 11:40:40,145
HOTH ,2019-11-04 12:40:40,145
HOTH ,2019-11-04 14:06:14,145
HOTH ,2019-11-04 15:40:40,153
HOTH ,2019-11-04 16:40:41,151
HOTH ,2019-11-04 17:40:41,153
HOTH ,2019-11-04 18:40:41,154
HOTH ,2019-11-04 19:40:42,156
HOTH ,2019-11-04 20:40:41,157
HOTH ,2019-11-04 21:40:41,157
HOTH ,2019-11-04 22:40:41,157
HOTH ,2019-11-04 23:40:41,157
HOTH ,2019-11-05 00:40:41,157
HOTH ,2019-11-05 01:40:41,157
HOTH ,2019-11-05 02:40:42,157
HOTH ,2019-11-05 03:40:42,157
HOTH ,2019-11-05 04:40:40,157
HOTH ,2019-11-05 05:40:41,157
HOTH ,2019-11-05 06:40:42,157
HOTH ,2019-11-05 07:40:41,157
HOTH ,2019-11-05 08:40:41,157
HOTH ,2019-11-05 09:40:42,157
HOTH ,2019-11-05 10:40:40,157
HOTH ,2019-11-05 11:40:41,157
HOTH ,2019-11-05 12:40:40,157
HOTH ,2019-11-05 14:06:14,157
HOTH ,2019-11-05 14:40:42,157
HOTH ,2019-11-05 15:40:41,155
HOTH ,2019-11-05 16:40:41,151
HOTH ,2019-11-05 17:40:41,150
HOTH ,2019-11-05 18:40:40,150
HOTH ,2019-11-05 19:40:42,150
HOTH ,2019-11-05 20:40:41,150
HOTH ,2019-11-05 21:40:41,150
HOTH ,2019-11-05 22:40:41,150
HOTH ,2019-11-05 23:40:41,150
HOTH ,2019-11-06 00:40:41,150
HOTH ,2019-11-06 01:40:41,150
HOTH ,2019-11-06 02:40:41,150
HOTH ,2019-11-06 03:40:41,150
HOTH ,2019-11-06 04:40:43,150
HOTH ,2019-11-06 05:40:41,150
HOTH ,2019-11-06 06:40:43,150
HOTH ,2019-11-06 07:40:40,150
HOTH ,2019-11-06 08:40:40,150
HOTH ,2019-11-06 09:40:42,150
HOTH ,2019-11-06 10:40:42,150
HOTH ,2019-11-06 11:40:41,150
HOTH ,2019-11-06 12:40:40,150
HOTH ,2019-11-06 13:40:41,150
HOTH ,2019-11-06 14:40:43,150
HOTH ,2019-11-06 15:40:41,149
HOTH ,2019-11-06 16:40:42,150
HOTH ,2019-11-06 17:40:42,150
HOTH ,2019-11-06 18:40:42,150
HOTH ,2019-11-06 19:40:41,150
HOTH ,2019-11-06 20:40:42,150
HOTH ,2019-11-06 21:40:42,150
HOTH ,2019-11-06 22:40:41,150
HOTH ,2019-11-06 23:40:42,150
HOTH ,2019-11-07 00:40:42,150
HOTH ,2019-11-07 01:40:41,150
HOTH ,2019-11-07 02:40:42,150
HOTH ,2019-11-07 03:40:41,150
HOTH ,2019-11-07 04:40:42,150
HOTH ,2019-11-07 05:40:42,150
HOTH ,2019-11-07 06:40:41,150
HOTH ,2019-11-07 07:40:42,150
HOTH ,2019-11-07 08:40:42,150
HOTH ,2019-11-07 09:40:42,150
HOTH ,2019-11-07 10:40:40,150
HOTH ,2019-11-07 11:40:41,150
HOTH ,2019-11-07 12:40:41,150
HOTH ,2019-11-07 14:04:44,150
HOTH ,2019-11-07 14:41:13,150
HOTH ,2019-11-07 15:40:44,150
HOTH ,2019-11-07 16:40:44,151
HOTH ,2019-11-07 17:40:43,151
HOTH ,2019-11-07 18:40:43,151
HOTH ,2019-11-07 19:40:44,151
HOTH ,2019-11-07 21:05:16,150
HOTH ,2019-11-07 21:40:43,150
HOTH ,2019-11-07 22:40:43,150
HOTH ,2019-11-07 23:40:43,150
HOTH ,2019-11-08 00:40:44,150
HOTH ,2019-11-08 01:40:44,150
HOTH ,2019-11-08 02:40:45,150
HOTH ,2019-11-08 03:40:43,150
HOTH ,2019-11-08 04:40:42,150
HOTH ,2019-11-08 05:40:44,150
HOTH ,2019-11-08 06:40:42,150
HOTH ,2019-11-08 07:40:43,150
HOTH ,2019-11-08 08:40:47,150
HOTH ,2019-11-08 09:40:43,150
HOTH ,2019-11-08 10:40:43,150
HOTH ,2019-11-08 11:40:42,150
HOTH ,2019-11-08 12:40:43,150
HOTH ,2019-11-08 14:06:17,150
HOTH ,2019-11-08 14:41:17,150
HOTH ,2019-11-08 15:40:43,150
HOTH ,2019-11-08 16:40:43,150
HOTH ,2019-11-08 17:40:44,150
HOTH ,2019-11-08 18:40:43,150
HOTH ,2019-11-08 19:40:44,150
HOTH ,2019-11-08 20:40:43,150
HOTH ,2019-11-08 21:40:44,149
HOTH ,2019-11-08 22:40:43,149
HOTH ,2019-11-08 23:40:43,149
HOTH ,2019-11-09 00:40:44,149
HOTH ,2019-11-09 01:40:45,149
HOTH ,2019-11-09 02:40:43,149
HOTH ,2019-11-09 03:40:42,149
HOTH ,2019-11-09 04:40:44,149
HOTH ,2019-11-09 05:40:42,149
HOTH ,2019-11-09 06:40:44,149
HOTH ,2019-11-09 07:40:44,149
HOTH ,2019-11-09 08:40:44,149
HOTH ,2019-11-09 09:40:42,149
HOTH ,2019-11-09 10:40:42,149
HOTH ,2019-11-09 11:40:45,149
HOTH ,2019-11-09 12:40:42,149
HOTH ,2019-11-09 13:40:42,149
HOTH ,2019-11-09 14:40:44,149
HOTH ,2019-11-09 15:40:44,149
HOTH ,2019-11-09 16:40:43,149
HOTH ,2019-11-09 17:40:43,149
HOTH ,2019-11-09 18:40:42,149
HOTH ,2019-11-09 19:40:43,149
HOTH ,2019-11-09 20:40:44,149
HOTH ,2019-11-09 21:40:43,149
HOTH ,2019-11-09 22:40:44,149
HOTH ,2019-11-09 23:40:43,149
HOTH ,2019-11-10 00:40:42,149
HOTH ,2019-11-10 01:40:44,149
HOTH ,2019-11-10 02:40:44,149
HOTH ,2019-11-10 03:40:42,149
HOTH ,2019-11-10 04:40:42,149
HOTH ,2019-11-10 05:40:43,149
HOTH ,2019-11-10 06:40:42,149
HOTH ,2019-11-10 07:40:42,149
HOTH ,2019-11-10 08:40:43,149
HOTH ,2019-11-10 09:40:44,149
HOTH ,2019-11-10 10:40:42,149
HOTH ,2019-11-10 11:40:43,149
HOTH ,2019-11-10 12:40:43,149
HOTH ,2019-11-10 13:40:42,149
HOTH ,2019-11-10 14:40:42,149
HOTH ,2019-11-10 15:40:43,149
HOTH ,2019-11-10 16:40:43,149
HOTH ,2019-11-10 17:40:42,149
HOTH ,2019-11-10 18:40:44,149
HOTH ,2019-11-10 19:40:41,149
HOTH ,2019-11-10 20:40:43,149
HOTH ,2019-11-10 21:40:42,149
HOTH ,2019-11-10 22:40:44,149
HOTH ,2019-11-10 23:40:44,149
HOTH ,2019-11-11 00:40:44,149
HOTH ,2019-11-11 01:40:44,149
HOTH ,2019-11-11 02:40:44,149
HOTH ,2019-11-11 03:40:44,149
HOTH ,2019-11-11 04:40:43,149
HOTH ,2019-11-11 05:40:44,149
HOTH ,2019-11-11 06:40:43,149
HOTH ,2019-11-11 07:40:44,149
HOTH ,2019-11-11 08:40:45,149
HOTH ,2019-11-11 09:40:44,149
HOTH ,2019-11-11 10:40:44,149
HOTH ,2019-11-11 11:40:43,149
HOTH ,2019-11-11 12:40:44,149
HOTH ,2019-11-11 13:40:44,149
HOTH ,2019-11-11 14:40:44,149
HOTH ,2019-11-11 15:40:46,153
HOTH ,2019-11-11 16:40:43,153
HOTH ,2019-11-11 17:40:45,153
HOTH ,2019-11-11 18:40:45,153
HOTH ,2019-11-11 19:40:44,153
HOTH ,2019-11-11 21:40:43,153
HOTH ,2019-11-11 22:40:44,153
HOTH ,2019-11-11 23:40:43,153
HOTH ,2019-11-12 00:40:42,153
HOTH ,2019-11-12 01:40:42,153
HOTH ,2019-11-12 02:40:44,153
HOTH ,2019-11-12 03:40:43,153
HOTH ,2019-11-12 04:40:42,153
HOTH ,2019-11-12 05:40:43,153
HOTH ,2019-11-12 06:40:42,153
HOTH ,2019-11-12 07:40:44,153
HOTH ,2019-11-12 08:40:42,153
HOTH ,2019-11-12 09:40:43,153
HOTH ,2019-11-12 10:40:42,153
HOTH ,2019-11-12 11:40:44,153
HOTH ,2019-11-12 12:40:46,153
HOTH ,2019-11-12 14:04:46,153
HOTH ,2019-11-12 14:40:44,153
HOTH ,2019-11-12 15:40:43,152
HOTH ,2019-11-12 16:40:44,152
HOTH ,2019-11-12 17:40:44,153
HOTH ,2019-11-12 18:40:45,153
HOTH ,2019-11-12 19:40:43,153
HOTH ,2019-11-12 20:40:42,153
HOTH ,2019-11-12 21:40:43,154
HOTH ,2019-11-12 22:40:44,154
HOTH ,2019-11-12 23:40:43,154
HOTH ,2019-11-13 00:40:45,154
HOTH ,2019-11-13 01:40:43,154
HOTH ,2019-11-13 02:40:43,154
HOTH ,2019-11-13 03:40:46,154
HOTH ,2019-11-13 04:40:44,154
HOTH ,2019-11-13 05:40:47,154
HOTH ,2019-11-13 06:40:42,154
HOTH ,2019-11-13 07:40:46,154
HOTH ,2019-11-13 08:40:44,154
HOTH ,2019-11-13 09:40:44,154
HOTH ,2019-11-13 10:40:43,154
HOTH ,2019-11-13 11:40:45,154
HOTH ,2019-11-13 12:40:43,154
HOTH ,2019-11-13 13:40:43,154
HOTH ,2019-11-13 15:40:45,151
HOTH ,2019-11-13 16:40:42,151
HOTH ,2019-11-13 17:40:45,149
HOTH ,2019-11-13 18:40:45,149
HOTH ,2019-11-13 19:40:43,149
HOTH ,2019-11-13 20:40:44,149
HOTH ,2019-11-13 21:40:42,149
HOTH ,2019-11-13 22:40:44,149
HOTH ,2019-11-13 23:40:43,149
HOTH ,2019-11-14 00:40:43,149
HOTH ,2019-11-14 01:40:42,149
HOTH ,2019-11-14 02:40:45,149
HOTH ,2019-11-14 03:40:42,149
HOTH ,2019-11-14 04:40:43,149
HOTH ,2019-11-14 05:40:45,149
HOTH ,2019-11-14 06:40:42,149
HOTH ,2019-11-14 07:40:45,149
HOTH ,2019-11-14 08:40:44,149
HOTH ,2019-11-14 09:40:44,149
HOTH ,2019-11-14 10:40:43,149
HOTH ,2019-11-14 11:40:45,149
HOTH ,2019-11-14 12:40:42,149
HOTH ,2019-11-14 14:04:19,149
HOTH ,2019-11-14 14:40:45,149
HOTH ,2019-11-14 15:40:45,149
HOTH ,2019-11-14 17:40:44,148
HOTH ,2019-11-14 18:40:43,148
HOTH ,2019-11-14 19:40:43,147
HOTH ,2019-11-14 20:40:45,147
HOTH ,2019-11-14 21:40:47,147
HOTH ,2019-11-14 22:40:43,147
HOTH ,2019-11-14 23:40:44,147
HOTH ,2019-11-15 00:40:45,147
HOTH ,2019-11-15 01:40:44,147
HOTH ,2019-11-15 02:40:44,147
HOTH ,2019-11-15 03:40:45,147
HOTH ,2019-11-15 04:40:45,147
HOTH ,2019-11-15 05:40:44,147
HOTH ,2019-11-15 06:40:45,147
HOTH ,2019-11-15 07:40:43,147
HOTH ,2019-11-15 08:40:48,147
HOTH ,2019-11-15 09:40:43,147
HOTH ,2019-11-15 10:40:44,147
HOTH ,2019-11-15 11:40:44,147
HOTH ,2019-11-15 12:40:46,147
HOTH ,2019-11-15 14:07:17,147
HOTH ,2019-11-15 15:40:46,146
HOTH ,2019-11-15 16:40:44,146
HOTH ,2019-11-15 17:40:45,146
HOTH ,2019-11-15 18:40:48,148
HOTH ,2019-11-15 19:40:45,148
HOTH ,2019-11-15 20:40:45,148
HOTH ,2019-11-15 21:40:43,148
HOTH ,2019-11-15 22:40:46,148
HOTH ,2019-11-15 23:40:45,148
HOTH ,2019-11-16 00:40:45,148
HOTH ,2019-11-16 01:40:43,148
HOTH ,2019-11-16 02:40:45,148
HOTH ,2019-11-16 03:40:44,148
HOTH ,2019-11-16 04:40:46,148
HOTH ,2019-11-16 05:40:44,148
HOTH ,2019-11-16 06:40:45,148
HOTH ,2019-11-16 07:40:45,148
HOTH ,2019-11-16 08:40:44,148
HOTH ,2019-11-16 09:40:45,148
HOTH ,2019-11-16 10:40:43,148
HOTH ,2019-11-16 11:40:44,148
HOTH ,2019-11-16 12:40:45,148
HOTH ,2019-11-16 13:40:46,148
HOTH ,2019-11-16 14:40:45,148
HOTH ,2019-11-16 15:40:44,148
HOTH ,2019-11-16 16:40:44,148
HOTH ,2019-11-16 17:40:46,148
HOTH ,2019-11-16 18:40:44,148
HOTH ,2019-11-16 19:40:43,148
HOTH ,2019-11-16 20:40:43,148
HOTH ,2019-11-16 21:40:44,148
HOTH ,2019-11-16 22:40:44,148
HOTH ,2019-11-16 23:40:43,148
HOTH ,2019-11-17 00:40:44,148
HOTH ,2019-11-17 01:40:43,148
HOTH ,2019-11-17 02:40:45,148
HOTH ,2019-11-17 03:40:43,148
HOTH ,2019-11-17 04:40:45,148
HOTH ,2019-11-17 05:40:44,148
HOTH ,2019-11-17 06:40:46,148
HOTH ,2019-11-17 07:40:45,148
HOTH ,2019-11-17 08:40:44,148
HOTH ,2019-11-17 09:40:45,148
HOTH ,2019-11-17 10:40:46,148
HOTH ,2019-11-17 11:40:47,148
HOTH ,2019-11-17 12:40:44,148
HOTH ,2019-11-17 13:40:46,148
HOTH ,2019-11-17 14:40:43,148
HOTH ,2019-11-17 15:40:43,148
HOTH ,2019-11-17 16:40:45,148
HOTH ,2019-11-17 17:40:43,148
HOTH ,2019-11-17 18:40:43,148
HOTH ,2019-11-17 19:40:44,148
HOTH ,2019-11-17 20:40:45,148
HOTH ,2019-11-17 21:40:45,148
HOTH ,2019-11-17 22:40:44,148
HOTH ,2019-11-17 23:40:46,148
HOTH ,2019-11-18 00:40:43,148
HOTH ,2019-11-18 01:40:43,148
HOTH ,2019-11-18 02:40:45,148
HOTH ,2019-11-18 03:40:44,148
HOTH ,2019-11-18 04:40:43,148
HOTH ,2019-11-18 05:40:46,148
HOTH ,2019-11-18 06:40:42,148
HOTH ,2019-11-18 07:40:44,148
HOTH ,2019-11-18 08:40:46,148
HOTH ,2019-11-18 09:40:46,148
HOTH ,2019-11-18 10:40:45,148
HOTH ,2019-11-18 11:40:43,148
HOTH ,2019-11-18 12:40:45,148
HOTH ,2019-11-18 14:05:47,148
HOTH ,2019-11-18 14:40:44,148
HOTH ,2019-11-18 15:40:46,148
HOTH ,2019-11-18 16:40:44,148
HOTH ,2019-11-18 17:40:46,148
HOTH ,2019-11-18 18:40:46,147
HOTH ,2019-11-18 19:40:45,147
HOTH ,2019-11-18 20:40:45,147
HOTH ,2019-11-18 21:40:45,147
HOTH ,2019-11-18 22:40:43,147
HOTH ,2019-11-18 23:40:46,147
HOTH ,2019-11-19 00:40:45,147
HOTH ,2019-11-19 01:40:44,147
HOTH ,2019-11-19 02:40:43,147
HOTH ,2019-11-19 03:40:44,147
HOTH ,2019-11-19 04:40:44,147
HOTH ,2019-11-19 05:40:43,147
HOTH ,2019-11-19 06:40:45,147
HOTH ,2019-11-19 07:40:44,147
HOTH ,2019-11-19 08:40:44,147
HOTH ,2019-11-19 09:40:45,147
HOTH ,2019-11-19 10:40:45,147
HOTH ,2019-11-19 11:40:44,147
HOTH ,2019-11-19 12:40:45,147
HOTH ,2019-11-19 14:05:48,147
HOTH ,2019-11-19 14:40:44,147
HOTH ,2019-11-19 15:40:45,147
HOTH ,2019-11-19 16:40:44,146
HOTH ,2019-11-19 17:40:44,147
HOTH ,2019-11-19 18:40:43,147
HOTH ,2019-11-19 19:40:45,148
HOTH ,2019-11-19 20:40:45,148
HOTH ,2019-11-19 21:40:48,146
HOTH ,2019-11-19 22:40:45,146
HOTH ,2019-11-19 23:40:45,146
HOTH ,2019-11-20 00:40:45,146
HOTH ,2019-11-20 01:40:45,146
HOTH ,2019-11-20 02:40:46,146
HOTH ,2019-11-20 03:40:46,146
HOTH ,2019-11-20 04:40:44,146
HOTH ,2019-11-20 05:40:44,146
HOTH ,2019-11-20 06:40:45,146
HOTH ,2019-11-20 07:40:45,146
HOTH ,2019-11-20 08:40:45,146
HOTH ,2019-11-20 09:40:48,146
HOTH ,2019-11-20 10:40:48,146
HOTH ,2019-11-20 11:40:48,146
HOTH ,2019-11-20 12:40:46,146
HOTH ,2019-11-20 14:05:19,146
HOTH ,2019-11-20 14:40:48,146
HOTH ,2019-11-20 15:40:46,146
HOTH ,2019-11-20 16:40:47,145
HOTH ,2019-11-20 22:40:45,144
HOTH ,2019-11-20 23:40:44,144
HOTH ,2019-11-21 00:40:44,144
HOTH ,2019-11-21 01:40:44,144
HOTH ,2019-11-21 02:40:47,144
HOTH ,2019-11-21 03:40:45,144
HOTH ,2019-11-21 04:40:44,144
HOTH ,2019-11-21 05:40:46,144
HOTH ,2019-11-21 06:40:48,144
HOTH ,2019-11-21 07:40:43,144
HOTH ,2019-11-21 08:40:44,144
HOTH ,2019-11-21 09:40:44,144
HOTH ,2019-11-21 10:40:46,144
HOTH ,2019-11-21 11:40:43,144
HOTH ,2019-11-21 12:40:44,144
HOTH ,2019-11-21 14:04:49,144
HOTH ,2019-11-21 14:40:49,144
HOTH ,2019-11-21 15:40:44,144
HOTH ,2019-11-21 16:40:46,144
HOTH ,2019-11-21 17:40:47,145
HOTH ,2019-11-21 18:40:44,145
HOTH ,2019-11-21 19:40:44,145
HOTH ,2019-11-21 20:40:44,145
HOTH ,2019-11-21 21:40:45,145
HOTH ,2019-11-21 22:40:46,145
HOTH ,2019-11-21 23:40:45,145
HOTH ,2019-11-22 00:40:45,145
HOTH ,2019-11-22 01:40:47,145
HOTH ,2019-11-22 02:40:44,145
HOTH ,2019-11-22 03:40:44,145
HOTH ,2019-11-22 04:40:43,145
HOTH ,2019-11-22 05:40:46,145
HOTH ,2019-11-22 06:40:46,145
HOTH ,2019-11-22 07:40:47,145
HOTH ,2019-11-22 08:40:47,145
HOTH ,2019-11-22 09:40:46,145
HOTH ,2019-11-22 10:40:47,145
HOTH ,2019-11-22 11:40:45,145
HOTH ,2019-11-22 12:40:44,145
HOTH ,2019-11-22 13:40:44,145
HOTH ,2019-11-22 14:40:46,145
HOTH ,2019-11-22 15:40:42,145
HOTH ,2019-11-22 16:40:43,145
HOTH ,2019-11-22 17:40:48,145
HOTH ,2019-11-22 18:40:46,144
HOTH ,2019-11-22 19:40:43,144
HOTH ,2019-11-22 20:40:45,144
HOTH ,2019-11-22 21:40:44,144
HOTH ,2019-11-22 22:40:43,144
HOTH ,2019-11-22 23:40:45,144
HOTH ,2019-11-23 00:40:50,144
HOTH ,2019-11-23 01:40:44,144
HOTH ,2019-11-23 02:40:43,144
HOTH ,2019-11-23 03:40:44,144
HOTH ,2019-11-23 04:40:46,144
HOTH ,2019-11-23 05:40:44,144
HOTH ,2019-11-23 06:40:45,144
HOTH ,2019-11-23 07:40:45,144
HOTH ,2019-11-23 08:40:44,144
HOTH ,2019-11-23 09:40:46,144
HOTH ,2019-11-23 10:40:47,144
HOTH ,2019-11-23 11:40:43,144
HOTH ,2019-11-23 12:40:43,144
HOTH ,2019-11-23 13:40:43,144
HOTH ,2019-11-23 14:40:44,144
HOTH ,2019-11-23 15:40:44,144
HOTH ,2019-11-23 16:40:43,144
HOTH ,2019-11-23 17:40:45,144
HOTH ,2019-11-23 18:40:44,144
HOTH ,2019-11-23 19:40:45,144
HOTH ,2019-11-23 20:40:42,144
HOTH ,2019-11-23 21:40:44,144
HOTH ,2019-11-23 22:40:42,144
HOTH ,2019-11-23 23:40:43,144
HOTH ,2019-11-24 00:40:45,144
HOTH ,2019-11-24 01:40:43,144
HOTH ,2019-11-24 02:40:44,144
HOTH ,2019-11-24 03:40:44,144
HOTH ,2019-11-24 04:40:43,144
HOTH ,2019-11-24 05:40:43,144
HOTH ,2019-11-24 06:40:43,144
HOTH ,2019-11-24 07:40:42,144
HOTH ,2019-11-24 08:40:44,144
HOTH ,2019-11-24 09:40:44,144
HOTH ,2019-11-24 10:40:46,144
HOTH ,2019-11-24 11:40:44,144
HOTH ,2019-11-24 12:40:42,144
HOTH ,2019-11-24 13:40:42,144
HOTH ,2019-11-24 14:40:43,144
HOTH ,2019-11-24 15:40:44,144
HOTH ,2019-11-24 16:40:44,144
HOTH ,2019-11-24 17:40:43,144
HOTH ,2019-11-24 18:40:45,144
HOTH ,2019-11-24 19:40:43,144
HOTH ,2019-11-24 20:40:45,144
HOTH ,2019-11-24 21:40:43,144
HOTH ,2019-11-24 22:40:45,144
HOTH ,2019-11-24 23:40:43,144
HOTH ,2019-11-25 00:40:44,144
HOTH ,2019-11-25 01:40:46,144
HOTH ,2019-11-25 02:40:45,144
HOTH ,2019-11-25 03:40:44,144
HOTH ,2019-11-25 04:40:42,144
HOTH ,2019-11-25 05:40:43,144
HOTH ,2019-11-25 06:40:44,144
HOTH ,2019-11-25 07:40:45,144
HOTH ,2019-11-25 08:40:48,144
HOTH ,2019-11-25 09:40:47,144
HOTH ,2019-11-25 10:40:48,144
HOTH ,2019-11-25 11:40:46,144
HOTH ,2019-11-25 12:40:47,144
HOTH ,2019-11-25 13:40:45,144
HOTH ,2019-11-25 14:40:45,144
HOTH ,2019-11-25 15:40:47,146
HOTH ,2019-11-25 16:40:45,147
HOTH ,2019-11-25 17:40:45,147
HOTH ,2019-11-25 18:40:44,147
HOTH ,2019-11-25 19:40:47,148
HOTH ,2019-11-25 20:40:46,147
HOTH ,2019-11-25 21:40:45,148
HOTH ,2019-11-25 22:40:48,148
HOTH ,2019-11-25 23:40:46,148
HOTH ,2019-11-26 00:40:47,148
HOTH ,2019-11-26 01:40:45,148
HOTH ,2019-11-26 02:40:46,148
HOTH ,2019-11-26 03:40:46,148
HOTH ,2019-11-26 04:40:45,148
HOTH ,2019-11-26 05:40:48,148
HOTH ,2019-11-26 06:40:49,148
HOTH ,2019-11-26 07:40:46,148
HOTH ,2019-11-26 08:40:46,148
HOTH ,2019-11-26 09:40:50,148
HOTH ,2019-11-26 20:40:46,149
HOTH ,2019-11-26 21:40:46,148
HOTH ,2019-11-26 22:40:48,148
HOTH ,2019-11-26 23:40:45,148
HOTH ,2019-11-27 00:40:48,148
HOTH ,2019-11-27 01:40:45,148
HOTH ,2019-11-27 02:40:45,148
HOTH ,2019-11-27 03:40:46,148
HOTH ,2019-11-27 04:40:45,148
HOTH ,2019-11-27 05:40:45,148
HOTH ,2019-11-27 06:40:46,148
HOTH ,2019-11-27 07:40:46,148
HOTH ,2019-11-27 08:40:50,148
HOTH ,2019-11-27 09:40:48,148
HOTH ,2019-11-27 10:40:45,148
HOTH ,2019-11-27 11:40:43,148
HOTH ,2019-11-27 12:40:51,148
HOTH ,2019-11-27 13:40:45,148
HOTH ,2019-11-27 14:40:46,148
HOTH ,2019-11-27 15:40:49,146
HOTH ,2019-11-27 16:40:46,146
HOTH ,2019-11-27 17:40:45,146
HOTH ,2019-11-27 18:40:46,145
HOTH ,2019-11-27 19:40:46,145
HOTH ,2019-11-27 20:40:46,145
HOTH ,2019-11-27 21:40:45,144
HOTH ,2019-11-27 22:40:46,144
HOTH ,2019-11-27 23:40:45,144
HOTH ,2019-11-28 00:40:45,144
HOTH ,2019-11-28 01:40:46,144
HOTH ,2019-11-28 02:40:49,144
HOTH ,2019-11-28 03:40:48,144
HOTH ,2019-11-28 04:40:47,144
HOTH ,2019-11-28 05:40:46,144
HOTH ,2019-11-28 06:40:46,144
HOTH ,2019-11-28 07:40:48,144
HOTH ,2019-11-28 08:40:45,144
HOTH ,2019-11-28 09:40:49,144
HOTH ,2019-11-28 10:40:47,144
HOTH ,2019-11-28 11:40:46,144
HOTH ,2019-11-28 12:40:45,144
HOTH ,2019-11-28 13:40:44,144
HOTH ,2019-11-28 14:40:45,144
HOTH ,2019-11-28 15:40:46,144
HOTH ,2019-11-28 16:40:45,144
HOTH ,2019-11-28 17:40:46,144
HOTH ,2019-11-28 18:40:46,144
HOTH ,2019-11-28 19:40:46,144
HOTH ,2019-11-28 20:40:45,144
HOTH ,2019-11-28 21:40:46,144
HOTH ,2019-11-28 22:40:45,144
HOTH ,2019-11-28 23:40:46,144
HOTH ,2019-11-29 00:40:46,144
HOTH ,2019-11-29 01:40:46,144
HOTH ,2019-11-29 02:40:45,144
HOTH ,2019-11-29 03:40:44,144
HOTH ,2019-11-29 04:40:46,144
HOTH ,2019-11-29 05:40:46,144
HOTH ,2019-11-29 06:40:46,144
HOTH ,2019-11-29 07:40:47,144
HOTH ,2019-11-29 08:40:50,144
HOTH ,2019-11-29 09:40:53,144
HOTH ,2019-11-29 10:40:56,144
HOTH ,2019-11-29 11:40:47,144
HOTH ,2019-11-29 12:40:46,144
HOTH ,2019-11-29 13:40:50,144
HOTH ,2019-11-29 14:40:50,144
HOTH ,2019-11-29 15:40:49,144
HOTH ,2019-11-29 16:40:50,143
HOTH ,2019-11-29 17:40:49,143
HOTH ,2019-11-29 18:40:49,143
HOTH ,2019-11-29 19:40:49,143
HOTH ,2019-11-29 20:40:48,143
HOTH ,2019-11-29 21:40:46,143
HOTH ,2019-11-29 22:40:50,143
HOTH ,2019-11-29 23:40:47,143
HOTH ,2019-11-30 00:40:47,143
HOTH ,2019-11-30 01:40:46,143
HOTH ,2019-11-30 02:40:47,143
HOTH ,2019-11-30 03:40:48,143
HOTH ,2019-11-30 04:40:47,143
HOTH ,2019-11-30 05:40:49,143
HOTH ,2019-11-30 06:40:48,143
HOTH ,2019-11-30 07:40:49,143
HOTH ,2019-11-30 08:40:48,143
HOTH ,2019-11-30 21:40:47,143
HOTH ,2019-11-30 22:40:49,143
HOTH ,2019-11-30 23:40:47,143
HOTH ,2019-12-01 00:40:46,143
HOTH ,2019-12-01 01:40:45,143
HOTH ,2019-12-01 02:40:48,143
HOTH ,2019-12-01 22:40:51,143
HOTH ,2019-12-01 23:40:46,143
HOTH ,2019-12-02 00:40:45,143
HOTH ,2019-12-02 01:40:47,143
HOTH ,2019-12-02 02:40:46,143
HOTH ,2019-12-02 06:12:23,143
HOTH ,2019-12-02 06:41:01,143
HOTH ,2019-12-02 07:41:05,143
HOTH ,2019-12-02 08:41:01,143
HOTH ,2019-12-02 09:41:00,143
HOTH ,2019-12-02 10:41:01,143
HOTH ,2019-12-02 11:41:01,143
HOTH ,2019-12-02 12:40:59,143
HOTH ,2019-12-02 14:05:20,143
HOTH ,2019-12-02 14:41:01,143
HOTH ,2019-12-02 15:41:04,143
HOTH ,2019-12-02 16:41:01,144
HOTH ,2019-12-02 17:41:03,144
HOTH ,2019-12-02 18:41:05,144
HOTH ,2019-12-02 19:41:07,144
HOTH ,2019-12-02 20:41:03,145
HOTH ,2019-12-02 21:41:04,146
HOTH ,2019-12-02 22:41:04,146
HOTH ,2019-12-02 23:41:03,146
HOTH ,2019-12-03 00:41:03,146
HOTH ,2019-12-03 01:41:03,146
HOTH ,2019-12-03 02:41:05,146
HOTH ,2019-12-03 03:41:02,146
HOTH ,2019-12-03 04:41:03,146
HOTH ,2019-12-03 05:41:04,146
HOTH ,2019-12-03 06:41:00,146
HOTH ,2019-12-03 07:41:01,146
HOTH ,2019-12-03 08:41:00,146
HOTH ,2019-12-03 09:41:02,146
HOTH ,2019-12-03 10:41:05,146
HOTH ,2019-12-03 11:41:02,146
HOTH ,2019-12-03 12:41:00,146
HOTH ,2019-12-03 13:40:59,146
HOTH ,2019-12-03 14:41:03,146
HOTH ,2019-12-03 15:41:00,146
HOTH ,2019-12-03 16:41:04,146
HOTH ,2019-12-03 17:41:02,145
HOTH ,2019-12-03 18:41:03,145
HOTH ,2019-12-03 19:41:03,145
HOTH ,2019-12-03 20:41:03,145
HOTH ,2019-12-03 21:41:05,145
HOTH ,2019-12-03 22:41:02,145
HOTH ,2019-12-03 23:41:02,145
HOTH ,2019-12-04 00:41:07,145
HOTH ,2019-12-04 01:41:09,145
HOTH ,2019-12-04 02:41:07,145
HOTH ,2019-12-04 03:41:04,145
HOTH ,2019-12-04 04:41:04,145
HOTH ,2019-12-04 05:41:04,145
HOTH ,2019-12-04 06:41:02,145
HOTH ,2019-12-04 07:41:04,145
HOTH ,2019-12-04 08:41:02,145
HOTH ,2019-12-04 09:41:01,145
HOTH ,2019-12-04 10:41:01,145
HOTH ,2019-12-04 11:41:01,145
HOTH ,2019-12-04 12:41:01,145
HOTH ,2019-12-04 14:04:51,145
HOTH ,2019-12-04 14:41:06,145
HOTH ,2019-12-04 15:41:09,145
HOTH ,2019-12-04 16:41:06,145
HOTH ,2019-12-04 17:41:04,145
HOTH ,2019-12-04 18:41:05,145
HOTH ,2019-12-04 19:41:05,145
HOTH ,2019-12-04 20:41:05,145
HOTH ,2019-12-04 21:41:03,145
HOTH ,2019-12-04 22:41:03,145
HOTH ,2019-12-04 23:41:04,145
HOTH ,2019-12-05 00:41:04,145
HOTH ,2019-12-05 01:41:05,145
HOTH ,2019-12-05 02:41:04,145
HOTH ,2019-12-05 03:41:04,145
HOTH ,2019-12-05 04:41:05,145
HOTH ,2019-12-05 05:41:04,145
HOTH ,2019-12-05 06:41:08,145
HOTH ,2019-12-05 07:41:02,145
HOTH ,2019-12-05 08:41:04,145
HOTH ,2019-12-05 09:41:01,145
HOTH ,2019-12-05 10:41:01,145
HOTH ,2019-12-05 11:41:02,145
HOTH ,2019-12-05 12:41:01,145
HOTH ,2019-12-05 13:41:06,145
HOTH ,2019-12-05 14:41:04,145
HOTH ,2019-12-05 15:41:06,147
HOTH ,2019-12-05 16:41:04,147
HOTH ,2019-12-05 17:41:05,148
HOTH ,2019-12-05 18:41:05,148
HOTH ,2019-12-05 20:05:21,148
HOTH ,2019-12-05 20:41:08,148
HOTH ,2019-12-05 21:41:04,148
HOTH ,2019-12-05 22:41:05,148
HOTH ,2019-12-05 23:41:05,148
HOTH ,2019-12-06 00:41:05,148
HOTH ,2019-12-06 01:41:04,148
HOTH ,2019-12-06 02:41:05,148
HOTH ,2019-12-06 03:41:05,148
HOTH ,2019-12-06 04:41:04,148
HOTH ,2019-12-06 05:41:07,148
HOTH ,2019-12-06 06:41:04,148
HOTH ,2019-12-06 07:41:05,148
HOTH ,2019-12-06 08:41:06,148
HOTH ,2019-12-06 09:41:04,148
HOTH ,2019-12-06 10:41:05,148
HOTH ,2019-12-06 11:41:04,148
HOTH ,2019-12-06 12:41:02,148
HOTH ,2019-12-06 13:41:12,148
HOTH ,2019-12-06 14:41:06,148
HOTH ,2019-12-06 15:41:08,148
HOTH ,2019-12-06 16:41:06,146
HOTH ,2019-12-06 17:41:03,146
HOTH ,2019-12-06 18:41:05,145
HOTH ,2019-12-06 19:41:04,145
HOTH ,2019-12-06 20:41:04,146
HOTH ,2019-12-06 21:41:01,146
HOTH ,2019-12-06 22:41:01,146
HOTH ,2019-12-06 23:41:04,146
HOTH ,2019-12-07 00:41:01,146
HOTH ,2019-12-07 01:41:05,146
HOTH ,2019-12-07 02:41:06,146
HOTH ,2019-12-07 03:41:04,146
HOTH ,2019-12-07 04:41:05,146
HOTH ,2019-12-07 05:41:07,146
HOTH ,2019-12-07 06:41:04,146
HOTH ,2019-12-07 07:41:01,146
HOTH ,2019-12-07 08:41:03,146
HOTH ,2019-12-07 09:41:00,146
HOTH ,2019-12-07 10:41:02,146
HOTH ,2019-12-07 11:41:01,146
HOTH ,2019-12-07 12:41:04,146
HOTH ,2019-12-07 13:41:11,146
HOTH ,2019-12-07 14:41:04,146
HOTH ,2019-12-07 15:41:05,146
HOTH ,2019-12-07 16:41:04,146
HOTH ,2019-12-07 17:41:06,146
HOTH ,2019-12-07 18:41:04,146
HOTH ,2019-12-07 19:41:02,146
HOTH ,2019-12-07 20:41:04,146
HOTH ,2019-12-07 21:41:05,146
HOTH ,2019-12-07 22:41:01,146
HOTH ,2019-12-07 23:41:02,146
HOTH ,2019-12-08 00:41:05,146
HOTH ,2019-12-08 01:41:02,146
HOTH ,2019-12-08 02:41:04,146
HOTH ,2019-12-08 03:41:05,146
HOTH ,2019-12-08 04:41:03,146
HOTH ,2019-12-08 05:41:06,146
HOTH ,2019-12-08 06:41:05,146
HOTH ,2019-12-08 07:41:04,146
HOTH ,2019-12-08 08:41:05,146
HOTH ,2019-12-08 09:41:04,146
HOTH ,2019-12-08 10:41:05,146
HOTH ,2019-12-08 11:41:01,146
HOTH ,2019-12-08 12:41:01,146
HOTH ,2019-12-08 13:41:04,146
HOTH ,2019-12-08 14:41:01,146
HOTH ,2019-12-08 15:41:04,146
HOTH ,2019-12-08 16:41:04,146
HOTH ,2019-12-08 17:41:05,146
HOTH ,2019-12-08 18:41:01,146
HOTH ,2019-12-08 19:41:03,146
HOTH ,2019-12-08 20:41:03,146
HOTH ,2019-12-08 21:41:04,146
HOTH ,2019-12-08 22:41:05,146
HOTH ,2019-12-08 23:41:04,146
HOTH ,2019-12-09 00:41:03,146
HOTH ,2019-12-09 01:41:01,146
HOTH ,2019-12-09 02:41:01,146
HOTH ,2019-12-09 03:41:04,146
HOTH ,2019-12-09 04:41:02,146
HOTH ,2019-12-09 05:41:05,146
HOTH ,2019-12-09 06:41:06,146
HOTH ,2019-12-09 07:41:02,146
HOTH ,2019-12-09 08:41:03,146
HOTH ,2019-12-09 09:41:01,146
HOTH ,2019-12-09 10:41:02,146
HOTH ,2019-12-09 11:41:00,146
HOTH ,2019-12-09 12:41:01,146
HOTH ,2019-12-09 14:05:52,146
HOTH ,2019-12-09 14:41:04,146
HOTH ,2019-12-09 15:41:03,145
HOTH ,2019-12-09 16:41:06,145
HOTH ,2019-12-09 17:41:08,145
HOTH ,2019-12-09 18:41:05,145
HOTH ,2019-12-09 19:41:02,152
HOTH ,2019-12-09 20:41:05,156
HOTH ,2019-12-09 21:41:05,156
HOTH ,2019-12-09 22:41:02,156
HOTH ,2019-12-09 23:41:04,156
HOTH ,2019-12-10 00:41:09,156
HOTH ,2019-12-10 01:41:04,156
HOTH ,2019-12-10 02:41:05,156
HOTH ,2019-12-10 03:41:05,156
HOTH ,2019-12-10 04:41:04,156
HOTH ,2019-12-10 05:41:06,156
HOTH ,2019-12-10 06:41:07,156
HOTH ,2019-12-10 07:41:05,156
HOTH ,2019-12-10 08:41:07,156
HOTH ,2019-12-10 09:41:02,156
HOTH ,2019-12-10 10:41:01,156
HOTH ,2019-12-10 11:41:01,156
HOTH ,2019-12-10 12:41:11,156
HOTH ,2019-12-10 13:41:01,156
HOTH ,2019-12-10 14:41:02,156
HOTH ,2019-12-10 15:41:02,155
HOTH ,2019-12-10 16:41:04,155
HOTH ,2019-12-10 17:41:04,155
HOTH ,2019-12-10 18:41:04,154
HOTH ,2019-12-10 19:41:01,153
HOTH ,2019-12-10 20:41:04,151
HOTH ,2019-12-10 21:41:03,150
HOTH ,2019-12-10 22:41:06,150
HOTH ,2019-12-10 23:41:05,150
HOTH ,2019-12-11 00:41:05,150
HOTH ,2019-12-11 01:41:05,150
HOTH ,2019-12-11 02:41:09,150
HOTH ,2019-12-11 03:41:03,150
HOTH ,2019-12-11 04:41:04,150
HOTH ,2019-12-11 05:41:04,150
HOTH ,2019-12-11 06:41:04,150
HOTH ,2019-12-11 07:41:02,150
HOTH ,2019-12-11 08:41:03,150
HOTH ,2019-12-11 09:41:00,150
HOTH ,2019-12-11 10:41:02,150
HOTH ,2019-12-11 11:41:02,150
HOTH ,2019-12-11 12:41:04,150
HOTH ,2019-12-11 13:41:04,150
HOTH ,2019-12-11 14:41:08,150
HOTH ,2019-12-11 15:41:02,150
HOTH ,2019-12-11 16:41:05,149
HOTH ,2019-12-11 17:41:07,149
HOTH ,2019-12-11 18:41:06,149
HOTH ,2019-12-11 19:41:07,148
HOTH ,2019-12-11 20:41:01,148
HOTH ,2019-12-11 21:41:03,148
HOTH ,2019-12-11 22:41:05,148
HOTH ,2019-12-11 23:41:03,148
HOTH ,2019-12-12 00:41:05,148
HOTH ,2019-12-12 01:41:05,148
HOTH ,2019-12-12 02:41:07,148
HOTH ,2019-12-12 03:41:03,148
HOTH ,2019-12-12 04:41:03,148
HOTH ,2019-12-12 05:41:06,148
HOTH ,2019-12-12 06:41:09,148
HOTH ,2019-12-12 07:41:05,148
HOTH ,2019-12-12 08:41:04,148
HOTH ,2019-12-12 09:41:04,148
HOTH ,2019-12-12 10:41:05,148
HOTH ,2019-12-12 11:41:03,148
HOTH ,2019-12-12 12:41:03,148
HOTH ,2019-12-12 14:04:22,148
HOTH ,2019-12-12 14:41:10,148
HOTH ,2019-12-12 15:41:06,148
HOTH ,2019-12-12 16:41:06,148
HOTH ,2019-12-12 17:41:03,148
HOTH ,2019-12-12 18:41:04,147
HOTH ,2019-12-12 19:41:03,147
HOTH ,2019-12-12 20:41:04,147
HOTH ,2019-12-12 21:41:02,148
HOTH ,2019-12-12 22:41:02,148
HOTH ,2019-12-12 23:41:02,148
HOTH ,2019-12-13 00:41:11,148
HOTH ,2019-12-13 01:41:02,148
HOTH ,2019-12-13 02:41:01,148
HOTH ,2019-12-13 03:41:02,148
HOTH ,2019-12-13 04:41:01,148
HOTH ,2019-12-13 05:41:04,148
HOTH ,2019-12-13 06:41:07,148
HOTH ,2019-12-13 07:41:01,148
HOTH ,2019-12-13 08:41:02,148
HOTH ,2019-12-13 09:41:02,148
HOTH ,2019-12-13 10:41:03,148
HOTH ,2019-12-13 11:41:02,148
HOTH ,2019-12-13 12:41:02,148
HOTH ,2019-12-13 14:36:27,148
HOTH ,2019-12-13 14:44:11,148
HOTH ,2019-12-13 15:41:04,147
HOTH ,2019-12-13 16:41:04,147
HOTH ,2019-12-13 17:41:07,147
HOTH ,2019-12-13 18:41:05,147
HOTH ,2019-12-13 19:41:03,146
HOTH ,2019-12-13 20:41:12,146
HOTH ,2019-12-13 21:41:04,145
HOTH ,2019-12-13 22:41:04,145
HOTH ,2019-12-13 23:41:03,145
HOTH ,2019-12-14 00:41:03,145
HOTH ,2019-12-14 01:41:04,145
HOTH ,2019-12-14 02:41:03,145
HOTH ,2019-12-14 03:41:06,145
HOTH ,2019-12-14 04:41:04,145
HOTH ,2019-12-14 05:41:05,145
HOTH ,2019-12-14 06:41:05,145
HOTH ,2019-12-14 07:41:04,145
HOTH ,2019-12-14 08:41:04,145
HOTH ,2019-12-14 09:41:04,145
HOTH ,2019-12-14 10:41:04,145
HOTH ,2019-12-14 11:41:06,145
HOTH ,2019-12-14 12:41:03,145
HOTH ,2019-12-14 13:41:04,145
HOTH ,2019-12-14 14:41:04,145
HOTH ,2019-12-14 15:41:03,145
HOTH ,2019-12-14 16:41:06,145
HOTH ,2019-12-14 17:41:04,145
HOTH ,2019-12-14 18:41:04,145
HOTH ,2019-12-14 19:41:03,145
HOTH ,2019-12-14 20:41:04,145
HOTH ,2019-12-14 22:41:06,145
HOTH ,2019-12-14 23:41:04,145
HOTH ,2019-12-15 00:41:03,145
HOTH ,2019-12-15 01:41:06,145
HOTH ,2019-12-15 02:41:04,145
HOTH ,2019-12-15 03:41:03,145
HOTH ,2019-12-15 04:41:05,145
HOTH ,2019-12-15 05:41:04,145
HOTH ,2019-12-15 06:41:03,145
HOTH ,2019-12-15 07:41:06,145
HOTH ,2019-12-15 08:41:04,145
HOTH ,2019-12-15 09:41:04,145
HOTH ,2019-12-15 10:41:05,145
HOTH ,2019-12-15 11:41:04,145
HOTH ,2019-12-15 13:41:03,145
HOTH ,2019-12-15 14:41:04,145
HOTH ,2019-12-15 15:41:05,145
HOTH ,2019-12-15 16:41:05,145
HOTH ,2019-12-15 17:41:04,145
HOTH ,2019-12-15 19:41:03,145
HOTH ,2019-12-15 20:41:04,145
HOTH ,2019-12-15 21:41:04,145
HOTH ,2019-12-15 22:41:05,145
HOTH ,2019-12-15 23:41:05,145
HOTH ,2019-12-16 00:41:04,145
HOTH ,2019-12-16 01:41:07,145
HOTH ,2019-12-16 02:41:04,145
HOTH ,2019-12-16 04:41:08,145
HOTH ,2019-12-16 05:41:03,145
HOTH ,2019-12-16 06:41:03,145
HOTH ,2019-12-16 07:41:02,145
HOTH ,2019-12-16 08:41:03,145
HOTH ,2019-12-16 09:41:04,145
HOTH ,2019-12-16 10:41:04,145
HOTH ,2019-12-16 11:41:03,145
HOTH ,2019-12-16 12:41:02,145
HOTH ,2019-12-16 13:41:02,145
HOTH ,2019-12-16 14:41:09,145
HOTH ,2019-12-16 16:03:52,143
HOTH ,2019-12-16 16:41:04,143
HOTH ,2019-12-16 17:41:04,144
HOTH ,2019-12-16 18:41:04,144
HOTH ,2019-12-16 19:41:05,144
HOTH ,2019-12-16 20:41:05,144
HOTH ,2019-12-16 21:41:05,144
HOTH ,2019-12-16 22:41:04,144
HOTH ,2019-12-16 23:41:04,144
HOTH ,2019-12-17 00:41:03,144
HOTH ,2019-12-17 01:41:04,144
HOTH ,2019-12-17 02:41:07,144
HOTH ,2019-12-17 03:41:03,144
HOTH ,2019-12-17 04:41:05,144
HOTH ,2019-12-17 05:41:04,144
HOTH ,2019-12-17 06:41:05,144
HOTH ,2019-12-17 07:41:04,144
HOTH ,2019-12-17 08:41:06,144
HOTH ,2019-12-17 09:41:04,144
HOTH ,2019-12-17 10:41:05,144
HOTH ,2019-12-17 11:41:04,144
HOTH ,2019-12-17 12:41:03,144
HOTH ,2019-12-17 14:05:23,144
HOTH ,2019-12-17 14:41:05,144
HOTH ,2019-12-17 15:41:06,145
HOTH ,2019-12-17 16:41:04,145
HOTH ,2019-12-17 17:41:03,146
HOTH ,2019-12-17 18:41:04,146
HOTH ,2019-12-17 19:41:07,146
HOTH ,2019-12-17 20:41:05,146
HOTH ,2019-12-17 21:41:04,146
HOTH ,2019-12-17 22:41:05,146
HOTH ,2019-12-17 23:41:04,146
HOTH ,2019-12-18 00:41:04,146
HOTH ,2019-12-18 01:41:04,146
HOTH ,2019-12-18 02:41:08,146
HOTH ,2019-12-18 03:41:04,146
HOTH ,2019-12-18 04:41:03,146
HOTH ,2019-12-18 05:41:03,146
HOTH ,2019-12-18 06:41:03,146
HOTH ,2019-12-18 07:41:04,146
HOTH ,2019-12-18 08:41:05,146
HOTH ,2019-12-18 09:41:04,146
HOTH ,2019-12-18 10:41:11,146
HOTH ,2019-12-18 11:41:05,146
HOTH ,2019-12-18 12:41:03,146
HOTH ,2019-12-18 14:04:21,146
HOTH ,2019-12-18 14:41:04,146
HOTH ,2019-12-18 15:41:03,147
HOTH ,2019-12-18 16:41:04,146
HOTH ,2019-12-18 17:41:06,146
HOTH ,2019-12-18 18:41:04,147
HOTH ,2019-12-18 19:41:03,148
HOTH ,2019-12-18 20:41:03,149
HOTH ,2019-12-18 21:41:03,149
HOTH ,2019-12-18 22:41:04,149
HOTH ,2019-12-18 23:41:03,149
HOTH ,2019-12-19 00:41:04,149
HOTH ,2019-12-19 01:41:05,149
HOTH ,2019-12-19 02:41:08,149
HOTH ,2019-12-19 03:41:02,149
HOTH ,2019-12-19 04:41:03,149
HOTH ,2019-12-19 05:41:05,149
HOTH ,2019-12-19 06:41:03,149
HOTH ,2019-12-19 07:41:03,149
HOTH ,2019-12-19 08:41:05,149
HOTH ,2019-12-19 09:41:04,149
HOTH ,2019-12-19 10:41:03,149
HOTH ,2019-12-19 11:41:02,149
HOTH ,2019-12-19 12:41:05,149
HOTH ,2019-12-19 14:05:53,149
HOTH ,2019-12-19 14:41:07,149
HOTH ,2019-12-19 15:41:08,194
HOTH ,2019-12-19 16:41:07,208
HOTH ,2019-12-19 17:41:07,212
HOTH ,2019-12-19 18:41:08,219
HOTH ,2019-12-19 19:41:06,224
HOTH ,2019-12-19 21:05:55,241
HOTH ,2019-12-19 21:41:07,241
HOTH ,2019-12-19 22:41:07,241
HOTH ,2019-12-19 23:41:06,241
HOTH ,2019-12-20 00:41:08,241
HOTH ,2019-12-20 01:41:07,241
HOTH ,2019-12-20 02:41:12,241
HOTH ,2019-12-20 03:41:07,241
HOTH ,2019-12-20 04:41:09,241
HOTH ,2019-12-20 05:41:08,241
HOTH ,2019-12-20 06:41:07,241
HOTH ,2019-12-20 07:41:08,241
HOTH ,2019-12-20 08:41:07,241
HOTH ,2019-12-20 09:41:10,241
HOTH ,2019-12-20 10:41:04,241
HOTH ,2019-12-20 11:41:10,241
HOTH ,2019-12-20 12:41:07,241
HOTH ,2019-12-20 14:04:54,241
HOTH ,2019-12-20 14:41:14,241
HOTH ,2019-12-20 15:41:09,241
HOTH ,2019-12-20 16:41:12,241
HOTH ,2019-12-20 17:41:13,239
HOTH ,2019-12-20 18:41:09,238
HOTH ,2019-12-20 19:41:09,235
HOTH ,2019-12-20 20:41:13,237
HOTH ,2019-12-20 21:41:09,239
HOTH ,2019-12-20 22:41:08,239
HOTH ,2019-12-20 23:41:09,239
HOTH ,2019-12-21 00:41:13,239
HOTH ,2019-12-21 01:41:10,239
HOTH ,2019-12-21 02:41:08,239
HOTH ,2019-12-21 03:41:08,239
HOTH ,2019-12-21 04:41:09,239
HOTH ,2019-12-21 05:41:06,239
HOTH ,2019-12-21 06:41:06,239
HOTH ,2019-12-21 07:41:08,239
HOTH ,2019-12-21 08:41:11,239
HOTH ,2019-12-21 09:41:06,239
HOTH ,2019-12-21 10:41:05,239
HOTH ,2019-12-21 11:41:04,239
HOTH ,2019-12-21 12:41:05,239
HOTH ,2019-12-21 13:41:05,239
HOTH ,2019-12-21 14:41:05,239
HOTH ,2019-12-21 15:41:06,239
HOTH ,2019-12-21 16:41:09,239
HOTH ,2019-12-21 17:41:08,239
HOTH ,2019-12-21 18:41:06,239
HOTH ,2019-12-21 19:41:06,239
HOTH ,2019-12-21 20:41:05,239
HOTH ,2019-12-21 21:41:05,239
HOTH ,2019-12-21 22:41:09,239
HOTH ,2019-12-21 23:41:05,239
HOTH ,2019-12-22 00:41:06,239
HOTH ,2019-12-22 01:41:09,239
HOTH ,2019-12-22 02:41:07,239
HOTH ,2019-12-22 04:41:05,239
HOTH ,2019-12-22 05:41:07,239
HOTH ,2019-12-22 06:41:06,239
HOTH ,2019-12-22 07:41:07,239
HOTH ,2019-12-22 08:41:08,239
HOTH ,2019-12-22 09:41:05,239
HOTH ,2019-12-22 10:41:05,239
HOTH ,2019-12-22 11:41:05,239
HOTH ,2019-12-22 12:41:06,239
HOTH ,2019-12-22 13:41:06,239
HOTH ,2019-12-22 14:41:07,239
HOTH ,2019-12-22 15:41:09,239
HOTH ,2019-12-22 16:41:10,239
HOTH ,2019-12-22 17:41:05,239
HOTH ,2019-12-22 18:41:05,239
HOTH ,2019-12-22 19:41:09,239
HOTH ,2019-12-22 20:41:09,239
HOTH ,2019-12-22 22:41:06,239
HOTH ,2019-12-22 23:41:08,239
HOTH ,2019-12-23 00:41:09,239
HOTH ,2019-12-23 01:41:12,239
HOTH ,2019-12-23 02:41:10,239
HOTH ,2019-12-23 03:41:09,239
HOTH ,2019-12-23 04:41:08,239
HOTH ,2019-12-23 05:41:09,239
HOTH ,2019-12-23 06:41:08,239
HOTH ,2019-12-23 07:41:07,239
HOTH ,2019-12-23 08:41:07,239
HOTH ,2019-12-23 09:41:07,239
HOTH ,2019-12-23 10:41:06,239
HOTH ,2019-12-23 11:41:06,239
HOTH ,2019-12-23 12:41:05,239
HOTH ,2019-12-23 14:05:58,239
HOTH ,2019-12-23 14:41:12,239
HOTH ,2019-12-23 15:41:06,251
HOTH ,2019-12-23 16:41:05,249
HOTH ,2019-12-23 17:41:10,249
HOTH ,2019-12-23 18:41:07,247
HOTH ,2019-12-23 19:41:09,246
HOTH ,2019-12-23 20:41:12,246
HOTH ,2019-12-23 21:41:08,241
HOTH ,2019-12-23 22:41:06,241
HOTH ,2019-12-23 23:41:08,241
HOTH ,2019-12-24 00:41:06,241
HOTH ,2019-12-24 01:41:08,241
HOTH ,2019-12-24 02:41:12,241
HOTH ,2019-12-24 03:41:10,241
HOTH ,2019-12-24 04:41:13,241
HOTH ,2019-12-24 05:41:06,241
HOTH ,2019-12-24 06:41:09,241
HOTH ,2019-12-24 07:41:06,241
HOTH ,2019-12-24 08:41:05,241
HOTH ,2019-12-24 09:41:05,241
HOTH ,2019-12-24 10:41:09,241
HOTH ,2019-12-24 11:41:05,241
HOTH ,2019-12-24 12:41:05,241
HOTH ,2019-12-24 13:41:05,241
HOTH ,2019-12-24 14:41:09,241
HOTH ,2019-12-24 15:41:10,237
HOTH ,2019-12-24 16:41:08,236
HOTH ,2019-12-24 17:41:04,236
HOTH ,2019-12-24 18:41:05,235
HOTH ,2019-12-24 19:41:05,236
HOTH ,2019-12-24 20:41:06,236
HOTH ,2019-12-24 21:41:05,236
HOTH ,2019-12-24 22:41:04,236
HOTH ,2019-12-24 23:41:10,236
HOTH ,2019-12-25 00:41:06,236
HOTH ,2019-12-25 01:41:05,236
HOTH ,2019-12-25 02:41:06,236
HOTH ,2019-12-25 03:41:07,236
HOTH ,2019-12-25 04:41:09,236
HOTH ,2019-12-25 05:41:08,236
HOTH ,2019-12-25 06:41:06,236
HOTH ,2019-12-25 07:41:05,236
HOTH ,2019-12-25 08:41:11,236
HOTH ,2019-12-25 09:41:06,236
HOTH ,2019-12-25 10:41:07,236
HOTH ,2019-12-25 11:41:06,236
HOTH ,2019-12-25 12:41:05,236
HOTH ,2019-12-25 13:41:05,236
HOTH ,2019-12-25 14:41:04,236
HOTH ,2019-12-25 15:41:08,236
HOTH ,2019-12-25 16:41:05,236
HOTH ,2019-12-25 17:41:09,236
HOTH ,2019-12-25 18:41:05,236
HOTH ,2019-12-25 19:41:04,236
HOTH ,2019-12-25 20:41:05,236
HOTH ,2019-12-25 21:41:05,236
HOTH ,2019-12-25 22:41:06,236
HOTH ,2019-12-25 23:41:06,236
HOTH ,2019-12-26 00:41:08,236
HOTH ,2019-12-26 01:41:09,236
HOTH ,2019-12-26 02:41:08,236
HOTH ,2019-12-26 03:41:08,236
HOTH ,2019-12-26 04:41:09,236
HOTH ,2019-12-26 05:41:07,236
HOTH ,2019-12-26 06:41:08,236
HOTH ,2019-12-26 07:41:05,236
HOTH ,2019-12-26 08:41:07,236
HOTH ,2019-12-26 09:41:06,236
HOTH ,2019-12-26 10:41:05,236
HOTH ,2019-12-26 11:41:05,236
HOTH ,2019-12-26 12:41:05,236
HOTH ,2019-12-26 13:41:05,236
HOTH ,2019-12-26 14:41:05,236
HOTH ,2019-12-26 15:41:04,238
HOTH ,2019-12-26 16:41:08,237
HOTH ,2019-12-26 17:41:10,236
HOTH ,2019-12-26 18:41:05,235
HOTH ,2019-12-26 19:41:04,235
HOTH ,2019-12-26 20:41:13,233
HOTH ,2019-12-26 21:41:07,231
HOTH ,2019-12-26 22:41:08,231
HOTH ,2019-12-26 23:41:09,231
HOTH ,2019-12-27 00:41:05,231
HOTH ,2019-12-27 01:41:08,231
HOTH ,2019-12-27 02:41:10,231
HOTH ,2019-12-27 03:41:08,231
HOTH ,2019-12-27 04:41:08,231
HOTH ,2019-12-27 05:41:08,231
HOTH ,2019-12-27 06:41:08,231
HOTH ,2019-12-27 07:41:06,231
HOTH ,2019-12-27 08:41:09,231
HOTH ,2019-12-27 09:41:07,231
HOTH ,2019-12-27 10:41:06,231
HOTH ,2019-12-27 11:41:05,231
HOTH ,2019-12-27 12:41:06,231
HOTH ,2019-12-27 14:05:55,231
HOTH ,2019-12-27 14:41:07,231
HOTH ,2019-12-27 15:41:06,232
HOTH ,2019-12-27 16:41:05,232
HOTH ,2019-12-27 17:41:08,231
HOTH ,2019-12-27 18:41:09,231
HOTH ,2019-12-27 19:41:14,231
HOTH ,2019-12-27 20:41:08,227
HOTH ,2019-12-27 21:41:12,228
HOTH ,2019-12-27 22:41:09,228
HOTH ,2019-12-27 23:41:06,228
HOTH ,2019-12-28 00:41:08,228
HOTH ,2019-12-28 01:41:06,228
HOTH ,2019-12-28 02:41:10,228
HOTH ,2019-12-28 03:41:05,228
HOTH ,2019-12-28 04:41:08,228
HOTH ,2019-12-28 05:41:08,228
HOTH ,2019-12-28 06:41:08,228
HOTH ,2019-12-28 07:41:07,228
HOTH ,2019-12-28 08:41:12,228
HOTH ,2019-12-28 09:41:06,228
HOTH ,2019-12-28 10:41:07,228
HOTH ,2019-12-28 11:41:05,228
HOTH ,2019-12-28 12:41:05,228
HOTH ,2019-12-28 13:41:05,228
HOTH ,2019-12-28 14:41:06,228
HOTH ,2019-12-28 15:41:06,228
HOTH ,2019-12-28 16:41:06,228
HOTH ,2019-12-28 17:41:09,228
HOTH ,2019-12-28 18:41:06,228
HOTH ,2019-12-28 19:41:06,228
HOTH ,2019-12-28 20:41:06,228
HOTH ,2019-12-28 21:41:06,228
HOTH ,2019-12-28 22:41:08,228
HOTH ,2019-12-28 23:41:12,228
HOTH ,2019-12-29 00:41:07,228
HOTH ,2019-12-29 01:41:09,228
HOTH ,2019-12-29 02:41:09,228
HOTH ,2019-12-29 03:41:10,228
HOTH ,2019-12-29 04:41:07,228
HOTH ,2019-12-29 05:41:11,228
HOTH ,2019-12-29 06:41:10,228
HOTH ,2019-12-29 07:41:08,228
HOTH ,2019-12-29 08:41:12,228
HOTH ,2019-12-29 09:41:06,228
HOTH ,2019-12-29 10:41:07,228
HOTH ,2019-12-29 11:41:08,228
HOTH ,2019-12-29 12:41:08,228
HOTH ,2019-12-29 13:41:06,228
HOTH ,2019-12-29 14:41:07,228
HOTH ,2019-12-29 15:41:10,228
HOTH ,2019-12-29 16:41:08,228
HOTH ,2019-12-29 17:41:06,228
HOTH ,2019-12-29 18:41:08,228
HOTH ,2019-12-29 19:41:07,228
HOTH ,2019-12-29 20:41:05,228
HOTH ,2019-12-29 21:41:12,228
HOTH ,2019-12-29 22:41:07,228
HOTH ,2019-12-29 23:41:07,228
HOTH ,2019-12-30 00:41:06,228
HOTH ,2019-12-30 01:41:10,228
HOTH ,2019-12-30 02:41:12,228
HOTH ,2019-12-30 03:41:08,228
HOTH ,2019-12-30 04:41:12,228
HOTH ,2019-12-30 05:41:07,228
HOTH ,2019-12-30 06:41:04,228
HOTH ,2019-12-30 07:41:05,228
HOTH ,2019-12-30 08:41:07,228
HOTH ,2019-12-30 09:41:16,228
HOTH ,2019-12-30 10:41:06,228
HOTH ,2019-12-30 11:41:06,228
HOTH ,2019-12-30 12:41:05,228
HOTH ,2019-12-30 14:05:55,228
HOTH ,2019-12-30 14:41:10,228
HOTH ,2019-12-30 15:41:07,228
HOTH ,2019-12-30 16:41:07,220
HOTH ,2019-12-30 17:41:09,224
HOTH ,2019-12-30 18:41:10,223
HOTH ,2019-12-30 19:41:08,221
HOTH ,2019-12-30 20:41:07,222
HOTH ,2019-12-30 21:41:06,223
HOTH ,2019-12-30 22:41:07,223
HOTH ,2019-12-30 23:41:07,223
HOTH ,2019-12-31 00:41:07,223
HOTH ,2019-12-31 01:41:06,223
HOTH ,2019-12-31 02:41:07,223
HOTH ,2019-12-31 03:41:09,223
HOTH ,2019-12-31 04:41:06,223
HOTH ,2019-12-31 05:41:08,223
HOTH ,2019-12-31 06:41:08,223
HOTH ,2019-12-31 07:41:07,223
HOTH ,2019-12-31 08:41:08,223
HOTH ,2019-12-31 09:41:09,223
HOTH ,2019-12-31 10:41:10,223
HOTH ,2019-12-31 11:41:09,223
HOTH ,2019-12-31 12:41:10,223
HOTH ,2019-12-31 14:06:56,223
HOTH ,2019-12-31 14:41:14,223
HOTH ,2019-12-31 15:41:11,224
HOTH ,2019-12-31 16:41:06,223
HOTH ,2019-12-31 17:41:05,223
HOTH ,2019-12-31 18:41:06,223
HOTH ,2019-12-31 19:41:07,225
HOTH ,2019-12-31 20:41:07,225
HOTH ,2019-12-31 21:41:07,225
HOTH ,2019-12-31 22:41:05,225
HOTH ,2019-12-31 23:41:06,225
HOTH ,2020-01-01 00:41:05,225
HOTH ,2020-01-01 01:41:07,225
HOTH ,2020-01-01 02:41:06,225
HOTH ,2020-01-01 03:41:10,225
HOTH ,2020-01-01 04:41:07,225
HOTH ,2020-01-01 05:41:11,225
HOTH ,2020-01-01 06:41:09,225
HOTH ,2020-01-01 07:41:10,225
HOTH ,2020-01-01 08:41:09,225
HOTH ,2020-01-01 09:41:08,225
HOTH ,2020-01-01 10:41:06,225
HOTH ,2020-01-01 11:41:07,225
HOTH ,2020-01-01 12:41:06,225
HOTH ,2020-01-01 13:41:08,225
HOTH ,2020-01-01 14:41:07,225
HOTH ,2020-01-01 15:41:07,225
HOTH ,2020-01-01 16:41:06,225
HOTH ,2020-01-01 17:41:06,225
HOTH ,2020-01-01 18:41:06,225
HOTH ,2020-01-01 19:41:07,225
HOTH ,2020-01-01 20:41:06,225
HOTH ,2020-01-01 21:41:07,225
HOTH ,2020-01-01 22:41:10,225
HOTH ,2020-01-01 23:41:15,225
HOTH ,2020-01-02 00:41:08,225
HOTH ,2020-01-02 01:41:09,225
HOTH ,2020-01-02 02:41:15,225
HOTH ,2020-01-02 03:41:07,225
HOTH ,2020-01-02 04:41:06,225
HOTH ,2020-01-02 05:41:06,225
HOTH ,2020-01-02 06:41:06,225
HOTH ,2020-01-02 07:41:06,225
HOTH ,2020-01-02 08:41:08,225
HOTH ,2020-01-02 09:41:08,225
HOTH ,2020-01-02 10:41:11,225
HOTH ,2020-01-02 11:41:06,225
HOTH ,2020-01-02 12:41:08,225
HOTH ,2020-01-02 14:07:26,225
HOTH ,2020-01-02 14:41:18,225
HOTH ,2020-01-02 15:41:07,223
HOTH ,2020-01-02 16:41:07,223
HOTH ,2020-01-02 17:41:08,223
HOTH ,2020-01-02 18:41:09,223
HOTH ,2020-01-02 19:41:07,222
HOTH ,2020-01-02 20:41:08,222
HOTH ,2020-01-02 21:41:07,219
HOTH ,2020-01-02 22:41:10,219
HOTH ,2020-01-02 23:41:06,219
HOTH ,2020-01-03 00:41:10,219
HOTH ,2020-01-03 01:41:07,219
HOTH ,2020-01-03 02:41:10,219
HOTH ,2020-01-03 03:41:07,219
HOTH ,2020-01-03 04:41:06,219
HOTH ,2020-01-03 05:41:06,219
HOTH ,2020-01-03 06:41:08,219
HOTH ,2020-01-03 07:41:06,219
HOTH ,2020-01-03 08:41:09,219
HOTH ,2020-01-03 09:41:05,219
HOTH ,2020-01-03 10:41:07,219
HOTH ,2020-01-03 11:41:07,219
HOTH ,2020-01-03 12:41:07,219
HOTH ,2020-01-03 14:07:25,219
HOTH ,2020-01-03 14:43:20,219
HOTH ,2020-01-03 15:41:08,217
HOTH ,2020-01-03 16:41:09,216
HOTH ,2020-01-03 17:41:07,216
HOTH ,2020-01-03 18:41:06,216
HOTH ,2020-01-03 19:41:06,216
HOTH ,2020-01-03 20:41:05,216
HOTH ,2020-01-03 21:41:05,216
HOTH ,2020-01-03 22:41:06,216
HOTH ,2020-01-03 23:41:05,216
HOTH ,2020-01-04 00:41:08,216
HOTH ,2020-01-04 01:41:05,216
HOTH ,2020-01-04 02:41:09,216
HOTH ,2020-01-04 03:41:08,216
HOTH ,2020-01-04 04:41:08,216
HOTH ,2020-01-04 05:41:08,216
HOTH ,2020-01-04 06:41:07,216
HOTH ,2020-01-04 07:41:07,216
HOTH ,2020-01-04 08:41:10,216
HOTH ,2020-01-04 09:41:06,216
HOTH ,2020-01-04 10:41:08,216
HOTH ,2020-01-04 11:41:06,216
HOTH ,2020-01-04 12:41:08,216
HOTH ,2020-01-04 13:41:07,216
HOTH ,2020-01-04 14:41:07,216
HOTH ,2020-01-04 15:41:08,216
HOTH ,2020-01-04 16:41:07,216
HOTH ,2020-01-04 17:41:08,216
HOTH ,2020-01-04 18:41:08,216
HOTH ,2020-01-04 19:41:08,216
HOTH ,2020-01-04 20:41:08,216
HOTH ,2020-01-04 21:41:14,216
HOTH ,2020-01-04 22:41:07,216
HOTH ,2020-01-04 23:41:13,216
HOTH ,2020-01-05 00:41:08,216
HOTH ,2020-01-05 01:41:14,216
HOTH ,2020-01-05 02:41:13,216
HOTH ,2020-01-05 03:41:11,216
HOTH ,2020-01-05 04:41:07,216
HOTH ,2020-01-05 05:41:07,216
HOTH ,2020-01-05 06:41:07,216
HOTH ,2020-01-05 07:41:07,216
HOTH ,2020-01-05 08:41:08,216
HOTH ,2020-01-05 09:41:07,216
HOTH ,2020-01-05 10:41:07,216
HOTH ,2020-01-05 11:41:07,216
HOTH ,2020-01-05 12:41:07,216
HOTH ,2020-01-05 13:41:05,216
HOTH ,2020-01-05 14:41:07,216
HOTH ,2020-01-05 15:41:08,216
HOTH ,2020-01-05 16:41:08,216
HOTH ,2020-01-05 17:41:16,216
HOTH ,2020-01-05 18:41:11,216
HOTH ,2020-01-05 19:41:08,216
HOTH ,2020-01-05 20:41:09,216
HOTH ,2020-01-05 21:41:16,216
HOTH ,2020-01-05 22:41:08,216
HOTH ,2020-01-05 23:41:09,216
HOTH ,2020-01-06 00:41:09,216
HOTH ,2020-01-06 01:41:08,216
HOTH ,2020-01-06 02:41:12,216
HOTH ,2020-01-06 03:41:11,216
HOTH ,2020-01-06 04:41:11,216
HOTH ,2020-01-06 05:41:08,216
HOTH ,2020-01-06 06:41:09,216
HOTH ,2020-01-06 07:41:08,216
HOTH ,2020-01-06 08:41:08,216
HOTH ,2020-01-16 06:41:09,300
HOTH ,2020-01-16 07:41:09,300
HOTH ,2020-01-16 08:41:10,300
HOTH ,2020-01-16 09:41:12,300
HOTH ,2020-01-16 10:41:09,300
HOTH ,2020-01-16 11:41:09,300
HOTH ,2020-01-16 12:41:07,300
HOTH ,2020-01-16 14:07:27,301
HOTH ,2020-01-16 15:41:09,334
HOTH ,2020-01-16 16:41:11,332
HOTH ,2020-01-16 17:41:11,330
HOTH ,2020-01-16 18:41:09,330
HOTH ,2020-01-16 19:41:10,333
HOTH ,2020-01-16 20:41:08,337
HOTH ,2020-01-16 21:41:09,339
HOTH ,2020-01-16 22:41:09,341
HOTH ,2020-01-16 23:41:11,342
HOTH ,2020-01-17 00:41:17,342
HOTH ,2020-01-17 01:41:18,342
HOTH ,2020-01-17 02:41:08,342
HOTH ,2020-01-17 03:41:09,342
HOTH ,2020-01-17 04:41:09,342
HOTH ,2020-01-17 05:41:08,342
HOTH ,2020-01-17 06:41:11,342
HOTH ,2020-01-17 07:41:08,342
HOTH ,2020-01-17 08:41:10,342
HOTH ,2020-01-17 09:41:18,342
HOTH ,2020-01-17 10:41:08,342
HOTH ,2020-01-17 11:41:10,342
HOTH ,2020-01-17 12:41:11,342
HOTH ,2020-01-17 14:05:29,342
HOTH ,2020-01-17 14:41:12,342
HOTH ,2020-01-17 15:41:11,339
HOTH ,2020-01-17 16:41:11,338
HOTH ,2020-01-17 17:41:11,337
HOTH ,2020-01-17 18:41:11,334
HOTH ,2020-01-17 19:41:11,330
HOTH ,2020-01-17 20:41:10,331
HOTH ,2020-01-17 21:41:10,329
HOTH ,2020-01-17 22:41:13,329
HOTH ,2020-01-17 23:41:10,329
HOTH ,2020-01-18 00:41:11,329
HOTH ,2020-01-18 01:41:10,329
HOTH ,2020-01-18 02:41:10,329
HOTH ,2020-01-18 03:41:10,329
HOTH ,2020-01-18 04:41:09,329
HOTH ,2020-01-18 05:41:11,329
HOTH ,2020-01-18 06:41:11,329
HOTH ,2020-01-18 07:41:11,329
HOTH ,2020-01-18 08:41:11,329
HOTH ,2020-01-18 09:41:10,329
HOTH ,2020-01-18 10:41:10,329
HOTH ,2020-01-18 11:41:10,329
HOTH ,2020-01-18 12:41:10,329
HOTH ,2020-01-18 13:41:13,329
HOTH ,2020-01-18 14:41:10,329
HOTH ,2020-01-18 15:41:10,329
HOTH ,2020-01-18 16:41:09,329
HOTH ,2020-01-18 17:41:12,329
HOTH ,2020-01-18 18:41:11,329
HOTH ,2020-01-18 19:41:19,329
HOTH ,2020-01-18 20:41:11,329
HOTH ,2020-01-18 21:41:10,329
HOTH ,2020-01-18 22:41:12,329
HOTH ,2020-01-18 23:41:11,329
HOTH ,2020-01-19 00:41:10,329
HOTH ,2020-01-19 01:41:09,329
HOTH ,2020-01-19 02:41:09,329
HOTH ,2020-01-19 03:41:11,329
HOTH ,2020-01-19 04:41:10,329
HOTH ,2020-01-19 05:41:10,329
HOTH ,2020-01-19 06:41:11,329
HOTH ,2020-01-19 07:41:10,329
HOTH ,2020-01-19 08:41:16,329
HOTH ,2020-01-19 09:41:13,329
HOTH ,2020-01-19 10:41:10,329
HOTH ,2020-01-19 11:41:10,329
HOTH ,2020-01-19 12:41:10,329
HOTH ,2020-01-19 13:41:11,329
HOTH ,2020-01-19 14:41:09,329
HOTH ,2020-01-19 15:41:20,329
HOTH ,2020-01-19 16:41:10,329
HOTH ,2020-01-19 17:41:09,329
HOTH ,2020-01-19 18:41:10,329
HOTH ,2020-01-19 19:41:18,329
HOTH ,2020-01-19 20:41:10,329
HOTH ,2020-01-19 21:41:09,329
HOTH ,2020-01-19 22:41:11,329
HOTH ,2020-01-19 23:41:18,329
HOTH ,2020-01-20 00:41:19,329
HOTH ,2020-01-20 01:41:18,329
HOTH ,2020-01-20 02:41:17,329
HOTH ,2020-01-20 03:41:19,329
HOTH ,2020-01-20 04:41:17,329
HOTH ,2020-01-20 05:41:10,329
HOTH ,2020-01-20 06:41:19,329
HOTH ,2020-01-20 07:41:10,329
HOTH ,2020-01-20 08:41:19,329
HOTH ,2020-01-20 09:50:21,329
HOTH ,2020-01-20 10:41:15,329
HOTH ,2020-01-20 11:41:13,329
HOTH ,2020-01-20 12:41:10,329
HOTH ,2020-01-20 13:41:16,329
HOTH ,2020-01-20 14:41:17,329
HOTH ,2020-01-20 15:41:18,329
HOTH ,2020-01-20 16:41:12,329
HOTH ,2020-01-20 17:41:18,329
HOTH ,2020-01-20 18:41:11,329
HOTH ,2020-01-20 19:41:18,329
HOTH ,2020-01-20 20:41:18,329
HOTH ,2020-01-20 21:41:18,329
HOTH ,2020-01-20 22:41:19,329
HOTH ,2020-01-20 23:41:17,329
HOTH ,2020-01-21 00:41:18,329
HOTH ,2020-01-21 01:41:17,329
HOTH ,2020-01-21 02:41:19,329
HOTH ,2020-01-21 03:41:10,329
HOTH ,2020-01-21 04:41:12,329
HOTH ,2020-01-21 05:41:11,329
HOTH ,2020-01-21 06:41:10,329
HOTH ,2020-01-21 07:41:10,329
HOTH ,2020-01-21 08:41:11,329
HOTH ,2020-01-21 09:58:49,329
HOTH ,2020-01-21 10:41:16,329
HOTH ,2020-01-21 11:41:11,329
HOTH ,2020-01-21 12:41:10,329
HOTH ,2020-01-21 13:41:10,329
HOTH ,2020-01-21 15:41:19,335
HOTH ,2020-01-21 16:41:11,344
HOTH ,2020-01-21 17:41:13,345
HOTH ,2020-01-21 18:41:12,346
HOTH ,2020-01-21 19:41:20,346
HOTH ,2020-01-21 20:41:10,371
HOTH ,2020-01-21 21:41:17,375
HOTH ,2020-01-21 22:41:17,376
HOTH ,2020-01-21 23:41:10,377
HOTH ,2020-01-22 00:41:12,377
HOTH ,2020-01-22 01:41:11,377
HOTH ,2020-01-22 02:41:18,377
HOTH ,2020-01-22 03:41:12,377
HOTH ,2020-01-22 04:41:09,377
HOTH ,2020-01-22 05:41:11,377
HOTH ,2020-01-22 06:41:12,377
HOTH ,2020-01-22 07:41:10,377
HOTH ,2020-01-22 08:41:10,377
HOTH ,2020-01-22 09:55:01,377
HOTH ,2020-01-22 10:41:09,377
HOTH ,2020-01-22 11:41:09,377
HOTH ,2020-01-22 12:41:18,377
HOTH ,2020-01-22 13:41:17,377
HOTH ,2020-01-22 14:41:14,377
HOTH ,2020-01-22 15:41:12,383
HOTH ,2020-01-22 16:41:18,380
HOTH ,2020-01-22 17:41:16,379
HOTH ,2020-01-22 18:41:19,380
HOTH ,2020-01-22 19:41:17,383
HOTH ,2020-01-22 20:41:19,381
HOTH ,2020-01-22 21:41:20,380
HOTH ,2020-01-22 22:41:11,380
HOTH ,2020-01-22 23:41:14,380
HOTH ,2020-01-23 00:41:20,380
HOTH ,2020-01-23 01:41:20,380
HOTH ,2020-01-23 02:41:12,380
HOTH ,2020-01-23 03:41:10,380
HOTH ,2020-01-23 04:41:12,380
HOTH ,2020-01-23 05:41:12,380
HOTH ,2020-01-23 06:41:11,380
HOTH ,2020-01-23 07:41:10,380
HOTH ,2020-01-23 08:41:11,380
HOTH ,2020-01-23 10:41:11,380
HOTH ,2020-01-23 11:41:11,380
HOTH ,2020-01-23 12:41:11,380
HOTH ,2020-01-23 14:06:58,380
HOTH ,2020-01-23 14:41:15,380
HOTH ,2020-01-23 15:41:12,376
HOTH ,2020-01-23 16:41:12,374
HOTH ,2020-01-23 17:41:10,375
HOTH ,2020-01-23 18:41:11,373
HOTH ,2020-01-23 19:41:10,373
HOTH ,2020-01-23 20:41:11,371
HOTH ,2020-01-23 21:41:15,372
HOTH ,2020-01-23 22:41:13,372
HOTH ,2020-01-23 23:41:11,372
HOTH ,2020-01-24 00:41:11,372
HOTH ,2020-01-24 01:41:11,372
HOTH ,2020-01-24 02:41:19,372
HOTH ,2020-01-24 03:41:09,372
HOTH ,2020-01-24 04:41:11,372
HOTH ,2020-01-24 05:41:11,372
HOTH ,2020-01-24 06:41:10,372
HOTH ,2020-01-24 07:41:10,372
HOTH ,2020-01-24 08:41:12,372
HOTH ,2020-01-24 09:53:04,372
HOTH ,2020-01-24 10:41:12,372
HOTH ,2020-01-24 11:41:10,372
HOTH ,2020-01-24 12:41:11,372
HOTH ,2020-01-24 14:05:58,372
HOTH ,2020-01-24 14:41:10,372
HOTH ,2020-01-24 15:41:12,372
HOTH ,2020-01-24 16:41:11,370
HOTH ,2020-01-24 17:41:10,366
HOTH ,2020-01-24 18:41:11,364
HOTH ,2020-01-24 19:41:12,361
HOTH ,2020-01-24 20:41:13,360
HOTH ,2020-01-24 21:41:10,361
HOTH ,2020-01-24 22:41:10,361
HOTH ,2020-01-24 23:41:11,361
HOTH ,2020-01-25 00:41:10,361
HOTH ,2020-01-25 01:41:11,361
HOTH ,2020-01-25 02:41:16,361
HOTH ,2020-01-25 03:41:12,361
HOTH ,2020-01-25 04:41:10,361
HOTH ,2020-01-25 05:41:12,361
HOTH ,2020-01-25 06:41:11,361
HOTH ,2020-01-25 07:41:11,361
HOTH ,2020-01-25 08:41:12,361
HOTH ,2020-01-25 09:53:32,361
HOTH ,2020-01-25 10:41:13,361
HOTH ,2020-01-25 11:41:09,361
HOTH ,2020-01-25 12:41:12,361
HOTH ,2020-01-25 13:41:11,361
HOTH ,2020-01-25 14:41:10,361
HOTH ,2020-01-25 15:41:11,361
HOTH ,2020-01-25 16:41:12,361
HOTH ,2020-01-25 17:41:09,361
HOTH ,2020-01-25 18:41:10,361
HOTH ,2020-01-25 19:41:10,361
HOTH ,2020-01-25 20:41:10,361
HOTH ,2020-01-25 21:41:11,361
HOTH ,2020-01-25 22:41:10,361
HOTH ,2020-01-25 23:41:10,361
HOTH ,2020-01-26 00:41:11,361
HOTH ,2020-01-26 01:41:11,361
HOTH ,2020-01-26 02:41:13,361
HOTH ,2020-01-26 03:41:14,361
HOTH ,2020-01-26 04:41:11,361
HOTH ,2020-01-26 05:41:10,361
HOTH ,2020-01-26 06:41:10,361
HOTH ,2020-01-26 07:41:11,361
HOTH ,2020-01-27 02:41:11,361
HOTH ,2020-01-27 03:41:10,361
HOTH ,2020-01-27 04:41:16,361
HOTH ,2020-01-27 05:41:13,361
HOTH ,2020-01-27 06:41:14,361
HOTH ,2020-01-27 07:41:11,361
HOTH ,2020-01-27 08:41:11,361
HOTH ,2020-01-27 09:41:13,361
HOTH ,2020-01-27 10:41:12,361
HOTH ,2020-01-27 11:41:13,361
HOTH ,2020-01-27 12:41:15,361
HOTH ,2020-01-27 13:41:12,361
HOTH ,2020-01-27 14:41:23,361
HOTH ,2020-01-27 15:41:16,356
HOTH ,2020-01-27 16:41:12,355
HOTH ,2020-01-27 17:41:14,354
HOTH ,2020-01-27 18:41:13,354
HOTH ,2020-01-27 19:41:15,355
HOTH ,2020-01-27 20:41:13,355
HOTH ,2020-01-27 21:41:13,356
HOTH ,2020-01-27 22:41:19,356
HOTH ,2020-01-27 23:41:15,356
HOTH ,2020-01-28 00:41:11,356
HOTH ,2020-01-28 01:41:16,356
HOTH ,2020-01-28 02:41:15,356
HOTH ,2020-01-28 03:41:15,356
HOTH ,2020-01-28 04:41:14,356
HOTH ,2020-01-28 05:41:18,356
HOTH ,2020-01-28 06:41:10,356
HOTH ,2020-01-28 07:41:11,356
HOTH ,2020-01-28 08:41:14,356
HOTH ,2020-01-28 09:41:15,356
HOTH ,2020-01-28 10:41:09,356
HOTH ,2020-01-28 11:41:10,356
HOTH ,2020-01-28 12:41:10,356
HOTH ,2020-01-28 14:06:30,356
HOTH ,2020-01-28 14:41:18,356
HOTH ,2020-01-28 15:41:11,354
HOTH ,2020-01-28 16:41:16,352
HOTH ,2020-01-28 17:41:13,351
HOTH ,2020-01-28 18:41:13,350
HOTH ,2020-01-28 19:41:14,347
HOTH ,2020-01-28 21:41:16,345
HOTH ,2020-01-28 22:41:14,345
HOTH ,2020-01-28 23:41:14,345
HOTH ,2020-01-29 00:41:12,345
HOTH ,2020-01-29 01:41:15,345
HOTH ,2020-01-29 02:41:21,345
HOTH ,2020-01-29 03:41:16,345
HOTH ,2020-01-29 04:41:11,345
HOTH ,2020-01-29 05:41:14,345
HOTH ,2020-01-29 06:41:12,345
HOTH ,2020-01-29 07:41:12,345
HOTH ,2020-01-29 08:41:15,345
HOTH ,2020-01-29 09:41:14,345
HOTH ,2020-01-29 10:41:11,345
HOTH ,2020-01-29 11:41:10,345
HOTH ,2020-01-29 12:41:12,345
HOTH ,2020-01-29 13:41:18,345
HOTH ,2020-01-29 14:41:18,345
HOTH ,2020-01-29 15:41:20,343
HOTH ,2020-01-29 16:41:15,342
HOTH ,2020-01-29 17:41:19,342
HOTH ,2020-01-29 18:41:16,340
HOTH ,2020-01-29 19:41:18,339
HOTH ,2020-01-29 20:41:17,337
HOTH ,2020-01-29 21:41:17,335
HOTH ,2020-01-29 22:41:13,335
HOTH ,2020-01-29 23:41:15,335
HOTH ,2020-01-30 00:41:17,335
HOTH ,2020-01-30 01:41:20,335
HOTH ,2020-01-30 02:41:18,335
HOTH ,2020-01-30 03:41:13,335
HOTH ,2020-01-30 04:41:18,335
HOTH ,2020-01-30 05:41:21,335
HOTH ,2020-01-30 06:41:14,335
HOTH ,2020-01-30 07:41:15,335
HOTH ,2020-01-30 08:41:14,335
HOTH ,2020-01-30 09:41:16,335
HOTH ,2020-01-30 10:41:12,335
HOTH ,2020-01-30 11:41:13,335
HOTH ,2020-01-30 12:41:14,335
HOTH ,2020-01-30 13:41:14,335
HOTH ,2020-01-30 14:41:16,334
HOTH ,2020-01-30 15:41:16,335
HOTH ,2020-01-30 16:41:19,334
HOTH ,2020-01-30 17:41:19,334
HOTH ,2020-01-30 18:41:19,332
HOTH ,2020-01-30 19:41:17,334
HOTH ,2020-01-30 20:41:16,334
HOTH ,2020-01-30 21:41:22,332
HOTH ,2020-01-30 22:41:14,332
HOTH ,2020-01-30 23:41:14,332
HOTH ,2020-01-31 00:41:18,332
HOTH ,2020-01-31 01:41:18,332
HOTH ,2020-01-31 02:41:14,332
HOTH ,2020-01-31 03:41:16,332
HOTH ,2020-01-31 04:41:13,332
HOTH ,2020-01-31 05:41:15,332
HOTH ,2020-01-31 06:41:15,332
HOTH ,2020-01-31 07:41:14,332
HOTH ,2020-01-31 08:41:19,332
HOTH ,2020-01-31 09:41:18,332
HOTH ,2020-01-31 10:41:14,332
HOTH ,2020-01-31 11:41:14,332
HOTH ,2020-01-31 12:41:13,332
HOTH ,2020-01-31 13:41:14,332
HOTH ,2020-01-31 14:41:15,332
HOTH ,2020-01-31 15:41:17,330
HOTH ,2020-01-31 16:41:18,330
HOTH ,2020-01-31 17:41:14,330
HOTH ,2020-01-31 18:41:14,330
HOTH ,2020-01-31 19:41:16,327
HOTH ,2020-01-31 20:41:14,326
HOTH ,2020-01-31 21:41:13,326
HOTH ,2020-01-31 22:41:14,326
HOTH ,2020-01-31 23:41:13,326
HOTH ,2020-02-01 00:41:12,326
HOTH ,2020-02-01 01:42:20,326
HOTH ,2020-02-01 02:41:16,326
HOTH ,2020-02-01 03:41:16,326
HOTH ,2020-02-01 04:41:17,326
HOTH ,2020-02-01 05:41:17,326
HOTH ,2020-02-01 06:41:15,326
HOTH ,2020-02-01 07:41:19,326
HOTH ,2020-02-01 08:41:16,326
HOTH ,2020-02-01 09:41:15,326
HOTH ,2020-02-01 10:41:15,326
HOTH ,2020-02-01 11:41:13,326
HOTH ,2020-02-01 12:41:13,326
HOTH ,2020-02-01 13:41:13,326
HOTH ,2020-02-01 14:41:14,326
HOTH ,2020-02-01 15:41:14,326
HOTH ,2020-02-01 16:41:14,326
HOTH ,2020-02-01 17:41:13,326
HOTH ,2020-02-01 18:41:14,326
HOTH ,2020-02-01 19:41:12,326
HOTH ,2020-02-01 20:41:16,326
HOTH ,2020-02-01 21:41:20,326
HOTH ,2020-02-01 22:41:16,326
HOTH ,2020-02-01 23:41:18,326
HOTH ,2020-02-02 00:41:18,326
HOTH ,2020-02-02 01:41:18,326
HOTH ,2020-02-02 02:41:18,326
HOTH ,2020-02-02 03:41:17,326
HOTH ,2020-02-02 04:41:18,326
HOTH ,2020-02-02 05:41:15,326
HOTH ,2020-02-02 06:41:18,326
HOTH ,2020-02-02 07:41:17,326
HOTH ,2020-02-02 08:41:18,326
HOTH ,2020-02-02 09:41:17,326
HOTH ,2020-02-02 10:41:16,326
HOTH ,2020-02-02 11:41:15,326
HOTH ,2020-02-02 12:41:20,326
HOTH ,2020-02-02 13:41:17,326
HOTH ,2020-02-02 14:41:17,326
HOTH ,2020-02-02 15:41:17,326
HOTH ,2020-02-02 16:41:16,326
HOTH ,2020-02-02 17:41:18,326
HOTH ,2020-02-02 18:41:15,326
HOTH ,2020-02-02 19:41:17,326
HOTH ,2020-02-02 20:41:16,326
HOTH ,2020-02-02 21:41:17,326
HOTH ,2020-02-02 22:41:16,326
HOTH ,2020-02-02 23:41:20,326
HOTH ,2020-02-03 00:41:23,326
HOTH ,2020-02-03 01:41:18,326
HOTH ,2020-02-03 02:41:17,326
HOTH ,2020-02-03 03:41:19,326
HOTH ,2020-02-03 04:41:18,326
HOTH ,2020-02-03 05:41:18,326
HOTH ,2020-02-03 06:41:18,326
HOTH ,2020-02-03 07:41:19,326
HOTH ,2020-02-03 08:41:19,326
HOTH ,2020-02-03 09:41:20,326
HOTH ,2020-02-03 10:41:17,326
HOTH ,2020-02-03 11:41:19,326
HOTH ,2020-02-03 12:41:16,326
HOTH ,2020-02-03 14:43:08,326
HOTH ,2020-02-03 14:50:55,326
HOTH ,2020-02-03 15:41:21,325
HOTH ,2020-02-03 16:41:21,322
HOTH ,2020-02-03 17:41:20,320
HOTH ,2020-02-03 18:41:18,320
HOTH ,2020-02-03 19:41:17,319
HOTH ,2020-02-03 20:41:19,319
HOTH ,2020-02-03 21:41:18,320
HOTH ,2020-02-03 22:41:18,320
HOTH ,2020-02-03 23:41:18,320
HOTH ,2020-02-04 00:41:17,320
HOTH ,2020-02-04 01:41:18,320
HOTH ,2020-02-04 02:41:16,320
HOTH ,2020-02-04 03:41:22,320
HOTH ,2020-02-04 04:41:18,320
HOTH ,2020-02-04 05:41:19,320
HOTH ,2020-02-04 06:41:19,320
HOTH ,2020-02-04 07:41:22,320
HOTH ,2020-02-04 08:41:14,320
HOTH ,2020-02-04 09:41:20,320
HOTH ,2020-02-04 10:41:16,320
HOTH ,2020-02-04 11:41:18,320
HOTH ,2020-02-04 12:41:18,320
HOTH ,2020-02-04 14:10:03,320
HOTH ,2020-02-04 14:41:22,320
HOTH ,2020-02-04 15:41:20,317
HOTH ,2020-02-04 16:41:20,319
HOTH ,2020-02-04 17:41:17,318
HOTH ,2020-02-04 18:41:19,321
HOTH ,2020-02-04 19:41:17,326
HOTH ,2020-02-04 20:41:16,325
HOTH ,2020-02-04 21:41:16,326
HOTH ,2020-02-04 22:41:19,326
HOTH ,2020-02-04 23:41:18,326
HOTH ,2020-02-05 00:41:16,326
HOTH ,2020-02-05 01:41:19,326
HOTH ,2020-02-05 02:41:17,326
HOTH ,2020-02-05 03:41:18,326
HOTH ,2020-02-05 04:41:23,326
HOTH ,2020-02-05 05:41:17,326
HOTH ,2020-02-05 06:41:18,326
HOTH ,2020-02-05 07:41:16,326
HOTH ,2020-02-05 08:41:20,326
HOTH ,2020-02-05 09:41:18,326
HOTH ,2020-02-05 10:41:16,326
HOTH ,2020-02-05 11:41:20,326
HOTH ,2020-02-05 12:41:19,326
HOTH ,2020-02-05 14:04:03,326
HOTH ,2020-02-05 14:41:20,326
HOTH ,2020-02-05 15:41:19,324
HOTH ,2020-02-05 16:41:20,321
HOTH ,2020-02-05 17:41:19,318
HOTH ,2020-02-05 18:41:17,318
HOTH ,2020-02-05 19:41:19,319
HOTH ,2020-02-05 20:41:19,318
HOTH ,2020-02-05 21:41:18,317
HOTH ,2020-02-05 22:41:19,317
HOTH ,2020-02-05 23:41:22,317
HOTH ,2020-02-06 00:41:19,317
HOTH ,2020-02-06 01:41:20,317
HOTH ,2020-02-06 02:41:21,317
HOTH ,2020-02-06 03:41:23,317
HOTH ,2020-02-06 04:41:23,317
HOTH ,2020-02-06 05:41:18,317
HOTH ,2020-02-06 06:41:15,317
HOTH ,2020-02-06 07:41:22,317
HOTH ,2020-02-06 08:41:20,317
HOTH ,2020-02-06 09:41:20,317
HOTH ,2020-02-06 10:41:17,317
HOTH ,2020-02-06 11:41:18,317
HOTH ,2020-02-06 12:41:18,317
HOTH ,2020-02-06 13:41:18,317
HOTH ,2020-02-06 14:41:22,317
HOTH ,2020-02-06 15:41:24,315
HOTH ,2020-02-06 16:41:18,315
HOTH ,2020-02-06 17:41:18,315
HOTH ,2020-02-06 18:41:19,314
HOTH ,2020-02-06 19:41:19,313
HOTH ,2020-02-06 20:41:19,314
HOTH ,2020-02-06 21:41:19,314
HOTH ,2020-02-06 22:41:17,314
HOTH ,2020-02-06 23:41:18,314
HOTH ,2020-02-07 00:41:19,314
HOTH ,2020-02-07 01:41:21,314
HOTH ,2020-02-07 02:41:18,314
HOTH ,2020-02-07 03:41:19,314
HOTH ,2020-02-07 04:41:19,314
HOTH ,2020-02-07 05:41:22,314
HOTH ,2020-02-07 06:41:23,314
HOTH ,2020-02-07 07:41:17,314
HOTH ,2020-02-07 08:41:20,314
HOTH ,2020-02-07 09:41:21,314
HOTH ,2020-02-07 10:41:23,314
HOTH ,2020-02-07 11:41:19,314
HOTH ,2020-02-07 12:41:17,314
HOTH ,2020-02-07 14:05:32,314
HOTH ,2020-02-07 14:41:20,314
HOTH ,2020-02-07 15:41:20,312
HOTH ,2020-02-07 16:41:17,310
HOTH ,2020-02-07 17:41:20,310
HOTH ,2020-02-07 18:41:19,310
HOTH ,2020-02-07 19:41:18,309
HOTH ,2020-02-07 20:41:19,308
HOTH ,2020-02-07 21:41:18,308
HOTH ,2020-02-07 22:41:19,308
HOTH ,2020-02-07 23:41:17,308
HOTH ,2020-02-08 00:41:18,308
HOTH ,2020-02-08 01:41:17,308
HOTH ,2020-02-08 02:41:18,308
HOTH ,2020-02-08 03:41:18,308
HOTH ,2020-02-08 04:41:19,308
HOTH ,2020-02-08 05:41:18,308
HOTH ,2020-02-08 06:41:19,308
HOTH ,2020-02-08 07:41:18,308
HOTH ,2020-02-08 08:41:18,308
HOTH ,2020-02-08 09:41:22,308
HOTH ,2020-02-08 10:41:14,308
HOTH ,2020-02-08 11:41:18,308
HOTH ,2020-02-08 12:41:16,308
HOTH ,2020-02-08 13:41:16,308
HOTH ,2020-02-08 14:41:17,308
HOTH ,2020-02-08 15:41:18,308
HOTH ,2020-02-08 16:41:18,308
HOTH ,2020-02-08 17:41:19,308
HOTH ,2020-02-08 18:42:30,308
HOTH ,2020-02-08 19:41:17,308
HOTH ,2020-02-08 20:41:19,308
HOTH ,2020-02-08 21:41:18,308
HOTH ,2020-02-08 22:41:19,308
HOTH ,2020-02-08 23:41:18,308
HOTH ,2020-02-09 00:41:17,308
HOTH ,2020-02-09 01:41:19,308
HOTH ,2020-02-09 02:41:21,308
HOTH ,2020-02-09 03:41:18,308
HOTH ,2020-02-09 04:41:18,308
HOTH ,2020-02-09 05:41:19,308
HOTH ,2020-02-09 06:41:22,308
HOTH ,2020-02-09 07:41:19,308
HOTH ,2020-02-09 08:41:21,308
HOTH ,2020-02-09 09:41:19,308
HOTH ,2020-02-09 10:41:19,308
HOTH ,2020-02-09 11:41:20,308
HOTH ,2020-02-09 12:41:20,308
HOTH ,2020-02-09 13:41:18,308
HOTH ,2020-02-09 14:41:19,308
HOTH ,2020-02-09 15:41:18,308
HOTH ,2020-02-09 16:41:21,308
HOTH ,2020-02-09 17:41:18,308
HOTH ,2020-02-09 18:41:19,308
HOTH ,2020-02-09 19:41:19,308
HOTH ,2020-02-09 20:41:18,308
HOTH ,2020-02-09 21:41:23,308
HOTH ,2020-02-09 22:41:17,308
HOTH ,2020-02-09 23:41:26,308
HOTH ,2020-02-10 00:41:19,308
HOTH ,2020-02-10 01:41:18,308
HOTH ,2020-02-10 02:41:20,308
HOTH ,2020-02-10 03:41:17,308
HOTH ,2020-02-10 04:41:18,308
HOTH ,2020-02-10 05:41:22,308
HOTH ,2020-02-10 06:41:21,308
HOTH ,2020-02-10 07:41:18,308
HOTH ,2020-02-10 08:41:18,308
HOTH ,2020-02-10 09:41:20,308
HOTH ,2020-02-10 10:41:20,308
HOTH ,2020-02-10 11:41:19,308
HOTH ,2020-02-10 12:41:18,308
HOTH ,2020-02-10 13:41:18,308
HOTH ,2020-02-10 14:41:21,308
HOTH ,2020-02-10 15:41:22,309
HOTH ,2020-02-10 16:41:21,307
HOTH ,2020-02-10 17:41:18,304
HOTH ,2020-02-10 18:41:18,302
HOTH ,2020-02-10 19:41:18,301
HOTH ,2020-02-10 20:41:20,302
HOTH ,2020-02-10 21:41:20,302
HOTH ,2020-02-10 22:41:19,302
HOTH ,2020-02-10 23:41:16,302
HOTH ,2020-02-11 00:41:19,302
HOTH ,2020-02-11 01:41:23,302
HOTH ,2020-02-11 02:41:19,302
HOTH ,2020-02-11 03:41:18,302
HOTH ,2020-02-11 04:41:18,302
HOTH ,2020-02-11 05:41:18,302
HOTH ,2020-02-11 06:41:20,302
HOTH ,2020-02-11 07:41:19,302
HOTH ,2020-02-11 08:41:19,302
HOTH ,2020-02-11 09:41:21,302
HOTH ,2020-02-11 10:41:17,302
HOTH ,2020-02-11 11:41:20,302
HOTH ,2020-02-11 12:41:19,302
HOTH ,2020-02-11 14:06:02,302
HOTH ,2020-02-11 14:41:21,302
HOTH ,2020-02-11 15:41:22,301
HOTH ,2020-02-11 16:41:22,300
HOTH ,2020-02-11 17:41:18,299
HOTH ,2020-02-11 18:41:19,299
HOTH ,2020-02-11 19:41:20,299
HOTH ,2020-02-11 20:41:18,299
HOTH ,2020-02-11 21:41:53,299
HOTH ,2020-02-11 22:41:23,299
HOTH ,2020-02-11 23:41:18,299
HOTH ,2020-02-12 00:41:22,299
HOTH ,2020-02-12 01:41:19,299
HOTH ,2020-02-12 02:41:25,299
HOTH ,2020-02-12 03:41:18,299
HOTH ,2020-02-12 04:41:19,299
HOTH ,2020-02-12 05:41:19,299
HOTH ,2020-02-12 06:41:20,299
HOTH ,2020-02-12 07:41:20,299
HOTH ,2020-02-12 08:41:18,299
HOTH ,2020-02-12 09:41:20,299
HOTH ,2020-02-12 10:41:18,299
HOTH ,2020-02-12 11:41:17,299
HOTH ,2020-02-12 12:41:20,299
HOTH ,2020-02-12 14:06:02,298
HOTH ,2020-02-12 14:41:21,298
HOTH ,2020-02-12 15:41:20,335
HOTH ,2020-02-12 16:41:18,339
HOTH ,2020-02-12 17:41:19,337
HOTH ,2020-02-12 18:41:20,337
HOTH ,2020-02-12 19:41:18,332
HOTH ,2020-02-12 20:41:21,331
HOTH ,2020-02-12 21:41:18,329
HOTH ,2020-02-12 22:41:14,329
HOTH ,2020-02-12 23:41:14,329
HOTH ,2020-02-13 00:41:18,329
HOTH ,2020-02-13 01:41:16,329
HOTH ,2020-02-13 02:41:18,329
HOTH ,2020-02-13 03:41:18,329
HOTH ,2020-02-13 04:41:16,329
HOTH ,2020-02-13 05:41:18,329
HOTH ,2020-02-13 06:41:20,329
HOTH ,2020-02-13 07:41:15,329
HOTH ,2020-02-13 08:41:16,329
HOTH ,2020-02-13 09:41:16,329
HOTH ,2020-02-13 10:41:13,329
HOTH ,2020-02-13 11:41:18,329
HOTH ,2020-02-13 12:41:14,329
HOTH ,2020-02-13 14:06:02,329
HOTH ,2020-02-13 14:41:17,329
HOTH ,2020-02-13 15:41:21,325
HOTH ,2020-02-13 16:41:18,324
HOTH ,2020-02-13 17:41:21,322
HOTH ,2020-02-13 18:41:22,322
HOTH ,2020-02-13 19:41:21,322
HOTH ,2020-02-13 20:41:21,323
HOTH ,2020-02-13 21:41:20,323
HOTH ,2020-02-13 22:41:18,323
HOTH ,2020-02-13 23:41:16,323
HOTH ,2020-02-14 00:41:17,323
HOTH ,2020-02-14 01:41:17,323
HOTH ,2020-02-14 02:41:22,323
HOTH ,2020-02-14 03:41:17,323
HOTH ,2020-02-14 04:41:16,323
HOTH ,2020-02-14 05:41:18,323
HOTH ,2020-02-14 06:41:16,323
HOTH ,2020-02-14 07:41:16,323
HOTH ,2020-02-14 08:41:22,323
HOTH ,2020-02-14 09:41:19,323
HOTH ,2020-02-14 10:41:16,323
HOTH ,2020-02-14 11:41:17,323
HOTH ,2020-02-14 12:41:16,323
HOTH ,2020-02-14 13:41:19,323
HOTH ,2020-02-14 14:41:17,323
HOTH ,2020-02-14 15:41:24,322
HOTH ,2020-02-14 16:41:18,322
HOTH ,2020-02-14 17:41:18,317
HOTH ,2020-02-14 18:41:17,318
HOTH ,2020-02-14 19:41:17,318
HOTH ,2020-02-14 20:41:20,317
HOTH ,2020-02-14 21:41:16,313
HOTH ,2020-02-14 22:41:16,313
HOTH ,2020-02-14 23:41:19,313
HOTH ,2020-02-15 00:41:17,313
HOTH ,2020-02-15 01:41:18,313
HOTH ,2020-02-15 02:41:17,313
HOTH ,2020-02-15 03:41:18,313
HOTH ,2020-02-15 04:41:19,313
HOTH ,2020-02-15 05:41:16,313
HOTH ,2020-02-15 06:41:16,313
HOTH ,2020-02-15 07:41:18,313
HOTH ,2020-02-15 08:41:16,313
HOTH ,2020-02-15 09:41:19,313
HOTH ,2020-02-15 10:41:15,313
HOTH ,2020-02-15 11:41:17,313
HOTH ,2020-02-15 12:41:20,313
HOTH ,2020-02-15 13:41:17,313
HOTH ,2020-02-15 14:41:19,313
HOTH ,2020-02-15 15:41:18,313
HOTH ,2020-02-15 16:41:16,313
HOTH ,2020-02-15 17:41:17,313
HOTH ,2020-02-15 18:41:20,313
HOTH ,2020-02-15 19:41:17,313
HOTH ,2020-02-15 20:41:16,313
HOTH ,2020-02-15 21:41:17,313
HOTH ,2020-02-15 22:41:16,313
HOTH ,2020-02-15 23:41:17,313
HOTH ,2020-02-16 00:41:15,313
HOTH ,2020-02-16 01:41:17,313
HOTH ,2020-02-16 02:41:16,313
HOTH ,2020-02-16 03:41:16,313
HOTH ,2020-02-16 04:41:17,313
HOTH ,2020-02-16 05:41:17,313
HOTH ,2020-02-16 06:41:16,313
HOTH ,2020-02-16 07:41:16,313
HOTH ,2020-02-16 08:41:16,313
HOTH ,2020-02-16 09:41:17,313
HOTH ,2020-02-16 10:41:17,313
HOTH ,2020-02-16 11:41:18,313
HOTH ,2020-02-16 12:41:17,313
HOTH ,2020-02-16 13:41:17,313
HOTH ,2020-02-16 14:41:17,313
HOTH ,2020-02-16 15:41:23,313
HOTH ,2020-02-16 16:41:21,313
HOTH ,2020-02-16 17:41:17,313
HOTH ,2020-02-16 18:41:18,313
HOTH ,2020-02-16 19:41:17,313
HOTH ,2020-02-16 20:41:16,313
HOTH ,2020-02-16 21:41:16,313
HOTH ,2020-02-16 22:41:17,313
HOTH ,2020-02-16 23:41:17,313
HOTH ,2020-02-17 00:41:17,313
HOTH ,2020-02-17 01:41:14,313
HOTH ,2020-02-17 02:41:16,313
HOTH ,2020-02-17 03:41:16,313
HOTH ,2020-02-17 04:41:17,313
HOTH ,2020-02-17 05:41:16,313
HOTH ,2020-02-17 06:41:18,313
HOTH ,2020-02-17 07:41:16,313
HOTH ,2020-02-17 08:41:17,313
HOTH ,2020-02-17 09:41:18,313
HOTH ,2020-02-17 10:41:17,313
HOTH ,2020-02-17 11:41:17,313
HOTH ,2020-02-17 12:41:18,313
HOTH ,2020-02-17 13:41:15,313
HOTH ,2020-02-17 14:41:14,313
HOTH ,2020-02-17 15:41:18,313
HOTH ,2020-02-17 16:41:18,313
HOTH ,2020-02-17 17:41:16,313
HOTH ,2020-02-17 18:41:17,313
HOTH ,2020-02-17 19:41:16,313
HOTH ,2020-02-17 20:41:17,313
HOTH ,2020-02-17 22:41:16,313
HOTH ,2020-02-17 23:41:20,313
HOTH ,2020-02-18 00:41:16,313
HOTH ,2020-02-18 01:41:16,313
HOTH ,2020-02-18 02:41:19,313
HOTH ,2020-02-18 03:41:17,313
HOTH ,2020-02-18 04:41:18,313
HOTH ,2020-02-18 05:41:19,313
HOTH ,2020-02-18 06:41:16,313
HOTH ,2020-02-18 07:41:16,313
HOTH ,2020-02-18 08:41:18,313
HOTH ,2020-02-18 09:41:19,313
HOTH ,2020-02-18 10:41:17,313
HOTH ,2020-02-18 11:41:16,313
HOTH ,2020-02-18 12:41:20,313
HOTH ,2020-02-18 14:06:32,313
HOTH ,2020-02-18 14:41:19,313
HOTH ,2020-02-18 15:41:18,304
HOTH ,2020-02-18 16:41:18,303
HOTH ,2020-02-18 17:41:16,300
HOTH ,2020-02-18 18:41:16,300
HOTH ,2020-02-18 19:41:15,299
HOTH ,2020-02-18 20:41:16,298
HOTH ,2020-02-18 21:41:15,297
HOTH ,2020-02-18 22:41:15,297
HOTH ,2020-02-18 23:41:16,297
HOTH ,2020-02-19 00:41:18,297
HOTH ,2020-02-19 01:41:15,297
HOTH ,2020-02-19 02:41:16,297
HOTH ,2020-02-19 03:41:19,297
HOTH ,2020-02-19 04:41:16,297
HOTH ,2020-02-19 05:41:16,297
HOTH ,2020-02-19 06:41:15,297
HOTH ,2020-02-19 07:41:17,297
HOTH ,2020-02-19 08:41:17,297
HOTH ,2020-02-19 09:41:15,297
HOTH ,2020-02-19 10:41:15,297
HOTH ,2020-02-19 11:41:14,297
HOTH ,2020-02-19 12:41:15,297
HOTH ,2020-02-19 14:08:02,297
HOTH ,2020-02-19 14:41:20,297
HOTH ,2020-02-19 15:41:18,295
HOTH ,2020-02-19 16:41:16,296
HOTH ,2020-02-19 17:41:16,294
HOTH ,2020-02-19 18:41:17,294
HOTH ,2020-02-19 19:41:15,293
HOTH ,2020-02-19 20:41:15,292
HOTH ,2020-02-19 21:41:19,292
HOTH ,2020-02-19 22:41:18,292
HOTH ,2020-02-19 23:41:16,292
HOTH ,2020-02-20 00:41:16,292
HOTH ,2020-02-20 01:41:17,292
HOTH ,2020-02-20 02:41:18,292
HOTH ,2020-02-20 03:41:16,292
HOTH ,2020-02-20 04:41:15,292
HOTH ,2020-02-20 05:41:16,292
HOTH ,2020-02-20 06:41:18,292
HOTH ,2020-02-20 07:41:15,292
HOTH ,2020-02-20 08:41:15,292
HOTH ,2020-02-20 09:41:17,292
HOTH ,2020-02-20 10:41:18,292
HOTH ,2020-02-20 11:41:14,292
HOTH ,2020-02-20 12:41:18,292
HOTH ,2020-02-20 13:41:19,292
HOTH ,2020-02-20 14:41:17,292
HOTH ,2020-02-20 15:41:17,292
HOTH ,2020-02-20 16:41:15,291
HOTH ,2020-02-20 17:41:19,291
HOTH ,2020-02-20 18:41:17,290
HOTH ,2020-02-20 19:41:22,290
HOTH ,2020-02-20 20:41:22,290
HOTH ,2020-02-20 21:41:20,289
HOTH ,2020-02-20 22:41:19,289
HOTH ,2020-02-20 23:41:21,289
HOTH ,2020-02-21 00:41:19,289
HOTH ,2020-02-21 01:41:20,289
HOTH ,2020-02-21 02:41:21,289
HOTH ,2020-02-21 03:41:26,289
HOTH ,2020-02-21 04:41:27,289
HOTH ,2020-02-21 05:41:22,289
HOTH ,2020-02-21 06:41:22,289
HOTH ,2020-02-21 07:41:22,289
HOTH ,2020-02-21 08:41:23,289
HOTH ,2020-02-21 09:41:30,289
HOTH ,2020-02-21 10:41:37,289
HOTH ,2020-02-21 11:41:27,289
HOTH ,2020-02-21 12:41:27,289
HOTH ,2020-02-21 13:41:27,289
HOTH ,2020-02-21 14:41:23,289
HOTH ,2020-02-21 15:41:30,289
HOTH ,2020-02-21 16:41:34,288
HOTH ,2020-02-21 17:41:33,289
HOTH ,2020-02-21 18:41:27,289
HOTH ,2020-02-21 19:41:21,288
HOTH ,2020-02-21 20:41:20,288
HOTH ,2020-02-21 21:41:27,288
HOTH ,2020-02-21 22:41:22,288
HOTH ,2020-02-21 23:41:47,288
HOTH ,2020-02-22 00:41:33,288
HOTH ,2020-02-22 01:41:24,288
HOTH ,2020-02-22 02:41:23,288
HOTH ,2020-02-22 03:41:32,288
HOTH ,2020-02-22 04:41:27,288
HOTH ,2020-02-22 05:41:28,288
HOTH ,2020-02-22 06:41:20,288
HOTH ,2020-02-22 07:41:27,288
HOTH ,2020-02-22 08:41:32,288
HOTH ,2020-02-22 09:41:21,288
HOTH ,2020-02-22 10:41:25,288
HOTH ,2020-02-22 11:41:21,288
HOTH ,2020-02-22 12:41:28,288
HOTH ,2020-02-22 13:41:48,288
HOTH ,2020-02-22 14:41:20,288
HOTH ,2020-02-22 15:41:23,288
HOTH ,2020-02-22 16:41:28,288
HOTH ,2020-02-22 17:41:30,288
HOTH ,2020-02-22 18:41:22,288
HOTH ,2020-02-22 19:41:22,288
HOTH ,2020-02-22 20:41:29,288
HOTH ,2020-02-22 21:41:43,288
HOTH ,2020-02-22 22:41:32,288
HOTH ,2020-02-22 23:41:19,288
HOTH ,2020-02-23 00:41:22,288
HOTH ,2020-02-23 01:41:24,288
HOTH ,2020-02-23 02:41:27,288
HOTH ,2020-02-23 03:41:22,288
HOTH ,2020-02-23 04:41:30,288
HOTH ,2020-02-23 05:41:29,288
HOTH ,2020-02-23 06:41:22,288
HOTH ,2020-02-23 07:41:26,288
HOTH ,2020-02-23 08:41:33,288
HOTH ,2020-02-23 09:41:23,288
HOTH ,2020-02-23 10:41:23,288
HOTH ,2020-02-23 11:41:22,288
HOTH ,2020-02-23 12:41:24,288
HOTH ,2020-02-23 13:41:22,288
HOTH ,2020-02-23 14:41:29,288
HOTH ,2020-02-23 15:41:22,288
HOTH ,2020-02-23 16:41:23,288
HOTH ,2020-02-23 17:41:23,288
HOTH ,2020-02-23 18:41:24,288
HOTH ,2020-02-23 19:41:23,288
HOTH ,2020-02-23 20:41:22,288
HOTH ,2020-02-23 21:41:29,288
HOTH ,2020-02-23 22:41:19,288
HOTH ,2020-02-23 23:41:24,288
HOTH ,2020-02-24 00:41:33,288
HOTH ,2020-02-24 01:41:20,288
HOTH ,2020-02-24 02:41:29,288
HOTH ,2020-02-24 03:41:23,288
HOTH ,2020-02-24 04:41:26,288
HOTH ,2020-02-24 05:41:32,288
HOTH ,2020-02-24 06:41:21,288
HOTH ,2020-02-24 07:41:22,288
HOTH ,2020-02-24 08:41:22,288
HOTH ,2020-02-24 09:54:29,288
HOTH ,2020-02-24 10:41:20,288
HOTH ,2020-02-24 11:41:29,288
HOTH ,2020-02-24 12:41:20,288
HOTH ,2020-02-24 13:41:27,288
HOTH ,2020-02-24 14:41:34,288
HOTH ,2020-02-24 15:41:21,286
HOTH ,2020-02-24 16:41:27,286
HOTH ,2020-02-24 17:41:21,286
HOTH ,2020-02-24 18:41:24,286
HOTH ,2020-02-24 19:41:30,286
HOTH ,2020-02-24 20:41:30,286
HOTH ,2020-02-24 21:41:30,286
HOTH ,2020-02-24 22:41:28,286
HOTH ,2020-02-24 23:41:20,286
HOTH ,2020-02-25 00:41:23,286
HOTH ,2020-02-25 01:41:19,286
HOTH ,2020-02-25 02:41:25,286
HOTH ,2020-02-25 03:41:25,286
HOTH ,2020-02-25 04:41:24,286
HOTH ,2020-02-25 05:41:33,286
HOTH ,2020-02-25 06:41:24,286
HOTH ,2020-02-25 07:41:24,286
HOTH ,2020-02-25 08:41:29,286
HOTH ,2020-02-25 09:55:12,286
HOTH ,2020-02-25 10:41:29,286
HOTH ,2020-02-25 11:41:25,286
HOTH ,2020-02-25 12:41:26,286
HOTH ,2020-02-25 14:07:30,286
HOTH ,2020-02-25 14:41:25,286
HOTH ,2020-02-25 15:41:24,285
HOTH ,2020-02-25 16:41:23,285
HOTH ,2020-02-25 17:41:23,284
HOTH ,2020-02-25 18:41:27,283
HOTH ,2020-02-25 19:41:23,283
HOTH ,2020-02-25 20:41:31,284
HOTH ,2020-02-25 21:41:29,285
HOTH ,2020-02-25 22:41:23,285
HOTH ,2020-02-25 23:41:23,285
HOTH ,2020-02-26 00:41:22,285
HOTH ,2020-02-26 01:41:22,285
HOTH ,2020-02-26 02:41:25,285
HOTH ,2020-02-26 03:41:22,285
HOTH ,2020-02-26 04:41:32,285
HOTH ,2020-02-26 05:41:30,285
HOTH ,2020-02-26 06:41:31,285
HOTH ,2020-02-26 07:41:34,285
HOTH ,2020-02-26 08:41:29,285
HOTH ,2020-02-26 09:41:27,285
HOTH ,2020-02-26 10:41:24,285
HOTH ,2020-02-26 11:41:29,285
HOTH ,2020-02-26 12:41:23,285
HOTH ,2020-02-26 13:41:29,285
HOTH ,2020-02-26 14:41:31,285
HOTH ,2020-02-26 15:41:33,282
HOTH ,2020-02-26 16:41:24,281
HOTH ,2020-02-26 17:41:27,281
HOTH ,2020-02-26 18:41:24,281
HOTH ,2020-02-26 19:41:31,280
HOTH ,2020-02-26 20:41:28,280
HOTH ,2020-02-26 21:41:29,280
HOTH ,2020-02-26 22:41:28,280
HOTH ,2020-02-26 23:41:30,280
HOTH ,2020-02-27 00:41:25,280
HOTH ,2020-02-27 01:41:23,280
HOTH ,2020-02-27 02:41:21,280
HOTH ,2020-02-27 03:41:31,280
HOTH ,2020-02-27 04:41:21,280
HOTH ,2020-02-27 05:41:24,280
HOTH ,2020-02-27 06:41:22,280
HOTH ,2020-02-27 07:41:23,280
HOTH ,2020-02-27 08:41:27,280
HOTH ,2020-02-27 09:41:25,280
HOTH ,2020-02-27 10:41:30,280
HOTH ,2020-02-27 11:41:25,280
HOTH ,2020-02-27 12:41:29,280
HOTH ,2020-02-27 14:06:02,280
HOTH ,2020-02-27 14:41:38,280
HOTH ,2020-02-27 15:41:28,278
HOTH ,2020-02-27 16:41:29,277
HOTH ,2020-02-27 17:41:24,276
HOTH ,2020-02-27 18:41:28,276
HOTH ,2020-02-27 19:41:21,276
HOTH ,2020-02-27 20:41:24,276
HOTH ,2020-02-27 21:41:24,277
HOTH ,2020-02-27 22:41:27,277
HOTH ,2020-02-27 23:41:22,277
HOTH ,2020-02-28 00:41:31,277
HOTH ,2020-02-28 01:41:22,277
HOTH ,2020-02-28 02:41:22,277
HOTH ,2020-02-28 03:41:30,277
HOTH ,2020-02-28 04:41:33,277
HOTH ,2020-02-28 05:41:29,277
HOTH ,2020-02-28 06:41:23,277
HOTH ,2020-02-28 07:41:31,277
HOTH ,2020-02-28 08:41:33,277
HOTH ,2020-02-28 09:41:32,277
HOTH ,2020-02-28 10:41:23,277
HOTH ,2020-02-28 11:41:26,277
HOTH ,2020-02-28 12:41:28,277
HOTH ,2020-02-28 14:06:35,277
HOTH ,2020-02-28 14:41:26,277
HOTH ,2020-02-28 15:41:24,278
HOTH ,2020-02-28 16:41:26,277
HOTH ,2020-02-28 17:41:25,277
HOTH ,2020-02-28 18:41:25,279
HOTH ,2020-02-28 19:41:31,277
HOTH ,2020-02-28 20:41:23,277
HOTH ,2020-02-28 21:41:23,276
HOTH ,2020-02-28 22:41:31,276
HOTH ,2020-02-28 23:41:23,276
HOTH ,2020-02-29 00:41:23,276
HOTH ,2020-02-29 01:41:23,276
HOTH ,2020-02-29 02:41:26,276
HOTH ,2020-02-29 03:41:22,276
HOTH ,2020-02-29 04:41:25,276
HOTH ,2020-02-29 05:41:35,276
HOTH ,2020-02-29 06:41:30,276
HOTH ,2020-02-29 07:41:46,276
HOTH ,2020-02-29 08:41:51,276
HOTH ,2020-02-29 09:41:44,276
HOTH ,2020-02-29 10:41:23,276
HOTH ,2020-02-29 11:41:22,276
HOTH ,2020-02-29 12:41:44,276
HOTH ,2020-02-29 13:41:45,276
HOTH ,2020-02-29 14:41:24,276
HOTH ,2020-02-29 15:41:23,276
HOTH ,2020-02-29 16:41:31,276
HOTH ,2020-02-29 17:41:31,276
HOTH ,2020-02-29 18:41:24,276
HOTH ,2020-02-29 19:41:24,276
HOTH ,2020-02-29 20:41:22,276
HOTH ,2020-02-29 21:41:28,276
HOTH ,2020-02-29 22:41:54,276
HOTH ,2020-02-29 23:41:43,276
HOTH ,2020-03-01 00:41:44,276
HOTH ,2020-03-01 01:41:44,276
HOTH ,2020-03-01 02:41:26,276
HOTH ,2020-03-01 03:41:44,276
HOTH ,2020-03-01 04:41:24,276
HOTH ,2020-03-01 05:41:30,276
HOTH ,2020-03-01 06:41:24,276
HOTH ,2020-03-01 07:41:30,276
HOTH ,2020-03-01 08:41:23,276
HOTH ,2020-03-01 09:41:44,276
HOTH ,2020-03-01 10:41:43,276
HOTH ,2020-03-01 11:41:28,276
HOTH ,2020-03-01 12:41:30,276
HOTH ,2020-03-01 13:41:24,276
HOTH ,2020-03-01 14:41:22,276
HOTH ,2020-03-01 15:41:45,276
HOTH ,2020-03-01 16:41:31,276
HOTH ,2020-03-01 17:41:44,276
HOTH ,2020-03-01 18:41:46,276
HOTH ,2020-03-01 19:41:46,276
HOTH ,2020-03-01 20:41:46,276
HOTH ,2020-03-01 21:41:24,276
HOTH ,2020-03-01 22:41:25,276
HOTH ,2020-03-01 23:41:45,276
HOTH ,2020-03-02 00:41:22,276
HOTH ,2020-03-02 01:41:32,276
HOTH ,2020-03-02 02:41:44,276
HOTH ,2020-03-02 03:41:52,276
HOTH ,2020-03-02 04:41:34,276
HOTH ,2020-03-02 05:41:46,276
HOTH ,2020-03-02 07:41:24,276
HOTH ,2020-03-02 08:41:44,276
HOTH ,2020-03-02 09:41:44,276
HOTH ,2020-03-02 10:41:29,276
HOTH ,2020-03-02 11:41:23,276
HOTH ,2020-03-02 12:41:29,276
HOTH ,2020-03-02 13:41:44,276
HOTH ,2020-03-02 18:43:03,276
HOTH ,2020-03-03 00:41:30,275
HOTH ,2020-03-03 01:41:35,275
HOTH ,2020-03-03 02:41:32,275
HOTH ,2020-03-03 03:41:36,275
HOTH ,2020-03-03 04:41:44,275
HOTH ,2020-03-03 05:43:34,275
HOTH ,2020-03-03 06:41:46,275
HOTH ,2020-03-03 07:41:31,275
HOTH ,2020-03-03 08:41:54,275
HOTH ,2020-03-03 09:41:57,275
HOTH ,2020-03-03 10:41:31,275
HOTH ,2020-03-03 11:42:00,275
HOTH ,2020-03-03 12:41:29,275
HOTH ,2020-03-03 13:41:55,275
HOTH ,2020-03-03 14:41:55,275
HOTH ,2020-03-03 16:42:01,274
HOTH ,2020-03-03 17:41:56,272
HOTH ,2020-03-03 18:41:23,272
HOTH ,2020-03-03 19:41:23,273
HOTH ,2020-03-03 20:41:31,273
HOTH ,2020-03-03 21:41:29,272
HOTH ,2020-03-03 22:42:03,272
HOTH ,2020-03-03 23:41:44,272
HOTH ,2020-03-04 00:41:51,272
HOTH ,2020-03-04 01:41:46,272
HOTH ,2020-03-04 02:41:26,272
HOTH ,2020-03-04 03:41:31,272
HOTH ,2020-03-04 04:41:56,272
HOTH ,2020-03-04 05:41:26,272
HOTH ,2020-03-04 06:41:48,272
HOTH ,2020-03-04 07:41:29,272
HOTH ,2020-03-04 08:41:45,272
HOTH ,2020-03-04 09:41:34,272
HOTH ,2020-03-04 10:41:24,272
HOTH ,2020-03-04 11:41:51,272
HOTH ,2020-03-04 12:41:52,272
HOTH ,2020-03-04 13:41:24,272
HOTH ,2020-03-04 14:41:23,272
HOTH ,2020-03-04 15:41:55,273
HOTH ,2020-03-04 16:41:24,273
HOTH ,2020-03-04 17:41:30,274
HOTH ,2020-03-04 18:41:44,273
HOTH ,2020-03-04 19:41:48,273
HOTH ,2020-03-04 20:41:47,273
HOTH ,2020-03-04 21:41:24,273
HOTH ,2020-03-04 22:41:45,273
HOTH ,2020-03-04 23:41:27,273
HOTH ,2020-03-05 00:41:28,273
HOTH ,2020-03-05 01:41:32,273
HOTH ,2020-03-05 02:41:24,273
HOTH ,2020-03-05 03:41:25,273
HOTH ,2020-03-05 04:41:31,273
HOTH ,2020-03-05 05:41:31,273
HOTH ,2020-03-05 06:41:25,273
HOTH ,2020-03-05 07:41:25,273
HOTH ,2020-03-05 08:41:57,273
HOTH ,2020-03-05 09:41:32,273
HOTH ,2020-03-05 10:41:24,273
HOTH ,2020-03-05 11:41:29,273
HOTH ,2020-03-05 12:41:30,273
HOTH ,2020-03-05 13:41:32,273
HOTH ,2020-03-05 14:41:45,273
HOTH ,2020-03-05 15:41:31,275
HOTH ,2020-03-05 16:41:46,275
HOTH ,2020-03-05 17:41:24,275
HOTH ,2020-03-05 18:41:26,275
HOTH ,2020-03-05 19:41:25,274
HOTH ,2020-03-05 20:41:23,274
HOTH ,2020-03-05 21:41:23,275
HOTH ,2020-03-05 22:41:45,275
HOTH ,2020-03-05 23:41:47,275
HOTH ,2020-03-06 00:41:23,275
HOTH ,2020-03-06 01:41:24,275
HOTH ,2020-03-06 02:41:47,275
HOTH ,2020-03-06 03:41:45,275
HOTH ,2020-03-06 04:41:47,275
HOTH ,2020-03-06 05:41:46,275
HOTH ,2020-03-06 06:41:51,275
HOTH ,2020-03-06 07:41:46,275
HOTH ,2020-03-06 08:41:28,275
HOTH ,2020-03-06 09:41:49,275
HOTH ,2020-03-06 10:41:27,275
HOTH ,2020-03-06 11:41:53,275
HOTH ,2020-03-06 12:41:28,275
HOTH ,2020-03-06 13:41:21,275
HOTH ,2020-03-06 14:41:55,275
HOTH ,2020-03-06 15:41:30,273
HOTH ,2020-03-06 16:41:30,272
HOTH ,2020-03-06 17:41:27,275
HOTH ,2020-03-06 18:41:23,275
HOTH ,2020-03-06 19:41:29,275
HOTH ,2020-03-06 20:41:24,277
HOTH ,2020-03-06 21:41:24,277
HOTH ,2020-03-06 22:41:23,277
HOTH ,2020-03-06 23:41:31,277
HOTH ,2020-03-07 00:41:24,277
HOTH ,2020-03-07 01:41:30,277
HOTH ,2020-03-07 02:41:25,277
HOTH ,2020-03-07 03:41:53,277
HOTH ,2020-03-07 04:41:52,277
HOTH ,2020-03-07 05:41:46,277
HOTH ,2020-03-07 06:41:46,277
HOTH ,2020-03-07 07:41:35,277
HOTH ,2020-03-07 08:41:45,277
HOTH ,2020-03-07 09:41:28,277
HOTH ,2020-03-07 10:41:31,277
HOTH ,2020-03-07 11:41:45,277
HOTH ,2020-03-07 12:41:29,277
HOTH ,2020-03-07 13:41:24,276
HOTH ,2020-03-07 14:41:26,276
HOTH ,2020-03-07 15:41:26,276
HOTH ,2020-03-07 16:41:24,276
HOTH ,2020-03-07 17:41:31,276
HOTH ,2020-03-07 18:41:26,276
HOTH ,2020-03-07 19:41:26,276
HOTH ,2020-03-07 20:41:48,276
HOTH ,2020-03-07 21:41:53,276
HOTH ,2020-03-07 22:41:47,276
HOTH ,2020-03-07 23:41:45,276
HOTH ,2020-03-08 00:41:24,276
HOTH ,2020-03-08 01:41:32,276
HOTH ,2020-03-08 02:41:33,276
HOTH ,2020-03-08 03:41:47,276
HOTH ,2020-03-08 04:41:45,276
HOTH ,2020-03-08 05:41:49,276
HOTH ,2020-03-08 06:41:36,276
HOTH ,2020-03-08 07:41:47,276
HOTH ,2020-03-08 08:41:49,276
HOTH ,2020-03-08 09:41:33,276
HOTH ,2020-03-08 10:41:50,276
HOTH ,2020-03-08 11:41:30,276
HOTH ,2020-03-08 12:41:53,276
HOTH ,2020-03-08 13:41:54,276
HOTH ,2020-03-08 14:41:22,276
HOTH ,2020-03-08 15:41:50,276
HOTH ,2020-03-08 16:41:23,276
HOTH ,2020-03-08 17:41:27,276
HOTH ,2020-03-08 18:41:55,276
HOTH ,2020-03-08 19:41:38,276
HOTH ,2020-03-08 20:41:32,276
HOTH ,2020-03-08 21:41:23,276
HOTH ,2020-03-08 22:41:45,276
HOTH ,2020-03-08 23:41:25,276
HOTH ,2020-03-09 00:41:48,276
HOTH ,2020-03-09 01:41:24,276
HOTH ,2020-03-09 02:41:48,276
HOTH ,2020-03-09 03:41:47,276
HOTH ,2020-03-09 04:41:48,276
HOTH ,2020-03-09 05:41:24,276
HOTH ,2020-03-09 06:41:25,276
HOTH ,2020-03-09 07:41:25,276
HOTH ,2020-03-09 08:41:24,276
HOTH ,2020-03-09 09:41:30,276
HOTH ,2020-03-09 10:41:44,276
HOTH ,2020-03-09 11:41:46,276
HOTH ,2020-03-09 12:41:35,276
HOTH ,2020-03-09 13:41:26,276
HOTH ,2020-03-09 14:41:53,277
HOTH ,2020-03-09 15:41:36,275
HOTH ,2020-03-09 16:41:29,275
HOTH ,2020-03-09 17:41:24,277
HOTH ,2020-03-09 18:41:24,279
HOTH ,2020-03-09 19:41:24,281
HOTH ,2020-03-09 20:41:25,281
HOTH ,2020-03-09 21:41:45,281
HOTH ,2020-03-09 22:41:44,281
HOTH ,2020-03-09 23:41:51,281
HOTH ,2020-03-10 00:41:21,281
HOTH ,2020-03-10 01:41:45,281
HOTH ,2020-03-10 02:41:31,281
HOTH ,2020-03-10 03:41:53,281
HOTH ,2020-03-10 04:41:30,281
HOTH ,2020-03-10 06:41:51,281
HOTH ,2020-03-10 07:41:52,281
HOTH ,2020-03-10 08:41:26,281
HOTH ,2020-03-10 09:41:44,281
HOTH ,2020-03-10 10:41:44,281
HOTH ,2020-03-10 11:41:45,281
HOTH ,2020-03-10 12:41:30,281
HOTH ,2020-03-10 13:41:33,281
HOTH ,2020-03-10 14:41:54,288
HOTH ,2020-03-10 15:41:52,288
HOTH ,2020-03-10 16:41:22,289
HOTH ,2020-03-10 17:41:46,287
HOTH ,2020-03-10 18:41:46,288
HOTH ,2020-03-10 19:41:47,287
HOTH ,2020-03-10 20:42:10,287
HOTH ,2020-03-10 21:41:52,287
HOTH ,2020-03-10 22:41:46,287
HOTH ,2020-03-10 23:41:29,287
HOTH ,2020-03-11 00:41:48,287
HOTH ,2020-03-11 01:41:50,287
HOTH ,2020-03-11 02:41:53,287
HOTH ,2020-03-11 03:41:31,287
HOTH ,2020-03-11 04:41:30,287
HOTH ,2020-03-11 05:41:53,287
HOTH ,2020-03-11 06:41:50,287
HOTH ,2020-03-11 07:41:23,287
HOTH ,2020-03-11 08:41:32,287
HOTH ,2020-03-11 09:41:21,287
HOTH ,2020-03-11 10:41:24,287
HOTH ,2020-03-11 11:41:46,287
HOTH ,2020-03-11 12:41:53,287
HOTH ,2020-03-11 13:41:47,287
HOTH ,2020-03-11 14:41:30,283
HOTH ,2020-03-11 15:41:25,281
HOTH ,2020-03-11 16:41:50,280
HOTH ,2020-03-11 17:41:30,279
HOTH ,2020-03-11 18:41:22,280
HOTH ,2020-03-11 19:41:51,280
HOTH ,2020-03-11 20:41:52,280
HOTH ,2020-03-11 21:41:30,280
HOTH ,2020-03-11 22:41:30,280
HOTH ,2020-03-11 23:41:34,280
HOTH ,2020-03-12 00:41:23,280
HOTH ,2020-03-12 01:41:47,280
HOTH ,2020-03-12 02:41:29,280
HOTH ,2020-03-12 03:41:45,280
HOTH ,2020-03-12 04:41:50,280
HOTH ,2020-03-12 05:41:30,280
HOTH ,2020-03-12 06:41:25,280
HOTH ,2020-03-12 07:41:27,280
HOTH ,2020-03-12 08:41:50,280
HOTH ,2020-03-12 09:41:37,280
HOTH ,2020-03-12 10:41:47,280
HOTH ,2020-03-12 11:41:45,280
HOTH ,2020-03-12 12:41:44,280
HOTH ,2020-03-12 13:41:51,280
HOTH ,2020-03-12 14:41:24,277
HOTH ,2020-03-12 15:41:22,276
HOTH ,2020-03-12 16:41:25,275
HOTH ,2020-03-12 17:41:22,274
HOTH ,2020-03-12 18:41:52,272
HOTH ,2020-03-12 19:41:30,272
HOTH ,2020-03-12 20:41:25,271
HOTH ,2020-03-12 21:41:53,271
HOTH ,2020-03-12 22:41:22,271
HOTH ,2020-03-12 23:41:54,271
HOTH ,2020-03-13 00:41:54,271
HOTH ,2020-03-13 01:41:23,271
HOTH ,2020-03-13 02:41:46,271
HOTH ,2020-03-13 03:41:47,271
HOTH ,2020-03-13 04:41:28,271
HOTH ,2020-03-13 05:41:31,271
HOTH ,2020-03-13 06:41:56,271
HOTH ,2020-03-13 07:41:56,271
HOTH ,2020-03-13 08:41:59,271
HOTH ,2020-03-13 09:41:59,271
HOTH ,2020-03-13 10:41:30,271
HOTH ,2020-03-13 11:41:43,271
HOTH ,2020-03-13 13:06:04,271
HOTH ,2020-03-13 13:41:33,271
HOTH ,2020-03-13 14:41:31,273
HOTH ,2020-03-13 15:41:32,272
HOTH ,2020-03-13 16:41:47,272
HOTH ,2020-03-13 17:41:44,272
HOTH ,2020-03-13 18:41:52,271
HOTH ,2020-03-13 19:41:45,271
HOTH ,2020-03-13 20:41:26,269
HOTH ,2020-03-13 21:41:29,269
HOTH ,2020-03-13 22:41:24,269
HOTH ,2020-03-13 23:41:43,269
HOTH ,2020-03-14 00:41:31,269
HOTH ,2020-03-14 01:41:50,269
HOTH ,2020-03-14 02:41:47,269
HOTH ,2020-03-14 03:41:29,269
HOTH ,2020-03-14 04:41:52,269
HOTH ,2020-03-14 05:41:48,269
HOTH ,2020-03-14 06:41:32,269
HOTH ,2020-03-14 07:41:52,269
HOTH ,2020-03-14 08:41:46,269
HOTH ,2020-03-14 09:41:46,269
HOTH ,2020-03-14 10:41:28,269
HOTH ,2020-03-14 11:41:25,269
HOTH ,2020-03-14 12:41:29,269
HOTH ,2020-03-14 13:41:25,269
HOTH ,2020-03-14 14:41:44,269
HOTH ,2020-03-14 15:41:24,269
HOTH ,2020-03-14 16:41:45,269
HOTH ,2020-03-14 17:41:31,269
HOTH ,2020-03-14 18:41:46,269
HOTH ,2020-03-14 19:41:31,269
HOTH ,2020-03-14 20:41:48,269
HOTH ,2020-03-14 21:41:46,269
HOTH ,2020-03-14 22:41:51,269
HOTH ,2020-03-14 23:41:44,269
HOTH ,2020-03-15 00:41:27,269
HOTH ,2020-03-15 01:41:29,269
HOTH ,2020-03-15 02:41:51,269
HOTH ,2020-03-15 03:41:51,269
HOTH ,2020-03-15 04:41:25,269
HOTH ,2020-03-15 05:41:52,269
HOTH ,2020-03-15 06:41:31,269
HOTH ,2020-03-15 07:41:55,269
HOTH ,2020-03-15 08:58:50,269
HOTH ,2020-03-15 09:41:36,269
HOTH ,2020-03-15 10:41:44,269
HOTH ,2020-03-15 11:41:52,269
HOTH ,2020-03-15 12:41:46,269
HOTH ,2020-03-15 13:41:25,269
HOTH ,2020-03-15 14:41:34,269
HOTH ,2020-03-15 15:41:29,269
HOTH ,2020-03-15 16:41:43,269
HOTH ,2020-03-15 17:41:30,269
HOTH ,2020-03-15 18:41:50,269
HOTH ,2020-03-15 19:41:46,269
HOTH ,2020-03-15 20:41:32,269
HOTH ,2020-03-15 21:41:31,269
HOTH ,2020-03-15 22:41:44,269
HOTH ,2020-03-15 23:41:43,269
HOTH ,2020-03-16 00:41:23,269
HOTH ,2020-03-16 01:41:25,269
HOTH ,2020-03-16 02:41:23,269
HOTH ,2020-03-16 03:41:42,269
HOTH ,2020-03-16 04:41:46,269
HOTH ,2020-03-16 05:41:53,269
HOTH ,2020-03-16 06:41:29,269
HOTH ,2020-03-16 07:41:52,269
HOTH ,2020-03-16 08:57:27,269
HOTH ,2020-03-16 09:41:45,269
HOTH ,2020-03-16 10:41:31,269
HOTH ,2020-03-16 11:41:45,269
HOTH ,2020-03-16 13:07:36,269
HOTH ,2020-03-16 13:41:51,269
HOTH ,2020-03-16 14:41:34,270
HOTH ,2020-03-16 15:41:49,269
HOTH ,2020-03-16 16:41:27,268
HOTH ,2020-03-16 17:41:33,268
HOTH ,2020-03-16 18:41:27,269
HOTH ,2020-03-16 19:41:54,269
HOTH ,2020-03-16 20:41:26,269
HOTH ,2020-03-16 21:41:33,269
HOTH ,2020-03-16 22:41:27,269
HOTH ,2020-03-16 23:41:49,269
HOTH ,2020-03-17 00:41:48,269
HOTH ,2020-03-17 01:41:29,269
HOTH ,2020-03-17 02:41:48,269
HOTH ,2020-03-17 20:09:29,269
HOTH ,2020-03-17 20:17:18,269
HOTH ,2020-03-17 20:41:33,269
HOTH ,2020-03-17 21:41:28,270
HOTH ,2020-03-17 22:41:28,270
HOTH ,2020-03-17 23:41:29,270
HOTH ,2020-03-18 00:41:33,270
HOTH ,2020-03-18 01:41:36,270
HOTH ,2020-03-18 02:41:34,270
HOTH ,2020-03-18 03:41:35,270
HOTH ,2020-03-18 04:41:36,270
HOTH ,2020-03-18 05:41:32,270
HOTH ,2020-03-18 06:41:27,270
HOTH ,2020-03-18 07:41:35,270
HOTH ,2020-03-18 08:41:27,270
HOTH ,2020-03-18 09:41:34,270
HOTH ,2020-03-18 10:41:27,270
HOTH ,2020-03-18 11:41:26,270
HOTH ,2020-03-18 13:07:36,270
HOTH ,2020-03-18 13:41:37,270
HOTH ,2020-03-18 14:41:29,270
HOTH ,2020-03-18 15:41:30,269
HOTH ,2020-03-18 16:41:27,269
HOTH ,2020-03-18 17:41:34,269
HOTH ,2020-03-18 18:41:26,269
HOTH ,2020-03-18 19:41:33,270
HOTH ,2020-03-18 20:41:30,270
HOTH ,2020-03-18 21:41:30,270
HOTH ,2020-03-18 22:41:26,270
HOTH ,2020-03-18 23:41:32,270
HOTH ,2020-03-19 00:41:31,270
HOTH ,2020-03-19 01:41:31,270
HOTH ,2020-03-19 02:41:26,270
HOTH ,2020-03-19 03:41:25,270
HOTH ,2020-03-19 04:41:28,270
HOTH ,2020-03-19 05:41:53,270
HOTH ,2020-03-19 06:41:28,270
HOTH ,2020-03-19 07:41:29,270
HOTH ,2020-03-19 08:41:28,270
HOTH ,2020-03-19 09:41:32,270
HOTH ,2020-03-19 10:41:26,270
HOTH ,2020-03-19 11:41:28,270
HOTH ,2020-03-19 12:41:28,270
HOTH ,2020-03-19 13:41:28,270
HOTH ,2020-03-19 14:41:28,271
HOTH ,2020-03-19 15:41:30,272
HOTH ,2020-03-19 16:41:28,270
HOTH ,2020-03-19 17:41:28,271
HOTH ,2020-03-19 18:41:25,270
HOTH ,2020-03-19 19:41:30,271
HOTH ,2020-03-19 20:41:36,271
HOTH ,2020-03-19 21:41:32,271
HOTH ,2020-03-19 22:41:26,271
HOTH ,2020-03-19 23:41:39,271
HOTH ,2020-03-20 00:41:27,271
HOTH ,2020-03-20 01:41:26,271
HOTH ,2020-03-20 02:41:41,271
HOTH ,2020-03-20 03:41:32,271
HOTH ,2020-03-20 04:41:29,271
HOTH ,2020-03-20 06:41:38,271
HOTH ,2020-03-20 07:41:31,271
HOTH ,2020-03-20 08:41:41,271
HOTH ,2020-03-20 09:41:34,271
HOTH ,2020-03-20 10:41:28,271
HOTH ,2020-03-20 11:41:28,271
HOTH ,2020-03-20 13:06:34,271
HOTH ,2020-03-20 13:41:35,271
HOTH ,2020-03-20 14:41:27,270
HOTH ,2020-03-20 15:41:26,270
HOTH ,2020-03-20 16:41:28,270
HOTH ,2020-03-20 17:41:28,271
HOTH ,2020-03-20 18:41:26,271
HOTH ,2020-03-20 19:41:29,270
HOTH ,2020-03-20 20:41:28,270
HOTH ,2020-03-20 21:41:26,270
HOTH ,2020-03-20 22:41:33,270
HOTH ,2020-03-20 23:41:36,270
HOTH ,2020-03-21 00:41:31,270
HOTH ,2020-03-21 01:41:28,270
HOTH ,2020-03-21 02:41:33,270
HOTH ,2020-03-21 03:41:36,270
HOTH ,2020-03-21 04:41:28,270
HOTH ,2020-03-21 05:41:26,270
HOTH ,2020-03-21 06:41:28,270
HOTH ,2020-03-21 07:41:34,270
HOTH ,2020-03-21 08:41:35,270
HOTH ,2020-03-21 09:41:28,270
HOTH ,2020-03-21 10:41:30,270
HOTH ,2020-03-21 11:41:32,270
HOTH ,2020-03-21 12:41:25,270
HOTH ,2020-03-21 13:41:28,270
HOTH ,2020-03-21 14:41:38,270
HOTH ,2020-03-21 15:41:33,270
HOTH ,2020-03-21 16:41:32,270
HOTH ,2020-03-21 17:41:36,270
HOTH ,2020-03-21 18:41:29,270
HOTH ,2020-03-21 19:41:30,270
HOTH ,2020-03-21 20:41:25,270
HOTH ,2020-03-21 21:41:29,270
HOTH ,2020-03-21 22:41:28,270
HOTH ,2020-03-21 23:41:30,270
HOTH ,2020-03-22 00:41:25,270
HOTH ,2020-03-22 01:41:32,270
HOTH ,2020-03-22 02:41:27,270
HOTH ,2020-03-22 03:41:40,270
HOTH ,2020-03-22 04:41:30,270
HOTH ,2020-03-22 05:41:30,270
HOTH ,2020-03-22 06:41:34,270
HOTH ,2020-03-22 07:41:37,270
HOTH ,2020-03-22 09:13:14,270
HOTH ,2020-03-22 09:41:29,270
HOTH ,2020-03-22 10:41:34,270
HOTH ,2020-03-22 11:41:27,270
HOTH ,2020-03-22 12:41:33,270
HOTH ,2020-03-22 21:51:29,270
HOTH ,2020-03-22 22:41:34,270
HOTH ,2020-03-22 23:41:29,270
HOTH ,2020-03-23 00:41:45,270
HOTH ,2020-03-23 01:41:41,270
HOTH ,2020-03-23 02:41:27,270
HOTH ,2020-03-23 03:41:30,270
HOTH ,2020-03-23 04:41:30,270
HOTH ,2020-03-23 05:41:32,270
HOTH ,2020-03-23 06:41:30,270
HOTH ,2020-03-23 07:41:28,270
HOTH ,2020-03-23 08:41:30,270
HOTH ,2020-03-23 09:41:36,270
HOTH ,2020-03-23 10:41:28,270
HOTH ,2020-03-23 11:41:32,270
HOTH ,2020-03-23 13:06:03,271
HOTH ,2020-03-23 13:41:40,271
HOTH ,2020-03-23 14:41:34,560
HOTH ,2020-03-23 15:41:33,733
HOTH ,2020-03-23 16:41:35,845
HOTH ,2020-03-23 17:41:29,861
HOTH ,2020-03-23 18:41:27,897
HOTH ,2020-03-23 19:41:33,900
HOTH ,2020-03-23 20:41:34,924
HOTH ,2020-03-23 21:41:29,926
HOTH ,2020-03-23 22:41:29,932
HOTH ,2020-03-23 23:41:32,932
HOTH ,2020-03-24 00:41:26,932
HOTH ,2020-03-24 01:41:29,932
HOTH ,2020-03-24 02:41:28,932
HOTH ,2020-03-24 03:41:27,932
HOTH ,2020-03-24 04:41:35,932
HOTH ,2020-03-24 05:41:47,932
HOTH ,2020-03-24 06:41:34,932
HOTH ,2020-03-24 07:41:36,932
HOTH ,2020-03-24 09:07:35,932
HOTH ,2020-03-24 09:41:27,932
HOTH ,2020-03-24 10:41:29,932
HOTH ,2020-03-24 11:41:29,932
HOTH ,2020-03-24 12:41:24,932
HOTH ,2020-03-24 13:41:40,942
HOTH ,2020-03-24 14:41:45,889
HOTH ,2020-03-24 15:41:39,830
HOTH ,2020-03-24 16:41:43,831
HOTH ,2020-03-24 17:41:35,835
HOTH ,2020-03-24 18:41:33,834
HOTH ,2020-03-24 19:41:29,829
HOTH ,2020-03-24 20:41:25,830
HOTH ,2020-03-24 21:41:25,831
HOTH ,2020-03-24 22:41:34,828
HOTH ,2020-03-24 23:41:34,828
HOTH ,2020-03-25 00:41:26,828
HOTH ,2020-03-25 01:41:28,828
HOTH ,2020-03-25 02:41:27,828
HOTH ,2020-03-25 03:41:25,828
HOTH ,2020-03-25 04:41:24,828
HOTH ,2020-03-25 06:41:35,828
HOTH ,2020-03-25 07:41:27,828
HOTH ,2020-03-25 09:41:29,828
HOTH ,2020-03-25 10:41:27,828
HOTH ,2020-03-25 11:41:33,828
HOTH ,2020-03-25 12:41:34,828
HOTH ,2020-03-25 13:41:35,826
HOTH ,2020-03-25 14:41:36,795
HOTH ,2020-03-25 15:41:39,783
HOTH ,2020-03-25 16:41:35,765
HOTH ,2020-03-25 17:41:28,755
HOTH ,2020-03-25 18:41:25,750
HOTH ,2020-03-25 19:41:26,742
HOTH ,2020-03-25 20:41:30,739
HOTH ,2020-03-25 21:41:25,739
HOTH ,2020-03-25 22:41:26,738
HOTH ,2020-03-25 23:41:27,738
HOTH ,2020-03-26 02:04:23,738
HOTH ,2020-03-26 02:41:30,738
HOTH ,2020-03-26 03:41:33,738
HOTH ,2020-03-26 04:41:39,738
HOTH ,2020-03-26 05:41:29,738
HOTH ,2020-03-26 06:41:29,738
HOTH ,2020-03-26 07:41:31,738
HOTH ,2020-03-26 08:41:26,738
HOTH ,2020-03-26 09:41:34,738
HOTH ,2020-03-26 10:41:26,738
HOTH ,2020-03-26 11:41:28,738
HOTH ,2020-03-26 12:41:28,738
HOTH ,2020-03-26 13:41:27,738
HOTH ,2020-03-26 14:41:29,731
HOTH ,2020-03-26 15:41:30,721
HOTH ,2020-03-26 16:41:27,709
HOTH ,2020-03-26 17:41:32,704
HOTH ,2020-03-26 18:41:27,709
HOTH ,2020-03-26 19:41:26,710
HOTH ,2020-03-26 20:41:28,710
HOTH ,2020-03-26 21:41:31,710
HOTH ,2020-03-26 22:41:25,711
HOTH ,2020-03-26 23:41:34,711
HOTH ,2020-03-27 00:41:30,711
HOTH ,2020-03-27 01:41:31,711
HOTH ,2020-03-27 02:41:34,711
HOTH ,2020-03-27 03:41:28,711
HOTH ,2020-03-27 04:41:31,711
HOTH ,2020-03-27 05:41:28,711
HOTH ,2020-03-27 06:41:32,711
HOTH ,2020-03-27 07:41:35,711
HOTH ,2020-03-27 08:41:58,711
HOTH ,2020-03-27 09:41:41,711
HOTH ,2020-03-27 10:41:30,711
HOTH ,2020-03-27 11:41:26,711
HOTH ,2020-03-27 12:41:26,711
HOTH ,2020-03-27 13:41:30,713
HOTH ,2020-03-27 14:41:27,751
HOTH ,2020-03-27 15:41:29,760
HOTH ,2020-03-27 16:41:30,758
HOTH ,2020-03-27 17:41:28,759
HOTH ,2020-03-27 18:41:35,761
HOTH ,2020-03-27 19:41:28,762
HOTH ,2020-03-27 20:41:27,766
HOTH ,2020-03-27 21:41:34,767
HOTH ,2020-03-27 22:41:30,767
HOTH ,2020-03-27 23:41:31,767
HOTH ,2020-03-28 00:41:34,767
HOTH ,2020-03-28 01:41:23,767
HOTH ,2020-03-28 02:41:27,767
HOTH ,2020-03-28 03:41:29,767
HOTH ,2020-03-28 04:41:27,767
HOTH ,2020-03-28 05:41:39,767
HOTH ,2020-03-28 06:41:31,767
HOTH ,2020-03-28 07:41:26,767
HOTH ,2020-03-28 08:41:29,767
HOTH ,2020-03-28 09:41:33,767
HOTH ,2020-03-28 10:41:36,766
HOTH ,2020-03-28 11:41:29,766
HOTH ,2020-03-28 12:41:34,766
HOTH ,2020-03-28 13:41:33,766
HOTH ,2020-03-28 14:41:30,766
HOTH ,2020-03-28 15:41:27,766
HOTH ,2020-03-28 16:41:27,766
HOTH ,2020-03-28 17:41:28,766
HOTH ,2020-03-28 18:41:30,766
HOTH ,2020-03-28 19:41:27,766
HOTH ,2020-03-28 20:41:29,766
HOTH ,2020-03-28 21:41:26,766
HOTH ,2020-03-28 22:41:39,766
HOTH ,2020-03-28 23:41:30,766
HOTH ,2020-03-29 00:41:30,766
HOTH ,2020-03-29 01:41:33,766
HOTH ,2020-03-29 02:41:41,766
HOTH ,2020-03-29 03:41:43,766
HOTH ,2020-03-29 04:41:36,766
HOTH ,2020-03-29 05:41:33,766
HOTH ,2020-03-29 06:41:43,766
HOTH ,2020-03-29 07:41:33,766
HOTH ,2020-03-29 08:41:31,766
HOTH ,2020-03-29 09:41:30,766
HOTH ,2020-03-29 10:41:40,766
HOTH ,2020-03-29 11:41:30,766
HOTH ,2020-03-29 12:41:27,766
HOTH ,2020-03-29 13:41:28,766
HOTH ,2020-03-29 14:41:26,766
HOTH ,2020-03-29 15:41:28,766
HOTH ,2020-03-29 16:41:28,766
HOTH ,2020-03-29 17:41:35,766
HOTH ,2020-03-29 18:41:29,766
HOTH ,2020-03-29 19:41:29,766
HOTH ,2020-03-29 20:41:28,766
HOTH ,2020-03-29 21:41:39,766
HOTH ,2020-03-29 22:41:30,766
HOTH ,2020-03-29 23:41:29,766
HOTH ,2020-03-30 00:41:30,766
HOTH ,2020-03-30 01:41:29,766
HOTH ,2020-03-30 02:41:36,766
HOTH ,2020-03-30 03:41:30,766
HOTH ,2020-03-30 04:41:38,766
HOTH ,2020-03-30 05:41:26,766
HOTH ,2020-03-30 06:41:29,766
HOTH ,2020-03-30 07:41:39,766
HOTH ,2020-03-30 08:41:30,766
HOTH ,2020-03-30 09:41:28,766
HOTH ,2020-03-30 10:41:28,766
HOTH ,2020-03-30 11:41:25,766
HOTH ,2020-03-30 12:41:28,766
HOTH ,2020-03-30 13:41:34,768
HOTH ,2020-03-30 14:41:28,761
HOTH ,2020-03-30 15:41:36,757
HOTH ,2020-03-30 16:41:29,753
HOTH ,2020-03-30 17:41:32,753
HOTH ,2020-03-30 18:41:29,751
HOTH ,2020-03-30 19:41:34,750
HOTH ,2020-03-30 20:41:28,747
HOTH ,2020-03-30 21:41:33,747
HOTH ,2020-03-30 22:41:29,747
HOTH ,2020-03-30 23:41:27,747
HOTH ,2020-03-31 00:41:26,747
HOTH ,2020-03-31 01:41:29,747
HOTH ,2020-03-31 02:41:28,747
HOTH ,2020-03-31 03:41:30,747
HOTH ,2020-03-31 04:41:29,747
HOTH ,2020-03-31 05:41:29,747
HOTH ,2020-03-31 06:41:27,747
HOTH ,2020-03-31 07:41:31,747
HOTH ,2020-03-31 08:41:30,747
HOTH ,2020-03-31 09:41:32,747
HOTH ,2020-03-31 10:41:30,747
HOTH ,2020-03-31 11:41:54,747
HOTH ,2020-03-31 13:05:04,747
HOTH ,2020-03-31 13:41:30,747
HOTH ,2020-03-31 14:41:38,740
HOTH ,2020-03-31 15:41:29,736
HOTH ,2020-03-31 16:41:38,732
HOTH ,2020-03-31 17:41:29,727
HOTH ,2020-03-31 18:41:36,728
HOTH ,2020-03-31 19:41:27,725
HOTH ,2020-03-31 20:41:33,717
HOTH ,2020-03-31 21:41:28,717
HOTH ,2020-03-31 22:41:30,717
HOTH ,2020-03-31 23:41:35,717
HOTH ,2020-04-01 00:41:31,717
HOTH ,2020-04-01 01:41:30,717
HOTH ,2020-04-01 02:41:29,717
HOTH ,2020-04-01 03:41:32,717
HOTH ,2020-04-01 04:41:35,717
HOTH ,2020-04-01 05:41:41,717
HOTH ,2020-04-01 06:41:32,717
HOTH ,2020-04-01 07:41:37,717
HOTH ,2020-04-01 08:41:29,717
HOTH ,2020-04-01 09:41:32,717
HOTH ,2020-04-01 10:41:28,717
HOTH ,2020-04-01 11:41:40,717
HOTH ,2020-04-01 13:08:05,717
HOTH ,2020-04-01 13:41:32,717
HOTH ,2020-04-01 14:41:41,708
HOTH ,2020-04-01 15:41:36,706
HOTH ,2020-04-01 16:41:29,705
HOTH ,2020-04-01 17:41:27,703
HOTH ,2020-04-01 18:41:27,704
HOTH ,2020-04-01 19:41:29,704
HOTH ,2020-04-01 20:41:30,700
HOTH ,2020-04-01 21:41:29,700
HOTH ,2020-04-01 22:41:28,700
HOTH ,2020-04-01 23:41:36,700
HOTH ,2020-04-02 00:41:31,700
HOTH ,2020-04-02 01:41:38,700
HOTH ,2020-04-02 02:41:31,700
HOTH ,2020-04-02 03:41:37,700
HOTH ,2020-04-02 04:41:31,700
HOTH ,2020-04-02 05:41:33,700
HOTH ,2020-04-02 06:41:28,700
HOTH ,2020-04-02 07:41:37,700
HOTH ,2020-04-02 08:41:46,700
HOTH ,2020-04-02 09:41:37,700
HOTH ,2020-04-02 10:41:31,700
HOTH ,2020-04-02 11:41:30,700
HOTH ,2020-04-02 13:09:05,700
HOTH ,2020-04-02 13:41:39,700
HOTH ,2020-04-02 14:41:28,698
HOTH ,2020-04-02 15:41:35,696
HOTH ,2020-04-02 16:41:27,751
HOTH ,2020-04-02 17:41:27,755
HOTH ,2020-04-02 18:41:40,754
HOTH ,2020-04-02 19:41:29,764
HOTH ,2020-04-02 20:41:37,777
HOTH ,2020-04-02 21:41:44,777
HOTH ,2020-04-02 22:41:39,777
HOTH ,2020-04-02 23:41:29,777
HOTH ,2020-04-03 00:41:32,777
HOTH ,2020-04-03 01:41:37,777
HOTH ,2020-04-03 02:41:31,777
HOTH ,2020-04-03 03:41:29,777
HOTH ,2020-04-03 04:41:34,777
HOTH ,2020-04-03 05:41:37,777
HOTH ,2020-04-03 06:41:33,777
HOTH ,2020-04-03 08:41:32,777
HOTH ,2020-04-03 09:41:29,777
HOTH ,2020-04-03 10:41:37,777
HOTH ,2020-04-03 11:41:29,777
HOTH ,2020-04-03 13:10:07,780
HOTH ,2020-04-03 13:41:37,780
HOTH ,2020-04-03 14:41:34,784
HOTH ,2020-04-03 15:41:38,780
HOTH ,2020-04-03 16:41:36,780
HOTH ,2020-04-03 17:41:37,771
HOTH ,2020-04-03 18:41:38,769
HOTH ,2020-04-03 19:41:29,758
HOTH ,2020-04-03 20:41:30,753
HOTH ,2020-04-03 21:41:31,753
HOTH ,2020-04-03 22:41:42,753
HOTH ,2020-04-03 23:41:31,753
HOTH ,2020-04-04 00:41:28,753
HOTH ,2020-04-04 01:41:37,753
HOTH ,2020-04-04 02:41:31,753
HOTH ,2020-04-04 03:41:32,753
HOTH ,2020-04-04 04:41:33,753
HOTH ,2020-04-04 05:41:35,753
HOTH ,2020-04-04 06:41:31,753
HOTH ,2020-04-04 07:41:39,753
HOTH ,2020-04-04 08:41:37,753
HOTH ,2020-04-04 09:41:35,753
HOTH ,2020-04-04 10:41:29,753
HOTH ,2020-04-04 11:41:30,753
HOTH ,2020-04-04 12:41:30,753
HOTH ,2020-04-04 13:41:30,753
HOTH ,2020-04-04 14:41:35,753
HOTH ,2020-04-04 15:41:28,753
HOTH ,2020-04-04 16:41:30,753
HOTH ,2020-04-04 17:41:29,753
HOTH ,2020-04-04 18:41:29,753
HOTH ,2020-04-04 19:41:32,753
HOTH ,2020-04-04 20:41:29,753
HOTH ,2020-04-04 21:41:27,753
HOTH ,2020-04-04 22:41:38,753
HOTH ,2020-04-04 23:41:29,753
HOTH ,2020-04-05 00:41:43,753
HOTH ,2020-04-05 01:41:35,753
HOTH ,2020-04-05 02:41:28,753
HOTH ,2020-04-05 03:41:30,753
HOTH ,2020-04-05 04:41:36,753
HOTH ,2020-04-05 05:41:36,753
HOTH ,2020-04-05 06:41:38,753
HOTH ,2020-04-05 07:41:31,753
HOTH ,2020-04-05 08:41:31,753
HOTH ,2020-04-05 09:41:28,753
HOTH ,2020-04-05 10:41:39,753
HOTH ,2020-04-05 11:41:35,753
HOTH ,2020-04-05 12:41:29,753
HOTH ,2020-04-05 13:41:37,753
HOTH ,2020-04-05 14:41:30,753
HOTH ,2020-04-05 15:41:29,753
HOTH ,2020-04-05 16:41:37,753
HOTH ,2020-04-05 17:41:27,753
HOTH ,2020-04-05 18:41:29,753
HOTH ,2020-04-05 19:41:28,753
HOTH ,2020-04-05 20:41:30,753
HOTH ,2020-04-05 21:41:31,753
HOTH ,2020-04-05 22:41:34,753
HOTH ,2020-04-05 23:41:28,753
HOTH ,2020-04-06 00:41:27,753
HOTH ,2020-04-06 01:41:31,753
HOTH ,2020-04-06 02:41:36,753
HOTH ,2020-04-06 03:41:42,753
HOTH ,2020-04-06 04:41:29,753
HOTH ,2020-04-06 05:41:33,753
HOTH ,2020-04-06 06:41:33,753
HOTH ,2020-04-06 07:41:31,753
HOTH ,2020-04-06 08:41:36,753
HOTH ,2020-04-06 09:41:31,753
HOTH ,2020-04-06 10:41:33,753
HOTH ,2020-04-06 11:41:27,753
HOTH ,2020-04-06 12:41:33,753
HOTH ,2020-04-06 13:41:33,753
HOTH ,2020-04-06 14:41:29,762
HOTH ,2020-04-06 15:41:30,759
HOTH ,2020-04-06 16:41:29,757
HOTH ,2020-04-06 17:41:28,751
HOTH ,2020-04-06 18:42:05,745
HOTH ,2020-04-06 19:41:35,735
HOTH ,2020-04-06 20:41:28,722
HOTH ,2020-04-06 21:41:27,722
HOTH ,2020-04-06 22:41:30,722
HOTH ,2020-04-06 23:41:33,722
HOTH ,2020-04-07 00:41:30,722
HOTH ,2020-04-07 01:41:32,722
HOTH ,2020-04-07 02:41:29,722
HOTH ,2020-04-07 03:41:30,722
HOTH ,2020-04-07 04:41:29,722
HOTH ,2020-04-07 05:41:27,722
HOTH ,2020-04-07 06:41:31,722
HOTH ,2020-04-07 07:41:31,722
HOTH ,2020-04-07 08:41:34,722
HOTH ,2020-04-07 09:41:29,722
HOTH ,2020-04-07 10:41:26,722
HOTH ,2020-04-07 11:41:27,722
HOTH ,2020-04-07 12:41:29,722
HOTH ,2020-04-07 13:41:30,722
HOTH ,2020-04-07 14:41:28,714
HOTH ,2020-04-07 15:41:27,710
HOTH ,2020-04-07 16:41:31,706
HOTH ,2020-04-07 17:41:26,705
HOTH ,2020-04-07 18:41:27,704
HOTH ,2020-04-07 19:41:25,701
HOTH ,2020-04-07 20:41:30,699
HOTH ,2020-04-07 21:41:31,700
HOTH ,2020-04-07 22:41:27,700
HOTH ,2020-04-07 23:41:28,700
HOTH ,2020-04-08 00:41:31,700
HOTH ,2020-04-08 01:41:27,700
HOTH ,2020-04-08 02:41:25,700
HOTH ,2020-04-08 03:41:31,700
HOTH ,2020-04-08 04:41:26,700
HOTH ,2020-04-08 05:44:26,700
HOTH ,2020-04-08 06:41:29,700
HOTH ,2020-04-08 07:41:33,700
HOTH ,2020-04-08 08:41:32,700
HOTH ,2020-04-08 09:41:33,700
HOTH ,2020-04-08 10:41:28,700
HOTH ,2020-04-08 11:41:27,700
HOTH ,2020-04-08 12:41:27,700
HOTH ,2020-04-08 13:41:29,700
HOTH ,2020-04-08 14:41:26,697
HOTH ,2020-04-08 15:41:30,697
HOTH ,2020-04-08 16:41:27,692
HOTH ,2020-04-08 17:41:32,692
HOTH ,2020-04-08 18:41:26,689
HOTH ,2020-04-08 19:41:31,689
HOTH ,2020-04-08 20:41:30,687
HOTH ,2020-04-08 21:41:29,687
HOTH ,2020-04-08 22:41:26,686
HOTH ,2020-04-08 23:41:28,686
HOTH ,2020-04-09 00:41:26,686
HOTH ,2020-04-09 01:41:28,686
HOTH ,2020-04-09 02:41:28,686
HOTH ,2020-04-09 03:41:27,686
HOTH ,2020-04-09 04:41:33,686
HOTH ,2020-04-09 05:41:30,686
HOTH ,2020-04-09 06:41:33,686
HOTH ,2020-04-09 07:41:25,686
HOTH ,2020-04-09 08:41:26,686
HOTH ,2020-04-09 09:41:25,686
HOTH ,2020-04-09 10:41:27,686
HOTH ,2020-04-09 11:41:26,686
HOTH ,2020-04-09 12:41:27,686
HOTH ,2020-04-09 13:41:31,686
HOTH ,2020-04-09 14:41:30,680
HOTH ,2020-04-09 15:41:24,676
HOTH ,2020-04-09 16:41:28,674
HOTH ,2020-04-09 17:41:28,674
HOTH ,2020-04-09 18:41:25,673
HOTH ,2020-04-09 19:41:31,672
HOTH ,2020-04-09 20:41:27,671
HOTH ,2020-04-09 21:41:29,671
HOTH ,2020-04-09 22:41:27,671
HOTH ,2020-04-09 23:41:26,671
HOTH ,2020-04-10 00:41:28,671
HOTH ,2020-04-10 01:41:27,671
HOTH ,2020-04-10 02:41:30,671
HOTH ,2020-04-10 03:41:30,671
HOTH ,2020-04-10 04:41:27,671
HOTH ,2020-04-10 05:41:30,671
HOTH ,2020-04-10 06:41:27,671
HOTH ,2020-04-10 07:41:28,671
HOTH ,2020-04-10 08:41:29,671
HOTH ,2020-04-10 09:41:29,671
HOTH ,2020-04-10 10:41:31,671
HOTH ,2020-04-10 11:41:29,671
HOTH ,2020-04-10 12:41:28,671
HOTH ,2020-04-10 13:41:28,671
HOTH ,2020-04-10 14:41:32,671
HOTH ,2020-04-10 15:41:29,671
HOTH ,2020-04-10 16:41:27,671
HOTH ,2020-04-10 17:41:30,671
HOTH ,2020-04-10 18:41:28,671
HOTH ,2020-04-10 19:41:29,671
HOTH ,2020-04-10 20:41:35,671
HOTH ,2020-04-10 21:41:24,671
HOTH ,2020-04-10 22:41:23,671
HOTH ,2020-04-10 23:41:23,671
HOTH ,2020-04-11 00:41:24,671
HOTH ,2020-04-11 01:41:22,671
HOTH ,2020-04-11 02:41:23,671
HOTH ,2020-04-11 03:41:23,671
HOTH ,2020-04-11 04:41:24,671
HOTH ,2020-04-11 05:41:24,671
HOTH ,2020-04-11 06:41:23,671
HOTH ,2020-04-11 07:41:23,671
HOTH ,2020-04-11 08:41:20,671
HOTH ,2020-04-11 09:41:21,671
HOTH ,2020-04-11 10:41:23,671
HOTH ,2020-04-11 11:41:21,671
HOTH ,2020-04-11 12:41:22,671
HOTH ,2020-04-11 13:41:25,671
HOTH ,2020-04-11 14:41:21,671
HOTH ,2020-04-11 15:41:24,671
HOTH ,2020-04-11 16:41:24,671
HOTH ,2020-04-11 17:41:23,671
HOTH ,2020-04-11 18:41:24,671
HOTH ,2020-04-11 19:41:22,671
HOTH ,2020-04-11 20:41:21,671
HOTH ,2020-04-11 21:41:23,671
HOTH ,2020-04-11 22:41:23,671
HOTH ,2020-04-11 23:41:23,671
HOTH ,2020-04-12 00:41:25,671
HOTH ,2020-04-12 01:41:22,671
HOTH ,2020-04-12 02:41:23,671
HOTH ,2020-04-12 03:41:21,671
HOTH ,2020-04-12 04:41:26,671
HOTH ,2020-04-12 05:41:23,671
HOTH ,2020-04-12 06:41:23,671
HOTH ,2020-04-12 07:41:23,671
HOTH ,2020-04-12 08:41:22,671
HOTH ,2020-04-12 09:41:23,671
HOTH ,2020-04-12 10:41:23,671
HOTH ,2020-04-12 11:41:22,671
HOTH ,2020-04-12 12:41:23,671
HOTH ,2020-04-12 13:41:25,671
HOTH ,2020-04-12 14:41:24,671
HOTH ,2020-04-12 15:41:22,671
HOTH ,2020-04-12 16:41:22,671
HOTH ,2020-04-12 17:41:22,671
HOTH ,2020-04-12 18:41:24,671
HOTH ,2020-04-12 19:41:23,671
HOTH ,2020-04-12 20:41:26,671
HOTH ,2020-04-12 21:41:24,671
HOTH ,2020-04-12 22:41:26,671
HOTH ,2020-04-12 23:41:26,671
HOTH ,2020-04-13 00:41:29,671
HOTH ,2020-04-13 01:41:25,671
HOTH ,2020-04-13 02:41:25,671
HOTH ,2020-04-13 03:41:33,671
HOTH ,2020-04-13 04:41:26,671
HOTH ,2020-04-13 05:41:27,671
HOTH ,2020-04-13 06:41:23,671
HOTH ,2020-04-13 07:41:21,671
HOTH ,2020-04-13 08:41:24,671
HOTH ,2020-04-13 09:41:22,671
HOTH ,2020-04-13 10:41:22,671
HOTH ,2020-04-13 11:41:26,671
HOTH ,2020-04-13 13:07:05,671
HOTH ,2020-04-13 13:41:22,671
HOTH ,2020-04-13 14:41:22,669
HOTH ,2020-04-13 15:41:24,666
HOTH ,2020-04-13 16:41:24,664
HOTH ,2020-04-13 17:41:26,664
HOTH ,2020-04-13 18:41:22,663
HOTH ,2020-04-13 19:41:23,664
HOTH ,2020-04-13 20:41:24,661
HOTH ,2020-04-13 21:41:26,661
HOTH ,2020-04-13 22:41:24,661
HOTH ,2020-04-13 23:41:23,661
HOTH ,2020-04-14 00:41:31,661
HOTH ,2020-04-14 01:41:28,661
HOTH ,2020-04-14 02:41:28,661
HOTH ,2020-04-14 03:41:28,661
HOTH ,2020-04-14 04:41:27,661
HOTH ,2020-04-14 05:41:30,661
HOTH ,2020-04-14 06:41:25,661
HOTH ,2020-04-14 07:41:23,661
HOTH ,2020-04-14 08:41:24,661
HOTH ,2020-04-14 09:41:24,661
HOTH ,2020-04-14 10:41:23,661
HOTH ,2020-04-14 11:41:24,661
HOTH ,2020-04-14 12:41:23,661
HOTH ,2020-04-14 13:41:24,658
HOTH ,2020-04-14 14:41:26,661
HOTH ,2020-04-14 15:41:26,663
HOTH ,2020-04-14 16:41:30,663
HOTH ,2020-04-14 17:41:21,664
HOTH ,2020-04-14 18:41:28,663
HOTH ,2020-04-14 19:41:25,663
HOTH ,2020-04-14 20:41:24,663
HOTH ,2020-04-14 21:41:25,663
HOTH ,2020-04-14 22:41:25,663
HOTH ,2020-04-14 23:41:30,663
HOTH ,2020-04-15 00:41:28,663
HOTH ,2020-04-15 01:41:27,663
HOTH ,2020-04-15 02:41:26,663
HOTH ,2020-04-15 03:41:28,663
HOTH ,2020-04-15 04:41:29,663
HOTH ,2020-04-15 05:41:24,663
HOTH ,2020-04-15 06:41:25,663
HOTH ,2020-04-15 07:41:25,663
HOTH ,2020-04-15 08:41:26,663
HOTH ,2020-04-15 09:41:25,663
HOTH ,2020-04-15 10:41:24,663
HOTH ,2020-04-15 11:41:23,663
HOTH ,2020-04-15 13:10:07,664
HOTH ,2020-04-15 13:41:30,664
HOTH ,2020-04-15 14:41:23,660
HOTH ,2020-04-15 15:41:22,657
HOTH ,2020-04-15 16:41:27,655
HOTH ,2020-04-15 17:41:22,655
HOTH ,2020-04-15 18:41:23,656
HOTH ,2020-04-15 19:41:25,655
HOTH ,2020-04-15 20:41:24,655
HOTH ,2020-04-15 21:41:25,655
HOTH ,2020-04-15 22:41:26,655
HOTH ,2020-04-15 23:41:24,655
HOTH ,2020-04-16 00:41:29,655
HOTH ,2020-04-16 01:41:28,655
HOTH ,2020-04-16 02:41:29,655
HOTH ,2020-04-16 03:41:29,655
HOTH ,2020-04-16 04:41:31,655
HOTH ,2020-04-16 05:41:26,655
HOTH ,2020-04-16 06:41:27,655
HOTH ,2020-04-16 07:41:24,655
HOTH ,2020-04-16 08:41:24,655
HOTH ,2020-04-16 09:41:23,655
HOTH ,2020-04-16 10:41:23,655
HOTH ,2020-04-16 11:41:24,655
HOTH ,2020-04-16 12:41:25,655
HOTH ,2020-04-16 13:41:25,655
HOTH ,2020-04-16 14:41:23,654
HOTH ,2020-04-16 15:41:29,651
HOTH ,2020-04-16 16:41:29,653
HOTH ,2020-04-16 17:41:25,652
HOTH ,2020-04-16 18:41:28,652
HOTH ,2020-04-16 19:41:24,650
HOTH ,2020-04-16 20:41:24,650
HOTH ,2020-04-16 21:41:31,650
HOTH ,2020-04-16 22:41:24,650
HOTH ,2020-04-16 23:41:29,650
HOTH ,2020-04-17 00:41:29,650
HOTH ,2020-04-17 01:41:25,650
HOTH ,2020-04-17 02:41:28,650
HOTH ,2020-04-17 03:41:25,650
HOTH ,2020-04-17 04:41:23,650
HOTH ,2020-04-17 05:41:25,650
HOTH ,2020-04-17 06:41:27,650
HOTH ,2020-04-17 07:41:36,650
HOTH ,2020-04-17 08:41:26,650
HOTH ,2020-04-17 09:41:24,650
HOTH ,2020-04-17 10:41:24,650
HOTH ,2020-04-17 11:41:22,650
HOTH ,2020-04-17 13:07:06,650
HOTH ,2020-04-17 13:41:27,650
HOTH ,2020-04-17 14:41:24,653
HOTH ,2020-04-17 15:41:25,650
HOTH ,2020-04-17 16:41:23,650
HOTH ,2020-04-17 17:41:24,651
HOTH ,2020-04-17 18:41:27,652
HOTH ,2020-04-17 19:41:26,652
HOTH ,2020-04-17 20:41:28,652
HOTH ,2020-04-17 21:41:27,652
HOTH ,2020-04-17 22:41:26,650
HOTH ,2020-04-17 23:41:28,650
HOTH ,2020-04-18 00:41:27,650
HOTH ,2020-04-18 01:41:26,650
HOTH ,2020-04-18 02:41:25,650
HOTH ,2020-04-18 03:41:26,650
HOTH ,2020-04-18 04:41:28,650
HOTH ,2020-04-18 05:41:27,650
HOTH ,2020-04-18 06:41:25,650
HOTH ,2020-04-18 07:41:23,650
HOTH ,2020-04-18 08:41:27,650
HOTH ,2020-04-18 09:41:21,650
HOTH ,2020-04-18 10:41:24,650
HOTH ,2020-04-18 11:41:23,650
HOTH ,2020-04-18 12:41:21,650
HOTH ,2020-04-18 13:41:26,650
HOTH ,2020-04-18 14:41:25,650
HOTH ,2020-04-18 15:41:23,650
HOTH ,2020-04-18 16:41:22,650
HOTH ,2020-04-18 17:41:27,650
HOTH ,2020-04-18 18:41:24,650
HOTH ,2020-04-18 19:41:21,650
HOTH ,2020-04-18 20:41:26,650
HOTH ,2020-04-18 21:41:23,650
HOTH ,2020-04-18 22:41:27,650
HOTH ,2020-04-18 23:41:28,650
HOTH ,2020-04-19 00:41:28,650
HOTH ,2020-04-19 01:41:30,650
HOTH ,2020-04-19 02:41:29,650
HOTH ,2020-04-19 03:41:28,650
HOTH ,2020-04-19 04:41:33,650
HOTH ,2020-04-19 05:41:27,650
HOTH ,2020-04-19 06:41:27,650
HOTH ,2020-04-19 07:41:28,650
HOTH ,2020-04-19 08:41:24,650
HOTH ,2020-04-19 09:41:25,650
HOTH ,2020-04-19 10:41:24,650
HOTH ,2020-04-19 11:41:21,650
HOTH ,2020-04-19 12:41:22,650
HOTH ,2020-04-19 13:41:28,650
HOTH ,2020-04-19 14:41:22,650
HOTH ,2020-04-19 15:41:22,650
HOTH ,2020-04-19 16:41:25,650
HOTH ,2020-04-19 17:41:30,650
HOTH ,2020-04-19 18:41:24,650
HOTH ,2020-04-19 19:41:23,650
HOTH ,2020-04-19 20:41:22,650
HOTH ,2020-04-19 21:41:31,650
HOTH ,2020-04-19 22:41:29,650
HOTH ,2020-04-19 23:41:28,650
HOTH ,2020-04-20 00:41:30,650
HOTH ,2020-04-20 01:41:29,650
HOTH ,2020-04-20 02:41:31,650
HOTH ,2020-04-20 03:41:32,650
HOTH ,2020-04-20 04:41:30,650
HOTH ,2020-04-20 05:41:36,650
HOTH ,2020-04-20 06:41:28,650
HOTH ,2020-04-20 07:41:23,650
HOTH ,2020-04-20 08:41:24,650
HOTH ,2020-04-20 09:41:24,650
HOTH ,2020-04-20 10:41:23,650
HOTH ,2020-04-20 11:41:24,650
HOTH ,2020-04-20 12:41:24,650
HOTH ,2020-04-20 13:41:26,650
HOTH ,2020-04-20 14:41:27,646
HOTH ,2020-04-20 15:41:25,645
HOTH ,2020-04-20 16:41:27,646
HOTH ,2020-04-20 17:41:25,644
HOTH ,2020-04-20 18:41:28,641
HOTH ,2020-04-20 20:41:40,639
HOTH ,2020-04-20 21:41:34,639
HOTH ,2020-04-20 22:41:40,639
HOTH ,2020-04-20 23:41:29,639
HOTH ,2020-04-21 00:41:29,639
HOTH ,2020-04-21 01:41:28,639
HOTH ,2020-04-21 02:41:29,639
HOTH ,2020-04-21 03:41:47,639
HOTH ,2020-04-21 04:41:53,639
HOTH ,2020-04-21 05:42:07,639
HOTH ,2020-04-21 06:41:31,639
HOTH ,2020-04-21 07:41:26,639
HOTH ,2020-04-21 08:41:25,639
HOTH ,2020-04-21 09:41:24,639
HOTH ,2020-04-21 10:41:24,639
HOTH ,2020-04-21 11:41:24,639
HOTH ,2020-04-21 12:41:26,639
HOTH ,2020-04-21 13:41:29,639
HOTH ,2020-04-21 14:41:33,639
HOTH ,2020-04-21 15:41:25,640
HOTH ,2020-04-21 16:41:25,642
HOTH ,2020-04-21 17:41:31,642
HOTH ,2020-04-21 18:41:26,641
HOTH ,2020-04-21 19:41:27,640
HOTH ,2020-04-21 20:41:30,639
HOTH ,2020-04-21 21:41:32,639
HOTH ,2020-04-21 22:41:33,639
HOTH ,2020-04-21 23:41:26,639
HOTH ,2020-04-22 00:41:29,639
HOTH ,2020-04-22 01:41:32,639
HOTH ,2020-04-22 02:41:31,639
HOTH ,2020-04-22 03:41:26,639
HOTH ,2020-04-22 04:41:26,639
HOTH ,2020-04-22 05:41:27,639
HOTH ,2020-04-22 06:41:29,639
HOTH ,2020-04-22 07:41:28,639
HOTH ,2020-04-22 08:41:25,639
HOTH ,2020-04-22 09:41:27,639
HOTH ,2020-04-22 10:41:33,639
HOTH ,2020-04-22 11:41:24,639
HOTH ,2020-04-22 12:41:27,639
HOTH ,2020-04-22 13:41:25,638
HOTH ,2020-04-22 14:41:26,676
HOTH ,2020-04-22 15:41:25,697
HOTH ,2020-04-22 16:41:31,705
HOTH ,2020-04-22 17:41:34,710
HOTH ,2020-04-22 18:41:29,711
HOTH ,2020-04-22 19:41:26,734
HOTH ,2020-04-22 20:41:27,796
HOTH ,2020-04-22 21:41:30,807
HOTH ,2020-04-22 22:41:28,816
HOTH ,2020-04-22 23:41:30,816
HOTH ,2020-04-23 00:41:26,816
HOTH ,2020-04-23 01:41:28,816
HOTH ,2020-04-23 02:41:31,816
HOTH ,2020-04-23 03:41:32,816
HOTH ,2020-04-23 04:41:31,816
HOTH ,2020-04-23 05:41:25,816
HOTH ,2020-04-23 06:41:26,815
HOTH ,2020-04-23 07:41:28,815
HOTH ,2020-04-23 08:41:26,815
HOTH ,2020-04-23 09:41:23,815
HOTH ,2020-04-23 10:41:26,815
HOTH ,2020-04-23 11:41:30,815
HOTH ,2020-04-23 12:41:24,815
HOTH ,2020-04-23 13:41:24,815
HOTH ,2020-04-23 14:41:25,828
HOTH ,2020-04-23 15:41:26,781
HOTH ,2020-04-23 16:41:31,772
HOTH ,2020-04-23 17:41:25,773
HOTH ,2020-04-23 18:41:27,776
HOTH ,2020-04-23 19:41:25,779
HOTH ,2020-04-23 20:41:31,792
HOTH ,2020-04-23 21:41:29,796
HOTH ,2020-04-23 22:41:25,802
HOTH ,2020-04-23 23:41:26,802
HOTH ,2020-04-24 00:41:31,802
HOTH ,2020-04-24 01:41:40,802
HOTH ,2020-04-24 02:41:25,802
HOTH ,2020-04-24 03:41:32,802
HOTH ,2020-04-24 04:41:25,802
HOTH ,2020-04-24 05:41:25,802
HOTH ,2020-04-24 06:41:26,802
HOTH ,2020-04-24 07:41:23,802
HOTH ,2020-04-24 08:41:31,802
HOTH ,2020-04-24 09:41:25,802
HOTH ,2020-04-24 10:41:24,802
HOTH ,2020-04-24 11:41:24,802
HOTH ,2020-04-24 13:08:07,804
HOTH ,2020-04-24 13:41:34,804
HOTH ,2020-04-24 14:41:29,824
HOTH ,2020-04-24 15:41:26,829
HOTH ,2020-04-24 16:41:26,815
HOTH ,2020-04-24 17:41:27,811
HOTH ,2020-04-24 18:41:29,811
HOTH ,2020-04-24 19:41:26,809
HOTH ,2020-04-24 20:41:30,806
HOTH ,2020-04-24 21:41:30,806
HOTH ,2020-04-24 22:41:35,807
HOTH ,2020-04-24 23:41:28,807
HOTH ,2020-04-25 00:41:36,807
HOTH ,2020-04-25 01:41:32,807
HOTH ,2020-04-25 02:41:31,807
HOTH ,2020-04-25 03:41:29,807
HOTH ,2020-04-25 04:41:32,807
HOTH ,2020-04-25 05:41:32,807
HOTH ,2020-04-25 06:41:28,807
HOTH ,2020-04-25 07:41:26,807
HOTH ,2020-04-25 08:41:27,807
HOTH ,2020-04-25 09:41:26,807
HOTH ,2020-04-25 10:41:25,807
HOTH ,2020-04-25 11:41:27,807
HOTH ,2020-04-25 12:41:25,807
HOTH ,2020-04-25 13:41:31,807
HOTH ,2020-04-25 14:41:27,807
HOTH ,2020-04-25 15:41:27,807
HOTH ,2020-04-25 16:41:28,807
HOTH ,2020-04-25 17:41:28,807
HOTH ,2020-04-25 18:41:26,807
HOTH ,2020-04-25 19:41:29,807
HOTH ,2020-04-25 20:41:27,807
HOTH ,2020-04-25 21:41:26,807
HOTH ,2020-04-25 22:41:29,807
HOTH ,2020-04-25 23:41:31,807
HOTH ,2020-04-26 00:41:25,807
HOTH ,2020-04-26 01:41:30,807
HOTH ,2020-04-26 02:41:29,807
HOTH ,2020-04-26 03:41:31,807
HOTH ,2020-04-26 04:41:25,807
HOTH ,2020-04-26 05:41:34,807
HOTH ,2020-04-26 06:41:30,807
HOTH ,2020-04-26 07:41:27,807
HOTH ,2020-04-26 08:41:26,807
HOTH ,2020-04-26 09:41:26,807
HOTH ,2020-04-26 10:41:25,807
HOTH ,2020-04-26 11:41:29,807
HOTH ,2020-04-26 12:41:26,807
HOTH ,2020-04-26 13:41:24,807
HOTH ,2020-04-26 14:41:25,807
HOTH ,2020-04-26 15:41:27,807
HOTH ,2020-04-26 16:41:26,807
HOTH ,2020-04-26 17:41:26,807
HOTH ,2020-04-26 18:41:27,807
HOTH ,2020-04-26 19:41:28,807
HOTH ,2020-04-26 20:41:25,807
HOTH ,2020-04-26 21:41:26,807
HOTH ,2020-04-26 22:41:29,807
HOTH ,2020-04-26 23:41:33,807
HOTH ,2020-04-27 00:41:33,807
HOTH ,2020-04-27 01:41:33,807
HOTH ,2020-04-27 02:41:30,807
HOTH ,2020-04-27 03:41:34,807
HOTH ,2020-04-27 04:41:34,807
HOTH ,2020-04-27 05:41:29,807
HOTH ,2020-04-27 06:41:27,807
HOTH ,2020-04-27 07:41:26,807
HOTH ,2020-04-27 08:41:28,807
HOTH ,2020-04-27 09:41:27,807
HOTH ,2020-04-27 10:41:26,807
HOTH ,2020-04-27 11:41:23,807
HOTH ,2020-04-27 12:41:26,807
HOTH ,2020-04-27 13:41:35,807
HOTH ,2020-04-27 14:41:30,790
HOTH ,2020-04-27 15:41:28,784
HOTH ,2020-04-27 16:41:25,777
HOTH ,2020-04-27 17:41:28,769
HOTH ,2020-04-27 18:41:27,759
HOTH ,2020-04-27 19:41:27,748
HOTH ,2020-04-27 20:41:27,737
HOTH ,2020-04-27 21:41:33,738
HOTH ,2020-04-27 22:41:31,738
HOTH ,2020-04-27 23:41:32,738
HOTH ,2020-04-28 00:41:39,738
HOTH ,2020-04-28 01:41:29,738
HOTH ,2020-04-28 02:41:37,738
HOTH ,2020-04-28 03:41:35,738
HOTH ,2020-04-28 04:41:37,738
HOTH ,2020-04-28 05:41:27,738
HOTH ,2020-04-28 06:41:28,738
HOTH ,2020-04-28 07:41:33,738
HOTH ,2020-04-28 08:41:28,738
HOTH ,2020-04-28 09:41:28,738
HOTH ,2020-04-28 10:41:25,738
HOTH ,2020-04-28 11:41:28,738
HOTH ,2020-04-28 12:41:29,738
HOTH ,2020-04-28 13:41:27,738
HOTH ,2020-04-28 14:41:35,722
HOTH ,2020-04-28 15:41:32,719
HOTH ,2020-04-28 16:41:27,718
HOTH ,2020-04-28 17:41:32,717
HOTH ,2020-04-28 18:41:32,715
HOTH ,2020-04-28 19:41:27,710
HOTH ,2020-04-28 20:41:28,708
HOTH ,2020-04-28 21:41:29,708
HOTH ,2020-04-28 22:41:27,708
HOTH ,2020-04-28 23:41:27,708
HOTH ,2020-04-29 00:41:36,708
HOTH ,2020-04-29 01:41:40,708
HOTH ,2020-04-29 02:41:33,708
HOTH ,2020-04-29 03:41:27,708
HOTH ,2020-04-29 04:41:33,708
HOTH ,2020-04-29 05:41:26,708
HOTH ,2020-04-29 06:41:29,708
HOTH ,2020-04-29 07:41:29,708
HOTH ,2020-04-29 08:41:26,708
HOTH ,2020-04-29 09:41:31,708
HOTH ,2020-04-29 10:41:31,708
HOTH ,2020-04-29 11:41:25,708
HOTH ,2020-04-29 13:06:06,708
HOTH ,2020-04-29 13:41:29,708
HOTH ,2020-04-29 14:41:26,706
HOTH ,2020-04-29 15:41:25,705
HOTH ,2020-04-29 16:41:30,703
HOTH ,2020-04-29 17:41:28,703
HOTH ,2020-04-29 18:41:36,702
HOTH ,2020-04-29 19:41:35,703
HOTH ,2020-04-29 20:41:28,701
HOTH ,2020-04-29 21:41:35,701
HOTH ,2020-04-29 22:41:35,701
HOTH ,2020-04-29 23:41:34,701
HOTH ,2020-04-30 00:41:35,701
HOTH ,2020-04-30 01:41:34,701
HOTH ,2020-04-30 02:41:42,701
HOTH ,2020-04-30 03:41:38,701
HOTH ,2020-04-30 04:41:34,701
HOTH ,2020-04-30 05:41:30,701
HOTH ,2020-04-30 06:41:29,701
HOTH ,2020-04-30 07:41:28,701
HOTH ,2020-04-30 08:41:29,701
HOTH ,2020-04-30 09:41:29,701
HOTH ,2020-04-30 10:41:26,701
HOTH ,2020-04-30 11:41:28,701
HOTH ,2020-04-30 12:41:27,701
HOTH ,2020-04-30 13:41:29,702
HOTH ,2020-04-30 14:41:33,696
HOTH ,2020-04-30 15:41:26,693
HOTH ,2020-04-30 16:41:27,693
HOTH ,2020-04-30 17:41:57,689
HOTH ,2020-04-30 18:41:32,690
HOTH ,2020-04-30 20:41:29,692
HOTH ,2020-04-30 21:41:29,692
HOTH ,2020-04-30 22:41:29,692
HOTH ,2020-04-30 23:41:28,692
HOTH ,2020-05-01 00:41:35,692
HOTH ,2020-05-01 01:41:34,692
HOTH ,2020-05-01 02:41:28,692
HOTH ,2020-05-01 03:41:27,692
HOTH ,2020-05-01 04:41:29,692
HOTH ,2020-05-01 05:41:30,692
HOTH ,2020-05-01 06:41:28,692
HOTH ,2020-05-01 07:41:30,692
HOTH ,2020-05-01 08:41:27,692
HOTH ,2020-05-01 09:41:27,692
HOTH ,2020-05-01 10:41:26,692
HOTH ,2020-05-01 11:41:27,692
HOTH ,2020-05-01 13:07:08,691
HOTH ,2020-05-01 13:41:36,691
HOTH ,2020-05-01 14:41:26,689
HOTH ,2020-05-01 15:41:28,687
HOTH ,2020-05-01 16:41:31,687
HOTH ,2020-05-01 17:41:31,687
HOTH ,2020-05-01 18:41:27,686
HOTH ,2020-05-01 19:41:29,685
HOTH ,2020-05-01 20:41:26,685
HOTH ,2020-05-01 21:41:35,685
HOTH ,2020-05-01 22:41:28,685
HOTH ,2020-05-01 23:41:27,685
HOTH ,2020-05-02 00:41:28,685
HOTH ,2020-05-02 01:41:34,685
HOTH ,2020-05-02 02:41:33,685
HOTH ,2020-05-02 03:41:29,685
HOTH ,2020-05-02 04:41:27,685
HOTH ,2020-05-02 05:41:32,684
HOTH ,2020-05-02 06:41:28,684
HOTH ,2020-05-02 07:41:33,684
HOTH ,2020-05-02 08:41:28,684
HOTH ,2020-05-02 09:41:28,684
HOTH ,2020-05-02 10:41:26,684
HOTH ,2020-05-02 11:41:27,684
HOTH ,2020-05-02 12:41:26,684
HOTH ,2020-05-02 13:41:29,684
HOTH ,2020-05-02 14:41:30,684
HOTH ,2020-05-02 15:41:28,684
HOTH ,2020-05-02 16:41:31,684
HOTH ,2020-05-02 17:41:29,684
HOTH ,2020-05-02 18:41:32,684
HOTH ,2020-05-02 19:41:28,684
HOTH ,2020-05-02 20:41:27,684
HOTH ,2020-05-02 21:41:27,684
HOTH ,2020-05-02 22:41:26,684
HOTH ,2020-05-02 23:41:33,684
HOTH ,2020-05-03 00:41:28,684
HOTH ,2020-05-03 01:41:35,684
HOTH ,2020-05-03 02:41:33,684
HOTH ,2020-05-03 03:41:32,684
HOTH ,2020-05-03 04:41:33,684
HOTH ,2020-05-03 05:41:29,684
HOTH ,2020-05-03 06:41:28,684
HOTH ,2020-05-03 07:41:30,684
HOTH ,2020-05-03 08:41:30,684
HOTH ,2020-05-03 09:41:35,684
HOTH ,2020-05-03 10:41:29,684
HOTH ,2020-05-03 11:41:27,684
HOTH ,2020-05-03 12:41:27,684
HOTH ,2020-05-03 13:41:28,684
HOTH ,2020-05-03 14:41:31,684
HOTH ,2020-05-03 15:41:29,684
HOTH ,2020-05-03 16:41:33,684
HOTH ,2020-05-03 17:41:34,684
HOTH ,2020-05-03 18:41:27,684
HOTH ,2020-05-03 19:41:40,684
HOTH ,2020-05-03 20:41:34,684
HOTH ,2020-05-03 21:41:31,684
HOTH ,2020-05-03 22:41:34,684
HOTH ,2020-05-03 23:41:34,684
HOTH ,2020-05-04 00:41:33,684
HOTH ,2020-05-04 01:41:34,684
HOTH ,2020-05-04 02:41:33,684
HOTH ,2020-05-04 03:41:33,684
HOTH ,2020-05-04 04:41:28,684
HOTH ,2020-05-04 05:41:30,684
HOTH ,2020-05-04 06:41:30,684
HOTH ,2020-05-04 09:28:14,684
HOTH ,2020-05-04 10:47:10,684
HOTH ,2020-05-04 10:54:59,684
HOTH ,2020-05-04 11:02:34,684
HOTH ,2020-05-04 11:41:33,684
HOTH ,2020-05-04 13:06:10,684
HOTH ,2020-05-04 13:41:30,684
HOTH ,2020-05-04 14:41:30,684
HOTH ,2020-05-04 15:41:29,682
HOTH ,2020-05-04 16:41:30,682
HOTH ,2020-05-04 17:41:28,683
HOTH ,2020-05-04 18:41:27,682
HOTH ,2020-05-04 19:41:34,680
HOTH ,2020-05-04 20:41:34,679
HOTH ,2020-05-04 21:41:35,679
HOTH ,2020-05-04 22:41:28,679
HOTH ,2020-05-04 23:41:29,679
HOTH ,2020-05-05 00:41:27,679
HOTH ,2020-05-05 01:41:33,679
HOTH ,2020-05-05 02:41:27,679
HOTH ,2020-05-05 03:41:32,679
HOTH ,2020-05-05 04:41:28,679
HOTH ,2020-05-05 05:41:29,679
HOTH ,2020-05-05 06:41:30,679
HOTH ,2020-05-05 07:41:31,679
HOTH ,2020-05-05 08:41:37,679
HOTH ,2020-05-05 09:41:27,679
HOTH ,2020-05-05 10:41:27,679
HOTH ,2020-05-05 11:41:35,679
HOTH ,2020-05-05 12:41:30,679
HOTH ,2020-05-05 13:41:30,679
HOTH ,2020-05-05 14:41:28,681
HOTH ,2020-05-05 15:41:29,680
HOTH ,2020-05-05 16:41:31,676
HOTH ,2020-05-05 17:41:29,675
HOTH ,2020-05-05 18:41:29,676
HOTH ,2020-05-05 19:41:35,675
HOTH ,2020-05-05 20:41:31,673
HOTH ,2020-05-05 21:41:27,673
HOTH ,2020-05-05 22:41:27,673
HOTH ,2020-05-05 23:41:36,673
HOTH ,2020-05-06 00:41:31,673
HOTH ,2020-05-06 01:41:31,673
HOTH ,2020-05-06 02:41:29,673
HOTH ,2020-05-06 03:41:26,673
HOTH ,2020-05-06 04:41:30,673
HOTH ,2020-05-06 05:41:31,673
HOTH ,2020-05-06 06:41:27,673
HOTH ,2020-05-06 17:41:44,663
HOTH ,2020-05-06 18:41:38,662
HOTH ,2020-05-06 19:41:30,663
HOTH ,2020-05-06 20:41:33,663
HOTH ,2020-05-06 21:41:38,663
HOTH ,2020-05-06 22:41:35,663
HOTH ,2020-05-06 23:41:36,663
HOTH ,2020-05-07 00:41:37,663
HOTH ,2020-05-07 01:41:31,663
HOTH ,2020-05-07 02:41:26,663
HOTH ,2020-05-07 03:41:30,663
HOTH ,2020-05-07 04:41:32,663
HOTH ,2020-05-07 05:41:29,663
HOTH ,2020-05-07 06:41:30,663
HOTH ,2020-05-07 08:41:31,663
HOTH ,2020-05-07 09:41:30,663
HOTH ,2020-05-07 10:41:34,663
HOTH ,2020-05-07 11:41:31,663
HOTH ,2020-05-07 12:41:32,663
HOTH ,2020-05-07 13:41:33,663
HOTH ,2020-05-07 14:41:35,663
HOTH ,2020-05-07 15:41:29,661
HOTH ,2020-05-07 16:41:31,659
HOTH ,2020-05-07 17:41:28,658
HOTH ,2020-05-07 18:41:27,658
HOTH ,2020-05-07 19:41:37,658
HOTH ,2020-05-07 20:41:27,656
HOTH ,2020-05-07 21:41:28,656
HOTH ,2020-05-07 22:41:28,656
HOTH ,2020-05-07 23:41:31,656
HOTH ,2020-05-08 00:41:30,656
HOTH ,2020-05-08 01:41:26,656
HOTH ,2020-05-08 02:41:27,656
HOTH ,2020-05-08 03:41:30,656
HOTH ,2020-05-08 04:41:27,656
HOTH ,2020-05-08 05:41:28,656
HOTH ,2020-05-08 06:41:28,656
HOTH ,2020-05-08 07:41:31,656
HOTH ,2020-05-08 08:41:32,656
HOTH ,2020-05-08 09:41:32,656
HOTH ,2020-05-08 10:41:30,656
HOTH ,2020-05-08 11:41:30,656
HOTH ,2020-05-08 13:06:09,656
HOTH ,2020-05-08 13:41:32,656
HOTH ,2020-05-08 14:41:30,656
HOTH ,2020-05-08 15:41:30,656
HOTH ,2020-05-08 16:41:36,653
HOTH ,2020-05-08 17:41:31,651
HOTH ,2020-05-08 18:41:32,648
HOTH ,2020-05-08 19:41:28,646
HOTH ,2020-05-08 20:41:31,647
HOTH ,2020-05-08 21:41:29,647
HOTH ,2020-05-08 22:41:31,647
HOTH ,2020-05-08 23:41:31,647
HOTH ,2020-05-09 00:41:28,647
HOTH ,2020-05-09 01:41:37,647
HOTH ,2020-05-09 02:41:30,647
HOTH ,2020-05-09 03:41:36,647
HOTH ,2020-05-09 04:41:29,647
HOTH ,2020-05-09 05:41:32,647
HOTH ,2020-05-09 06:41:32,647
HOTH ,2020-05-09 07:41:27,647
HOTH ,2020-05-09 08:41:31,647
HOTH ,2020-05-09 09:41:29,647
HOTH ,2020-05-09 10:41:29,647
HOTH ,2020-05-09 11:41:27,647
HOTH ,2020-05-09 12:41:29,647
HOTH ,2020-05-09 13:41:29,647
HOTH ,2020-05-09 14:41:29,647
HOTH ,2020-05-09 15:41:30,647
HOTH ,2020-05-09 16:41:27,647
HOTH ,2020-05-09 17:41:30,647
HOTH ,2020-05-09 18:41:29,647
HOTH ,2020-05-09 19:41:28,647
HOTH ,2020-05-09 20:41:28,647
HOTH ,2020-05-09 21:41:30,647
HOTH ,2020-05-09 22:41:30,647
HOTH ,2020-05-09 23:41:30,647
HOTH ,2020-05-10 00:41:35,647
HOTH ,2020-05-10 01:41:30,647
HOTH ,2020-05-10 02:41:36,647
HOTH ,2020-05-10 03:41:32,647
HOTH ,2020-05-10 04:41:32,647
HOTH ,2020-05-10 05:41:32,647
HOTH ,2020-05-10 06:41:30,647
HOTH ,2020-05-10 07:41:32,647
HOTH ,2020-05-10 08:41:31,647
HOTH ,2020-05-10 09:41:32,647
HOTH ,2020-05-10 10:41:30,647
HOTH ,2020-05-10 11:41:31,647
HOTH ,2020-05-10 12:41:30,647
HOTH ,2020-05-10 13:41:30,647
HOTH ,2020-05-10 14:41:28,647
HOTH ,2020-05-10 15:41:30,647
HOTH ,2020-05-10 16:41:33,647
HOTH ,2020-05-10 17:41:30,647
HOTH ,2020-05-10 18:41:31,647
HOTH ,2020-05-10 19:41:30,647
HOTH ,2020-05-10 20:41:32,647
HOTH ,2020-05-10 21:41:30,647
HOTH ,2020-05-10 22:41:29,647
HOTH ,2020-05-10 23:41:31,647
HOTH ,2020-05-11 00:41:32,647
HOTH ,2020-05-11 01:41:28,647
HOTH ,2020-05-11 02:41:30,647
HOTH ,2020-05-11 03:41:37,647
HOTH ,2020-05-11 04:41:30,647
HOTH ,2020-05-11 05:41:32,647
HOTH ,2020-05-11 06:41:29,647
HOTH ,2020-05-11 07:41:30,647
HOTH ,2020-05-11 08:41:34,647
HOTH ,2020-05-11 09:43:33,647
HOTH ,2020-05-11 10:41:30,647
HOTH ,2020-05-11 11:41:28,647
HOTH ,2020-05-11 13:05:10,647
HOTH ,2020-05-11 13:41:36,647
HOTH ,2020-05-11 14:41:35,644
HOTH ,2020-05-11 15:41:38,641
HOTH ,2020-05-11 16:41:33,639
HOTH ,2020-05-11 17:41:33,637
HOTH ,2020-05-11 18:41:33,640
HOTH ,2020-05-11 19:41:31,639
HOTH ,2020-05-11 20:41:31,637
HOTH ,2020-05-11 21:41:32,638
HOTH ,2020-05-11 22:41:29,638
HOTH ,2020-05-11 23:41:34,638
HOTH ,2020-05-12 00:41:33,638
HOTH ,2020-05-12 01:41:32,638
HOTH ,2020-05-12 02:41:31,638
HOTH ,2020-05-12 03:41:29,638
HOTH ,2020-05-12 04:41:31,638
HOTH ,2020-05-12 05:41:32,638
HOTH ,2020-05-12 06:41:35,638
HOTH ,2020-05-12 07:41:31,638
HOTH ,2020-05-12 08:41:32,638
HOTH ,2020-05-12 09:41:32,638
HOTH ,2020-05-12 10:41:33,638
HOTH ,2020-05-12 11:41:30,638
HOTH ,2020-05-12 13:11:10,638
HOTH ,2020-05-12 17:41:29,632
HOTH ,2020-05-12 18:41:30,629
HOTH ,2020-05-12 19:41:35,626
HOTH ,2020-05-12 20:41:37,623
HOTH ,2020-05-12 21:41:38,623
HOTH ,2020-05-12 22:41:29,623
HOTH ,2020-05-12 23:41:29,623
HOTH ,2020-05-13 00:41:36,623
HOTH ,2020-05-13 01:41:31,623
HOTH ,2020-05-13 02:41:36,623
HOTH ,2020-05-13 03:41:38,623
HOTH ,2020-05-13 06:41:31,623
HOTH ,2020-05-13 07:41:37,623
HOTH ,2020-05-13 08:41:35,623
HOTH ,2020-05-13 09:41:29,623
HOTH ,2020-05-13 10:41:31,623
HOTH ,2020-05-13 11:41:29,623
HOTH ,2020-05-13 12:41:30,623
HOTH ,2020-05-13 13:41:29,623
HOTH ,2020-05-13 14:41:30,623
HOTH ,2020-05-13 15:41:31,622
HOTH ,2020-05-13 16:41:39,621
HOTH ,2020-05-13 17:41:31,619
HOTH ,2020-05-13 18:41:35,618
HOTH ,2020-05-13 19:41:31,618
HOTH ,2020-05-13 20:41:31,615
HOTH ,2020-05-13 21:41:29,615
HOTH ,2020-05-13 22:41:32,615
HOTH ,2020-05-13 23:41:32,615
HOTH ,2020-05-14 00:41:30,615
HOTH ,2020-05-14 01:41:33,615
HOTH ,2020-05-14 02:41:30,615
HOTH ,2020-05-14 03:41:32,615
HOTH ,2020-05-14 04:41:31,615
HOTH ,2020-05-14 05:41:34,615
HOTH ,2020-05-14 06:41:33,615
HOTH ,2020-05-14 07:41:32,615
HOTH ,2020-05-14 08:41:34,615
HOTH ,2020-05-14 09:41:30,615
HOTH ,2020-05-14 10:41:32,615
HOTH ,2020-05-14 11:41:32,615
HOTH ,2020-05-14 12:41:33,615
HOTH ,2020-05-14 13:41:34,615
HOTH ,2020-05-14 14:41:33,615
HOTH ,2020-05-14 15:41:31,611
HOTH ,2020-05-14 16:41:30,610
HOTH ,2020-05-14 17:41:30,610
HOTH ,2020-05-14 18:41:34,609
HOTH ,2020-05-14 19:41:36,609
HOTH ,2020-05-14 20:41:30,607
HOTH ,2020-05-14 21:41:31,607
HOTH ,2020-05-14 22:41:36,607
HOTH ,2020-05-14 23:41:33,607
HOTH ,2020-05-15 00:41:37,607
HOTH ,2020-05-15 01:41:56,607
HOTH ,2020-05-15 02:41:37,607
HOTH ,2020-05-15 03:41:37,607
HOTH ,2020-05-15 04:41:37,607
HOTH ,2020-05-15 05:41:32,607
HOTH ,2020-05-15 06:41:36,607
HOTH ,2020-05-15 07:41:31,607
HOTH ,2020-05-15 08:41:32,607
HOTH ,2020-05-15 09:41:38,607
HOTH ,2020-05-15 10:41:29,607
HOTH ,2020-05-15 11:41:31,607
HOTH ,2020-05-15 12:41:32,607
HOTH ,2020-05-15 13:41:32,607
HOTH ,2020-05-15 14:41:29,607
HOTH ,2020-05-15 15:41:31,606
HOTH ,2020-05-15 16:41:29,604
HOTH ,2020-05-15 17:41:36,603
HOTH ,2020-05-15 18:41:30,603
HOTH ,2020-05-15 19:41:33,602
HOTH ,2020-05-15 20:41:32,601
HOTH ,2020-05-15 21:41:31,601
HOTH ,2020-05-15 22:41:30,601
HOTH ,2020-05-15 23:41:29,601
HOTH ,2020-05-16 00:41:35,601
HOTH ,2020-05-16 01:41:41,601
HOTH ,2020-05-16 02:41:39,601
HOTH ,2020-05-16 03:41:34,601
HOTH ,2020-05-16 04:41:32,601
HOTH ,2020-05-16 05:41:32,601
HOTH ,2020-05-16 06:41:37,601
HOTH ,2020-05-16 07:41:37,601
HOTH ,2020-05-16 08:41:31,601
HOTH ,2020-05-16 09:41:33,601
HOTH ,2020-05-16 10:41:30,601
HOTH ,2020-05-16 11:41:29,601
HOTH ,2020-05-16 12:41:32,601
HOTH ,2020-05-16 13:41:31,601
HOTH ,2020-05-16 14:41:30,601
HOTH ,2020-05-16 15:41:34,601
HOTH ,2020-05-16 16:41:33,601
HOTH ,2020-05-16 17:41:30,601
HOTH ,2020-05-16 18:41:31,601
HOTH ,2020-05-16 19:41:30,601
HOTH ,2020-05-16 20:41:32,601
HOTH ,2020-05-16 21:41:31,601
HOTH ,2020-05-16 22:41:33,601
HOTH ,2020-05-16 23:41:31,601
HOTH ,2020-05-17 00:41:31,601
HOTH ,2020-05-17 01:41:32,601
HOTH ,2020-05-18 08:07:24,601
HOTH ,2020-05-18 08:08:56,601
HOTH ,2020-05-18 08:13:58,601
HOTH ,2020-05-18 08:14:36,601
HOTH ,2020-05-18 08:14:48,601
HOTH ,2020-05-18 08:14:55,601
HOTH ,2020-05-18 08:15:01,601
HOTH ,2020-05-18 08:15:12,601
HOTH ,2020-05-18 08:15:22,601
HOTH ,2020-05-18 08:20:19,601
HOTH ,2020-05-18 08:22:50,601
HOTH ,2020-05-18 08:22:59,601
HOTH ,2020-05-18 08:23:09,601
HOTH ,2020-05-18 08:24:53,601
HOTH ,2020-05-18 08:25:00,601
HOTH ,2020-05-18 08:25:18,601
HOTH ,2020-05-18 08:26:27,601
HOTH ,2020-05-18 08:27:41,601
HOTH ,2020-05-18 08:32:41,601
HOTH ,2020-05-18 08:33:03,601
HOTH ,2020-05-18 08:35:52,601
HOTH ,2020-05-18 08:44:25,601
HOTH ,2020-05-18 08:45:31,601
HOTH ,2020-05-18 08:46:41,601
HOTH ,2020-05-18 08:47:18,601
HOTH ,2020-05-18 08:47:37,601
HOTH ,2020-05-18 08:49:03,601
HOTH ,2020-05-18 09:26:26,601
HOTH ,2020-05-18 09:28:21,601
HOTH ,2020-05-18 09:28:30,601
HOTH ,2020-05-18 11:42:51,601
HOTH ,2020-05-18 11:50:28,601
HOTH ,2020-05-18 11:58:04,601
HOTH ,2020-05-18 12:05:41,601
HOTH ,2020-05-18 13:05:39,600
HOTH ,2020-05-18 13:41:34,600
HOTH ,2020-05-18 14:41:31,608
HOTH ,2020-05-18 15:41:41,609
HOTH ,2020-05-18 16:41:43,608
HOTH ,2020-05-18 17:41:31,606
HOTH ,2020-05-18 18:41:36,607
HOTH ,2020-05-18 19:41:34,607
HOTH ,2020-05-18 20:41:33,607
HOTH ,2020-05-18 21:41:39,607
HOTH ,2020-05-18 22:41:38,607
HOTH ,2020-05-18 23:41:39,607
HOTH ,2020-05-19 00:42:17,607
HOTH ,2020-05-19 01:41:30,607
HOTH ,2020-05-19 02:41:33,607
HOTH ,2020-05-19 03:41:33,607
HOTH ,2020-05-19 04:41:36,607
HOTH ,2020-05-19 05:41:33,607
HOTH ,2020-05-19 06:41:33,607
HOTH ,2020-05-19 07:41:33,607
HOTH ,2020-05-19 08:41:36,607
HOTH ,2020-05-19 09:41:43,607
HOTH ,2020-05-19 10:41:33,607
HOTH ,2020-05-19 11:41:38,607
HOTH ,2020-05-19 13:06:11,604
HOTH ,2020-05-19 13:41:33,604
HOTH ,2020-05-19 14:41:31,1064
HOTH ,2020-05-19 15:41:31,1318
HOTH ,2020-05-19 16:41:36,1379
HOTH ,2020-05-19 17:41:31,1418
HOTH ,2020-05-19 18:41:33,1436
HOTH ,2020-05-19 19:41:32,1453
HOTH ,2020-05-19 20:41:35,1474
HOTH ,2020-05-19 21:41:34,1480
HOTH ,2020-05-19 22:41:38,1484
HOTH ,2020-05-19 23:41:32,1484
HOTH ,2020-05-20 00:41:41,1484
HOTH ,2020-05-20 01:41:44,1484
HOTH ,2020-05-20 02:41:36,1484
HOTH ,2020-05-20 03:41:38,1484
HOTH ,2020-05-20 04:41:34,1484
HOTH ,2020-05-20 05:41:33,1484
HOTH ,2020-05-20 06:41:31,1484
HOTH ,2020-05-20 07:41:34,1484
HOTH ,2020-05-20 08:41:32,1484
HOTH ,2020-05-20 09:41:36,1484
HOTH ,2020-05-20 10:41:31,1484
HOTH ,2020-05-20 11:41:32,1484
HOTH ,2020-05-20 12:41:30,1484
HOTH ,2020-05-20 13:41:33,1485
HOTH ,2020-05-20 14:41:34,1467
HOTH ,2020-05-20 15:41:31,1527
HOTH ,2020-05-20 16:41:32,1532
HOTH ,2020-05-20 17:41:38,1529
HOTH ,2020-05-20 18:41:33,1523
HOTH ,2020-05-20 19:41:32,1516
HOTH ,2020-05-20 20:41:30,1508
HOTH ,2020-05-20 21:41:32,1505
HOTH ,2020-05-20 22:41:30,1505
HOTH ,2020-05-20 23:41:32,1505
HOTH ,2020-05-21 00:41:38,1505
HOTH ,2020-05-21 01:41:31,1505
HOTH ,2020-05-21 02:41:33,1505
HOTH ,2020-05-21 03:41:33,1505
HOTH ,2020-05-21 04:41:31,1505
HOTH ,2020-05-21 05:41:30,1505
HOTH ,2020-05-21 06:41:34,1505
HOTH ,2020-05-21 07:41:31,1505
HOTH ,2020-05-21 08:41:33,1505
HOTH ,2020-05-21 09:41:32,1505
HOTH ,2020-05-21 10:41:32,1505
HOTH ,2020-05-21 11:41:34,1505
HOTH ,2020-05-21 12:41:33,1505
HOTH ,2020-05-21 13:41:35,1516
HOTH ,2020-05-21 14:41:31,1504
HOTH ,2020-05-21 15:41:32,1510
HOTH ,2020-05-21 16:41:38,1506
HOTH ,2020-05-21 17:41:35,1513
HOTH ,2020-05-21 18:41:33,1506
HOTH ,2020-05-21 19:41:32,1506
HOTH ,2020-05-21 20:41:33,1501
HOTH ,2020-05-21 21:41:35,1496
HOTH ,2020-05-21 22:41:35,1572
HOTH ,2020-05-21 23:41:39,1572
HOTH ,2020-05-22 00:42:04,1572
HOTH ,2020-05-22 01:41:34,1572
HOTH ,2020-05-22 02:41:38,1572
HOTH ,2020-05-22 03:41:40,1572
HOTH ,2020-05-22 04:41:36,1572
HOTH ,2020-05-22 05:41:37,1572
HOTH ,2020-05-22 06:41:32,1572
HOTH ,2020-05-22 07:41:34,1572
HOTH ,2020-05-22 08:41:36,1572
HOTH ,2020-05-22 09:41:34,1572
HOTH ,2020-05-22 10:41:32,1572
HOTH ,2020-05-22 11:41:32,1572
HOTH ,2020-05-22 12:41:34,1572
HOTH ,2020-05-22 13:41:36,1579
HOTH ,2020-05-22 14:41:33,1609
HOTH ,2020-05-22 15:41:33,1599
HOTH ,2020-05-22 16:41:33,1588
HOTH ,2020-05-22 17:41:33,1580
HOTH ,2020-05-22 18:41:39,1575
HOTH ,2020-05-22 19:41:33,1568
HOTH ,2020-05-22 20:41:31,1569
HOTH ,2020-05-22 21:41:33,1574
HOTH ,2020-05-22 22:41:33,1581
HOTH ,2020-05-22 23:41:33,1581
HOTH ,2020-05-23 00:41:33,1581
HOTH ,2020-05-23 01:41:33,1581
HOTH ,2020-05-23 02:41:37,1581
HOTH ,2020-05-23 03:41:35,1581
HOTH ,2020-05-23 04:41:39,1581
HOTH ,2020-05-23 05:41:32,1581
HOTH ,2020-05-23 06:41:36,1581
HOTH ,2020-05-23 07:41:36,1581
HOTH ,2020-05-23 08:41:36,1581
HOTH ,2020-05-23 09:41:33,1581
HOTH ,2020-05-23 10:41:33,1581
HOTH ,2020-05-23 11:41:37,1581
HOTH ,2020-05-23 12:41:35,1581
HOTH ,2020-05-23 13:41:35,1581
HOTH ,2020-05-23 14:41:34,1581
HOTH ,2020-05-23 15:41:33,1581
HOTH ,2020-05-23 16:41:36,1581
HOTH ,2020-05-23 17:41:34,1581
HOTH ,2020-05-23 18:41:38,1581
HOTH ,2020-05-23 19:41:33,1581
HOTH ,2020-05-23 20:41:32,1581
HOTH ,2020-05-23 21:41:32,1581
HOTH ,2020-05-23 22:41:34,1581
HOTH ,2020-05-23 23:41:35,1581
HOTH ,2020-05-24 00:41:41,1581
HOTH ,2020-05-24 01:41:33,1581
HOTH ,2020-05-24 02:41:33,1581
HOTH ,2020-05-24 03:41:34,1581
HOTH ,2020-05-24 04:41:33,1581
HOTH ,2020-05-24 05:41:33,1581
HOTH ,2020-05-24 06:41:33,1581
HOTH ,2020-05-24 07:41:33,1581
HOTH ,2020-05-24 08:41:37,1581
HOTH ,2020-05-24 09:41:32,1581
HOTH ,2020-05-24 10:41:35,1581
HOTH ,2020-05-24 11:41:34,1581
HOTH ,2020-05-24 12:41:33,1581
HOTH ,2020-05-24 13:41:34,1581
HOTH ,2020-05-24 14:41:36,1581
HOTH ,2020-05-24 15:41:31,1581
HOTH ,2020-05-24 16:41:36,1581
HOTH ,2020-05-24 17:41:35,1581
HOTH ,2020-05-24 18:41:35,1581
HOTH ,2020-05-24 19:41:34,1581
HOTH ,2020-05-24 20:41:35,1581
HOTH ,2020-05-24 21:41:36,1581
HOTH ,2020-05-24 22:41:35,1581
HOTH ,2020-05-24 23:41:32,1581
HOTH ,2020-05-25 00:41:33,1581
HOTH ,2020-05-25 01:41:37,1581
HOTH ,2020-05-25 02:41:34,1581
HOTH ,2020-05-25 03:41:44,1581
HOTH ,2020-05-25 04:41:33,1581
HOTH ,2020-05-25 05:42:19,1581
HOTH ,2020-05-25 06:41:51,1581
HOTH ,2020-05-25 07:41:35,1581
HOTH ,2020-05-25 08:41:38,1581
HOTH ,2020-05-25 09:41:33,1581
HOTH ,2020-05-25 10:41:32,1581
HOTH ,2020-05-25 11:41:39,1581
HOTH ,2020-05-25 12:41:34,1581
HOTH ,2020-05-25 13:41:31,1581
HOTH ,2020-05-25 14:41:35,1581
HOTH ,2020-05-25 15:41:33,1581
HOTH ,2020-05-25 16:41:31,1581
HOTH ,2020-05-25 17:41:34,1581
HOTH ,2020-05-25 18:41:34,1581
HOTH ,2020-05-25 19:41:34,1581
HOTH ,2020-05-25 20:41:36,1581
HOTH ,2020-05-25 21:41:31,1581
HOTH ,2020-05-25 22:41:32,1581
HOTH ,2020-05-25 23:41:32,1581
HOTH ,2020-05-26 00:41:34,1581
HOTH ,2020-05-26 01:41:33,1581
HOTH ,2020-05-26 02:41:31,1581
HOTH ,2020-05-26 03:41:36,1581
HOTH ,2020-05-26 04:41:36,1581
HOTH ,2020-05-26 05:41:33,1581
HOTH ,2020-05-26 06:41:36,1581
HOTH ,2020-05-26 07:41:37,1581
HOTH ,2020-05-26 08:41:37,1581
HOTH ,2020-05-26 09:41:33,1581
HOTH ,2020-05-26 10:41:33,1581
HOTH ,2020-05-26 11:41:37,1581
HOTH ,2020-05-26 12:41:33,1581
HOTH ,2020-05-26 13:41:35,1589
HOTH ,2020-05-26 14:41:35,1646
HOTH ,2020-05-26 15:41:32,1646
HOTH ,2020-05-26 16:41:34,1625
HOTH ,2020-05-26 17:41:34,1683
HOTH ,2020-05-26 18:41:32,1697
HOTH ,2020-05-26 19:41:35,1717
HOTH ,2020-05-26 20:41:33,1746
HOTH ,2020-05-26 21:41:38,1744
HOTH ,2020-05-26 22:41:32,1748
HOTH ,2020-05-26 23:41:33,1748
HOTH ,2020-05-27 00:41:43,1748
HOTH ,2020-05-27 01:41:32,1748
HOTH ,2020-05-27 02:41:34,1748
HOTH ,2020-05-27 03:41:33,1748
HOTH ,2020-05-27 04:41:34,1748
HOTH ,2020-05-27 05:41:33,1748
HOTH ,2020-05-27 06:41:35,1748
HOTH ,2020-05-27 07:41:34,1748
HOTH ,2020-05-27 08:41:33,1748
HOTH ,2020-05-27 09:41:32,1748
HOTH ,2020-05-27 10:41:32,1748
HOTH ,2020-05-27 11:41:31,1748
HOTH ,2020-05-27 13:06:41,1747
HOTH ,2020-05-27 13:41:38,1747
HOTH ,2020-05-27 14:41:35,1750
HOTH ,2020-05-27 15:41:32,1750
HOTH ,2020-05-27 16:41:33,1793
HOTH ,2020-05-27 17:41:32,1811
HOTH ,2020-05-27 18:41:31,1863
HOTH ,2020-05-27 19:41:34,1879
HOTH ,2020-05-27 20:41:34,1890
HOTH ,2020-05-27 21:41:36,1893
HOTH ,2020-05-27 22:41:33,1896
HOTH ,2020-05-27 23:41:32,1896
HOTH ,2020-05-28 00:41:33,1896
HOTH ,2020-05-28 01:41:36,1896
HOTH ,2020-05-28 02:41:32,1896
HOTH ,2020-05-28 03:41:32,1896
HOTH ,2020-05-28 04:41:33,1896
HOTH ,2020-05-28 05:41:32,1896
HOTH ,2020-05-28 06:41:33,1896
HOTH ,2020-05-28 07:41:37,1896
HOTH ,2020-05-28 08:41:34,1896
HOTH ,2020-05-28 09:41:32,1896
HOTH ,2020-05-28 10:41:35,1896
HOTH ,2020-05-28 11:41:36,1896
HOTH ,2020-05-28 13:07:14,1895
HOTH ,2020-05-28 13:41:35,1895
HOTH ,2020-05-28 14:41:35,1876
HOTH ,2020-05-28 15:41:34,1850
HOTH ,2020-05-28 16:41:36,1854
HOTH ,2020-05-28 17:41:34,1865
HOTH ,2020-05-28 18:41:34,1863
HOTH ,2020-05-28 19:41:33,1863
HOTH ,2020-05-28 20:41:38,1862
HOTH ,2020-05-28 21:41:41,1859
HOTH ,2020-05-28 22:41:36,1860
HOTH ,2020-05-28 23:41:37,1860
HOTH ,2020-05-29 00:41:37,1860
HOTH ,2020-05-29 01:41:35,1860
HOTH ,2020-05-29 02:41:40,1860
HOTH ,2020-05-29 03:41:34,1860
HOTH ,2020-05-29 04:41:33,1860
HOTH ,2020-05-29 05:41:39,1860
HOTH ,2020-05-29 06:41:40,1860
HOTH ,2020-05-29 07:41:38,1860
HOTH ,2020-05-29 08:41:39,1860
HOTH ,2020-05-29 09:49:37,1860
HOTH ,2020-05-29 10:41:37,1860
HOTH ,2020-05-29 11:41:34,1860
HOTH ,2020-05-29 12:41:35,1860
HOTH ,2020-05-29 13:41:37,1866
HOTH ,2020-05-29 14:41:39,1897
HOTH ,2020-05-29 15:41:35,1902
HOTH ,2020-05-29 16:41:32,1902
HOTH ,2020-05-29 17:41:36,1897
HOTH ,2020-05-29 18:41:35,1896
HOTH ,2020-05-29 19:41:36,1890
HOTH ,2020-05-29 20:41:38,1885
HOTH ,2020-05-29 21:41:34,1889
HOTH ,2020-05-29 22:41:33,1887
HOTH ,2020-05-29 23:41:40,1887
HOTH ,2020-05-30 00:41:33,1887
HOTH ,2020-05-30 01:41:32,1887
HOTH ,2020-05-30 02:41:33,1887
HOTH ,2020-05-30 03:41:34,1887
HOTH ,2020-05-30 04:41:33,1887
HOTH ,2020-05-30 05:41:36,1887
HOTH ,2020-05-30 06:41:37,1887
HOTH ,2020-05-30 07:41:41,1887
HOTH ,2020-05-30 08:41:35,1887
HOTH ,2020-05-30 09:41:33,1887
HOTH ,2020-05-30 10:41:36,1887
HOTH ,2020-05-30 11:41:34,1887
HOTH ,2020-05-30 12:41:34,1887
HOTH ,2020-05-30 13:41:34,1887
HOTH ,2020-05-30 14:41:33,1887
HOTH ,2020-05-30 15:41:34,1887
HOTH ,2020-05-30 16:41:41,1887
HOTH ,2020-05-30 17:41:34,1887
HOTH ,2020-05-30 18:41:34,1887
HOTH ,2020-05-30 19:41:36,1887
HOTH ,2020-05-30 20:41:34,1887
HOTH ,2020-05-30 21:41:36,1887
HOTH ,2020-05-30 22:41:35,1887
HOTH ,2020-05-30 23:41:35,1887
HOTH ,2020-05-31 00:41:36,1887
HOTH ,2020-05-31 01:41:36,1887
HOTH ,2020-05-31 02:41:35,1887
HOTH ,2020-05-31 03:41:35,1887
HOTH ,2020-05-31 04:41:35,1887
HOTH ,2020-05-31 05:41:36,1887
HOTH ,2020-05-31 06:41:37,1887
HOTH ,2020-05-31 07:41:36,1887
HOTH ,2020-05-31 09:27:38,1887
HOTH ,2020-05-31 09:41:35,1887
HOTH ,2020-05-31 10:41:34,1887
HOTH ,2020-05-31 13:08:01,1887
HOTH ,2020-05-31 13:16:44,1887
HOTH ,2020-06-01 04:45:12,1887
HOTH ,2020-06-01 04:49:02,1887
HOTH ,2020-06-01 04:49:14,1887
HOTH ,2020-06-01 04:54:35,1887
HOTH ,2020-06-01 04:55:25,1887
HOTH ,2020-06-01 04:56:31,1887
HOTH ,2020-06-01 04:56:35,1887
HOTH ,2020-06-01 04:56:47,1887
HOTH ,2020-06-01 04:56:54,1887
HOTH ,2020-06-01 04:57:59,1887
HOTH ,2020-06-01 05:03:27,1887
HOTH ,2020-06-01 05:03:40,1887
HOTH ,2020-06-01 05:05:40,1887
HOTH ,2020-06-01 05:06:14,1887
HOTH ,2020-06-01 05:07:11,1887
HOTH ,2020-06-01 06:36:20,1887
HOTH ,2020-06-01 06:43:56,1887
HOTH ,2020-06-01 06:51:32,1887
HOTH ,2020-06-01 07:41:34,1887
HOTH ,2020-06-01 08:41:37,1887
HOTH ,2020-06-01 09:41:33,1887
HOTH ,2020-06-01 10:41:32,1887
HOTH ,2020-06-01 11:41:35,1887
HOTH ,2020-06-01 13:05:14,1889
HOTH ,2020-06-01 13:41:43,1889
HOTH ,2020-06-01 14:41:37,1857
HOTH ,2020-06-01 15:41:34,1838
HOTH ,2020-06-01 16:41:42,1825
HOTH ,2020-06-01 17:41:41,1814
HOTH ,2020-06-01 18:41:41,1811
HOTH ,2020-06-01 19:41:36,1803
HOTH ,2020-06-01 20:41:36,1794
HOTH ,2020-06-01 21:41:36,1798
HOTH ,2020-06-01 22:41:32,1800
HOTH ,2020-06-01 23:41:35,1800
HOTH ,2020-06-02 00:41:37,1800
HOTH ,2020-06-02 01:41:33,1800
HOTH ,2020-06-02 02:41:34,1800
HOTH ,2020-06-02 03:41:35,1800
HOTH ,2020-06-02 04:41:33,1800
HOTH ,2020-06-02 05:41:34,1800
HOTH ,2020-06-02 06:41:33,1800
HOTH ,2020-06-02 07:41:36,1800
HOTH ,2020-06-02 08:41:36,1800
HOTH ,2020-06-02 09:41:34,1800
HOTH ,2020-06-02 10:41:36,1800
HOTH ,2020-06-02 11:41:34,1800
HOTH ,2020-06-02 12:41:44,1800
HOTH ,2020-06-02 13:41:38,1800
HOTH ,2020-06-02 14:41:43,1800
HOTH ,2020-06-02 15:41:44,1768
HOTH ,2020-06-02 16:41:34,1757
HOTH ,2020-06-02 17:41:43,1739
HOTH ,2020-06-02 18:41:36,1729
HOTH ,2020-06-02 19:41:41,1719
HOTH ,2020-06-02 20:41:41,1718
HOTH ,2020-06-02 21:41:33,1718
HOTH ,2020-06-02 22:41:36,1717
HOTH ,2020-06-02 23:41:33,1717
HOTH ,2020-06-03 00:41:38,1717
HOTH ,2020-06-03 01:41:43,1717
HOTH ,2020-06-03 02:41:33,1717
HOTH ,2020-06-03 03:41:40,1717
HOTH ,2020-06-03 04:41:39,1717
HOTH ,2020-06-03 05:41:33,1717
HOTH ,2020-06-03 06:41:37,1717
HOTH ,2020-06-03 07:41:41,1717
HOTH ,2020-06-03 08:41:34,1717
HOTH ,2020-06-03 09:41:35,1717
HOTH ,2020-06-03 10:41:36,1717
HOTH ,2020-06-03 11:41:35,1717
HOTH ,2020-06-03 13:08:45,1717
HOTH ,2020-06-03 13:41:36,1717
HOTH ,2020-06-03 14:41:35,1722
HOTH ,2020-06-03 15:41:41,1712
HOTH ,2020-06-03 16:41:42,1738
HOTH ,2020-06-03 17:41:45,1739
HOTH ,2020-06-03 18:41:45,1738
HOTH ,2020-06-03 19:41:43,1736
HOTH ,2020-06-03 20:41:34,1736
HOTH ,2020-06-03 21:41:36,1747
HOTH ,2020-06-03 22:41:34,1749
HOTH ,2020-06-03 23:41:34,1749
HOTH ,2020-06-04 00:41:42,1749
HOTH ,2020-06-04 01:41:40,1749
HOTH ,2020-06-04 02:41:35,1749
HOTH ,2020-06-04 03:41:36,1749
HOTH ,2020-06-04 04:41:39,1749
HOTH ,2020-06-04 05:41:34,1749
HOTH ,2020-06-04 06:41:36,1749
HOTH ,2020-06-04 07:41:41,1749
HOTH ,2020-06-04 08:41:40,1749
HOTH ,2020-06-04 09:41:37,1749
HOTH ,2020-06-04 10:41:34,1749
HOTH ,2020-06-04 11:41:36,1749
HOTH ,2020-06-04 12:41:38,1749
HOTH ,2020-06-04 13:41:40,1749
HOTH ,2020-06-04 14:41:49,1728
HOTH ,2020-06-04 15:41:42,1710
HOTH ,2020-06-04 17:07:16,1693
HOTH ,2020-06-04 17:41:36,1693
HOTH ,2020-06-04 18:41:41,1685
HOTH ,2020-06-04 19:41:34,1683
HOTH ,2020-06-04 20:41:42,1683
HOTH ,2020-06-04 21:41:42,1683
HOTH ,2020-06-04 22:41:36,1687
HOTH ,2020-06-04 23:41:38,1687
HOTH ,2020-06-05 00:41:37,1687
HOTH ,2020-06-05 01:41:34,1687
HOTH ,2020-06-05 02:41:36,1687
HOTH ,2020-06-05 03:41:36,1687
HOTH ,2020-06-05 04:41:36,1687
HOTH ,2020-06-05 05:41:38,1687
HOTH ,2020-06-05 06:41:37,1687
HOTH ,2020-06-05 07:41:37,1687
HOTH ,2020-06-05 08:41:38,1687
HOTH ,2020-06-05 09:41:34,1687
HOTH ,2020-06-05 10:41:33,1687
HOTH ,2020-06-05 11:41:36,1687
HOTH ,2020-06-05 13:09:44,1687
HOTH ,2020-06-05 13:41:42,1687
HOTH ,2020-06-05 14:41:40,1680
HOTH ,2020-06-05 15:41:37,1675
HOTH ,2020-06-05 16:41:47,1671
HOTH ,2020-06-05 17:41:36,1668
HOTH ,2020-06-05 18:41:36,1671
HOTH ,2020-06-05 19:41:36,1669
HOTH ,2020-06-05 20:41:44,1665
HOTH ,2020-06-05 21:41:38,1667
HOTH ,2020-06-05 22:41:37,1669
HOTH ,2020-06-05 23:41:36,1669
HOTH ,2020-06-06 00:41:39,1669
HOTH ,2020-06-06 01:41:34,1669
HOTH ,2020-06-06 02:41:37,1669
HOTH ,2020-06-06 03:41:37,1669
HOTH ,2020-06-06 04:41:37,1669
HOTH ,2020-06-06 05:41:38,1669
HOTH ,2020-06-06 06:41:37,1669
HOTH ,2020-06-06 07:41:47,1669
HOTH ,2020-06-06 08:41:37,1669
HOTH ,2020-06-06 09:53:02,1669
HOTH ,2020-06-06 10:41:34,1669
HOTH ,2020-06-06 11:41:36,1669
HOTH ,2020-06-06 12:41:36,1669
HOTH ,2020-06-06 13:41:35,1669
HOTH ,2020-06-06 14:41:43,1669
HOTH ,2020-06-06 15:41:36,1669
HOTH ,2020-06-06 16:41:43,1669
HOTH ,2020-06-06 18:41:37,1669
HOTH ,2020-06-06 19:41:36,1669
HOTH ,2020-06-06 20:41:36,1669
HOTH ,2020-06-06 21:41:36,1669
HOTH ,2020-06-06 22:41:36,1669
HOTH ,2020-06-06 23:41:38,1669
HOTH ,2020-06-07 00:41:39,1669
HOTH ,2020-06-07 01:41:34,1669
HOTH ,2020-06-07 02:41:35,1669
HOTH ,2020-06-07 03:41:37,1669
HOTH ,2020-06-07 04:41:37,1669
HOTH ,2020-06-07 05:41:36,1669
HOTH ,2020-06-07 06:41:38,1669
HOTH ,2020-06-07 07:41:37,1669
HOTH ,2020-06-07 08:41:37,1669
HOTH ,2020-06-08 04:41:34,1669
HOTH ,2020-06-08 05:41:33,1669
HOTH ,2020-06-08 06:41:43,1669
HOTH ,2020-06-08 07:41:34,1669
HOTH ,2020-06-08 08:41:36,1669
HOTH ,2020-06-08 09:41:35,1669
HOTH ,2020-06-08 10:41:34,1669
HOTH ,2020-06-08 11:41:35,1669
HOTH ,2020-06-08 12:41:44,1669
HOTH ,2020-06-08 13:41:38,1668
HOTH ,2020-06-08 14:41:55,1748
HOTH ,2020-06-08 15:41:38,1779
HOTH ,2020-06-08 16:41:44,1795
HOTH ,2020-06-08 17:41:42,1834
HOTH ,2020-06-08 18:41:49,1829
HOTH ,2020-06-08 19:41:47,1835
HOTH ,2020-06-08 20:41:42,1852
HOTH ,2020-06-08 21:41:43,1852
HOTH ,2020-06-08 22:41:40,1848
HOTH ,2020-06-08 23:41:42,1848
HOTH ,2020-06-09 00:41:41,1848
HOTH ,2020-06-09 01:41:44,1848
HOTH ,2020-06-09 02:41:43,1848
HOTH ,2020-06-09 03:41:40,1848
HOTH ,2020-06-09 04:41:50,1848
HOTH ,2020-06-09 05:41:54,1848
HOTH ,2020-06-09 06:41:49,1848
HOTH ,2020-06-09 07:41:42,1848
HOTH ,2020-06-09 08:41:43,1848
HOTH ,2020-06-09 09:41:49,1848
HOTH ,2020-06-09 10:41:41,1848
HOTH ,2020-06-09 11:41:45,1848
HOTH ,2020-06-09 12:41:52,1848
HOTH ,2020-06-09 13:41:46,1841
HOTH ,2020-06-09 14:41:46,1813
HOTH ,2020-06-09 15:41:46,1795
HOTH ,2020-06-09 16:41:51,1795
HOTH ,2020-06-09 17:41:38,1799
HOTH ,2020-06-09 18:41:45,1798
HOTH ,2020-06-09 19:41:51,1807
HOTH ,2020-06-09 20:41:54,1807
HOTH ,2020-06-09 21:41:45,1814
HOTH ,2020-06-09 22:41:46,1818
HOTH ,2020-06-09 23:41:47,1818
HOTH ,2020-06-10 00:41:49,1818
HOTH ,2020-06-10 01:41:46,1818
HOTH ,2020-06-10 02:41:45,1818
HOTH ,2020-06-10 03:41:49,1818
HOTH ,2020-06-10 04:41:45,1816
HOTH ,2020-06-10 05:41:48,1816
HOTH ,2020-06-10 06:41:41,1816
HOTH ,2020-06-10 07:41:37,1816
HOTH ,2020-06-10 08:41:42,1816
HOTH ,2020-06-10 09:41:36,1816
HOTH ,2020-06-10 10:41:36,1816
HOTH ,2020-06-10 11:41:40,1816
HOTH ,2020-06-10 12:41:41,1816
HOTH ,2020-06-10 13:41:42,1818
HOTH ,2020-06-10 14:41:47,1797
HOTH ,2020-06-10 15:41:40,1772
HOTH ,2020-06-10 16:41:44,1772
HOTH ,2020-06-10 17:41:42,1767
HOTH ,2020-06-10 18:41:41,1762
HOTH ,2020-06-10 19:41:41,1752
HOTH ,2020-06-10 20:41:38,1749
HOTH ,2020-06-10 21:41:43,1748
HOTH ,2020-06-10 22:41:38,1749
HOTH ,2020-06-10 23:41:46,1749
HOTH ,2020-06-11 00:42:14,1749
HOTH ,2020-06-11 01:41:37,1749
HOTH ,2020-06-11 02:41:51,1749
HOTH ,2020-06-11 03:41:51,1749
HOTH ,2020-06-11 04:41:41,1747
HOTH ,2020-06-11 05:41:50,1747
HOTH ,2020-06-11 06:41:42,1747
HOTH ,2020-06-11 07:41:46,1747
HOTH ,2020-06-11 08:41:39,1747
HOTH ,2020-06-11 09:41:41,1747
HOTH ,2020-06-11 10:41:40,1747
HOTH ,2020-06-11 11:41:37,1747
HOTH ,2020-06-11 12:41:41,1747
HOTH ,2020-06-11 13:41:51,1745
HOTH ,2020-06-11 14:41:41,1723
HOTH ,2020-06-11 15:41:52,1713
HOTH ,2020-06-11 16:41:59,1709
HOTH ,2020-06-11 17:41:45,1699
HOTH ,2020-06-11 18:41:49,1700
HOTH ,2020-06-11 19:41:44,1714
HOTH ,2020-06-11 20:41:39,1727
HOTH ,2020-06-11 21:41:39,1727
HOTH ,2020-06-11 22:41:36,1724
HOTH ,2020-06-11 23:41:36,1724
HOTH ,2020-06-12 00:41:41,1724
HOTH ,2020-06-12 01:41:40,1724
HOTH ,2020-06-12 02:41:39,1724
HOTH ,2020-06-12 03:41:41,1724
HOTH ,2020-06-12 04:41:39,1724
HOTH ,2020-06-12 05:41:38,1724
HOTH ,2020-06-12 06:41:41,1724
HOTH ,2020-06-12 07:41:41,1724
HOTH ,2020-06-12 08:41:36,1724
HOTH ,2020-06-12 09:41:40,1724
HOTH ,2020-06-12 10:41:43,1724
HOTH ,2020-06-12 11:41:37,1724
HOTH ,2020-06-12 14:09:23,1722
HOTH ,2020-06-12 14:17:22,1722
HOTH ,2020-06-12 14:41:51,1722
HOTH ,2020-06-12 15:41:43,1714
HOTH ,2020-06-12 16:41:45,1711
HOTH ,2020-06-12 17:41:39,1706
HOTH ,2020-06-12 18:41:42,1712
HOTH ,2020-06-12 19:41:45,1708
HOTH ,2020-06-12 20:41:46,1707
HOTH ,2020-06-12 21:41:43,1707
HOTH ,2020-06-12 22:41:38,1708
HOTH ,2020-06-12 23:41:38,1708
HOTH ,2020-06-13 00:41:37,1708
HOTH ,2020-06-13 01:41:38,1708
HOTH ,2020-06-13 02:41:38,1708
HOTH ,2020-06-13 03:41:38,1708
HOTH ,2020-06-13 04:41:37,1708
HOTH ,2020-06-13 05:41:38,1708
HOTH ,2020-06-13 06:41:38,1708
HOTH ,2020-06-13 07:41:38,1708
HOTH ,2020-06-13 08:41:36,1707
HOTH ,2020-06-13 09:41:38,1707
HOTH ,2020-06-13 10:41:37,1707
HOTH ,2020-06-13 11:41:36,1707
HOTH ,2020-06-13 12:41:37,1707
HOTH ,2020-06-13 13:41:37,1707
HOTH ,2020-06-13 14:41:37,1707
HOTH ,2020-06-13 15:41:37,1707
HOTH ,2020-06-13 16:41:41,1707
HOTH ,2020-06-13 17:41:39,1707
HOTH ,2020-06-13 18:41:39,1707
HOTH ,2020-06-13 19:41:39,1707
HOTH ,2020-06-13 20:41:39,1707
HOTH ,2020-06-13 21:41:39,1707
HOTH ,2020-06-13 22:41:39,1707
HOTH ,2020-06-13 23:41:39,1707
HOTH ,2020-06-14 00:41:38,1707
HOTH ,2020-06-14 01:41:36,1707
HOTH ,2020-06-14 02:41:39,1707
HOTH ,2020-06-14 03:41:40,1707
HOTH ,2020-06-14 04:41:35,1707
HOTH ,2020-06-14 05:41:43,1707
HOTH ,2020-06-14 06:41:37,1707
HOTH ,2020-06-14 07:41:39,1707
HOTH ,2020-06-14 08:41:37,1707
HOTH ,2020-06-14 09:41:38,1707
HOTH ,2020-06-14 10:41:38,1707
HOTH ,2020-06-14 11:41:38,1707
HOTH ,2020-06-14 12:41:36,1707
HOTH ,2020-06-14 13:41:37,1707
HOTH ,2020-06-14 14:41:40,1707
HOTH ,2020-06-14 15:41:36,1707
HOTH ,2020-06-14 16:41:36,1707
HOTH ,2020-06-14 17:41:39,1707
HOTH ,2020-06-14 18:41:39,1707
HOTH ,2020-06-14 19:41:36,1707
HOTH ,2020-06-14 20:41:38,1707
HOTH ,2020-06-14 21:41:38,1707
HOTH ,2020-06-14 22:41:36,1707
HOTH ,2020-06-14 23:41:37,1707
HOTH ,2020-06-15 00:41:43,1707
HOTH ,2020-06-15 01:41:42,1707
HOTH ,2020-06-15 02:41:40,1707
HOTH ,2020-06-15 03:41:37,1707
HOTH ,2020-06-15 04:41:38,1707
HOTH ,2020-06-15 05:41:47,1707
HOTH ,2020-06-15 06:41:37,1707
HOTH ,2020-06-15 07:41:37,1707
HOTH ,2020-06-15 08:41:39,1707
HOTH ,2020-06-15 09:41:40,1707
HOTH ,2020-06-15 10:41:35,1707
HOTH ,2020-06-15 11:41:38,1707
HOTH ,2020-06-15 12:41:41,1707
HOTH ,2020-06-15 13:41:50,1707
HOTH ,2020-06-15 14:41:47,1698
HOTH ,2020-06-15 15:41:41,1699
HOTH ,2020-06-15 16:41:44,1693
HOTH ,2020-06-15 17:41:41,1693
HOTH ,2020-06-15 18:40:18,1695
HOTH ,2020-06-15 18:48:01,1695
HOTH ,2020-06-15 18:55:40,1695
HOTH ,2020-06-15 19:03:22,1696
HOTH ,2020-06-15 19:11:08,1696
HOTH ,2020-06-15 19:18:56,1696
HOTH ,2020-06-15 19:26:39,1696
HOTH ,2020-06-15 19:34:19,1696
HOTH ,2020-06-15 19:41:58,1696
HOTH ,2020-06-15 19:49:38,1696
HOTH ,2020-06-15 19:57:22,1696
HOTH ,2020-06-15 20:05:08,1696
HOTH ,2020-06-15 20:10:09,1696
HOTH ,2020-06-15 20:17:48,1696
HOTH ,2020-06-15 20:25:27,1696
HOTH ,2020-06-15 20:33:06,1696
HOTH ,2020-06-15 20:40:44,1696
HOTH ,2020-06-15 20:48:21,1696
HOTH ,2020-06-15 20:56:02,1696
HOTH ,2020-06-15 21:03:43,1697
HOTH ,2020-06-15 21:11:26,1697
HOTH ,2020-06-15 21:19:03,1697
HOTH ,2020-06-15 21:26:40,1697
HOTH ,2020-06-15 21:34:18,1697
HOTH ,2020-06-15 21:41:55,1697
HOTH ,2020-06-15 21:49:34,1697
HOTH ,2020-06-15 22:41:39,1696
HOTH ,2020-06-15 23:41:39,1696
HOTH ,2020-06-16 00:41:40,1696
HOTH ,2020-06-16 01:41:37,1696
HOTH ,2020-06-16 02:41:50,1696
HOTH ,2020-06-16 03:41:37,1696
HOTH ,2020-06-16 04:41:36,1696
HOTH ,2020-06-16 05:41:37,1696
HOTH ,2020-06-16 06:41:46,1695
HOTH ,2020-06-16 07:41:45,1695
HOTH ,2020-06-16 08:41:38,1695
HOTH ,2020-06-16 09:41:37,1695
HOTH ,2020-06-16 10:41:39,1695
HOTH ,2020-06-16 11:41:38,1695
HOTH ,2020-06-16 12:41:40,1695
HOTH ,2020-06-16 13:41:39,1696
HOTH ,2020-06-16 14:41:45,1685
HOTH ,2020-06-16 15:41:40,1697
HOTH ,2020-06-16 16:41:40,1703
HOTH ,2020-06-16 17:41:49,1696
HOTH ,2020-06-16 18:41:40,1694
HOTH ,2020-06-16 19:41:40,1692
HOTH ,2020-06-16 20:41:38,1686
HOTH ,2020-06-16 21:41:39,1688
HOTH ,2020-06-16 22:41:36,1687
HOTH ,2020-06-16 23:41:37,1687
HOTH ,2020-06-17 00:41:39,1687
HOTH ,2020-06-17 01:41:44,1687
HOTH ,2020-06-17 02:41:40,1687
HOTH ,2020-06-17 03:41:38,1687
HOTH ,2020-06-17 04:41:40,1687
HOTH ,2020-06-17 05:41:39,1687
HOTH ,2020-06-17 06:41:46,1685
HOTH ,2020-06-17 07:41:40,1685
HOTH ,2020-06-17 08:41:38,1685
HOTH ,2020-06-17 09:41:38,1685
HOTH ,2020-06-17 10:41:37,1685
HOTH ,2020-06-17 11:41:41,1685
HOTH ,2020-06-17 12:41:38,1685
HOTH ,2020-06-17 13:41:43,1685
HOTH ,2020-06-17 14:41:38,1683
HOTH ,2020-06-17 15:41:43,1681
HOTH ,2020-06-17 16:41:44,1677
HOTH ,2020-06-17 17:41:42,1670
HOTH ,2020-06-17 18:41:44,1665
HOTH ,2020-06-17 19:41:47,1661
HOTH ,2020-06-17 20:41:47,1659
HOTH ,2020-06-17 21:41:44,1659
HOTH ,2020-06-17 22:41:38,1659
HOTH ,2020-06-17 23:41:41,1661
HOTH ,2020-06-18 00:41:40,1661
HOTH ,2020-06-18 01:41:41,1661
HOTH ,2020-06-18 02:41:40,1661
HOTH ,2020-06-18 03:41:45,1661
HOTH ,2020-06-18 04:41:41,1661
HOTH ,2020-06-18 05:41:39,1661
HOTH ,2020-06-18 06:41:40,1661
HOTH ,2020-06-18 07:41:44,1661
HOTH ,2020-06-18 08:41:37,1661
HOTH ,2020-06-18 09:41:39,1661
HOTH ,2020-06-18 10:41:36,1661
HOTH ,2020-06-18 11:41:39,1661
HOTH ,2020-06-18 12:41:39,1661
HOTH ,2020-06-18 13:41:44,1660
HOTH ,2020-06-18 14:41:43,1660
HOTH ,2020-06-18 17:03:41,1660
HOTH ,2020-06-18 17:41:42,1660
HOTH ,2020-06-18 18:41:45,1660
HOTH ,2020-06-18 19:41:42,1660
HOTH ,2020-06-18 20:41:41,1640
HOTH ,2020-06-18 21:41:46,1639
HOTH ,2020-06-18 22:41:38,1638
HOTH ,2020-06-18 23:41:44,1638
HOTH ,2020-06-19 00:41:47,1638
HOTH ,2020-06-19 01:41:39,1638
HOTH ,2020-06-19 02:41:40,1638
HOTH ,2020-06-19 03:41:47,1638
HOTH ,2020-06-19 04:44:11,1638
HOTH ,2020-06-19 05:41:41,1637
HOTH ,2020-06-19 06:41:37,1637
HOTH ,2020-06-19 07:41:48,1637
HOTH ,2020-06-19 08:41:47,1637
HOTH ,2020-06-19 09:41:44,1637
HOTH ,2020-06-19 10:41:39,1637
HOTH ,2020-06-19 11:41:36,1637
HOTH ,2020-06-19 13:07:16,1637
HOTH ,2020-06-19 13:41:44,1637
HOTH ,2020-06-19 14:41:40,1634
HOTH ,2020-06-19 15:41:43,1635
HOTH ,2020-06-19 16:41:42,1633
HOTH ,2020-06-19 17:41:47,1631
HOTH ,2020-06-19 18:41:38,1628
HOTH ,2020-06-19 19:41:42,1621
HOTH ,2020-06-19 20:41:40,1612
HOTH ,2020-06-19 21:41:36,1612
HOTH ,2020-06-19 22:41:46,1610
HOTH ,2020-06-19 23:41:45,1610
HOTH ,2020-06-20 00:41:44,1610
HOTH ,2020-06-20 01:41:40,1610
HOTH ,2020-06-20 02:41:42,1610
HOTH ,2020-06-20 03:41:38,1610
HOTH ,2020-06-20 04:41:36,1610
HOTH ,2020-06-20 05:41:43,1610
HOTH ,2020-06-20 06:41:39,1610
HOTH ,2020-06-20 07:41:40,1610
HOTH ,2020-06-20 08:41:41,1609
HOTH ,2020-06-20 09:41:39,1609
HOTH ,2020-06-20 10:41:39,1609
HOTH ,2020-06-20 11:41:39,1609
HOTH ,2020-06-20 12:41:44,1609
HOTH ,2020-06-20 13:41:41,1609
HOTH ,2020-06-20 14:41:43,1609
HOTH ,2020-06-20 15:41:37,1609
HOTH ,2020-06-20 16:41:46,1609
HOTH ,2020-06-20 17:41:38,1609
HOTH ,2020-06-20 18:41:40,1609
HOTH ,2020-06-20 19:41:44,1609
HOTH ,2020-06-20 20:41:43,1609
HOTH ,2020-06-20 21:41:40,1609
HOTH ,2020-06-20 22:41:41,1609
HOTH ,2020-06-20 23:41:42,1609
HOTH ,2020-06-21 00:41:42,1609
HOTH ,2020-06-21 01:41:42,1609
HOTH ,2020-06-21 02:41:40,1609
HOTH ,2020-06-21 03:41:48,1609
HOTH ,2020-06-21 04:41:41,1609
HOTH ,2020-06-21 05:41:47,1609
HOTH ,2020-06-21 06:41:40,1609
HOTH ,2020-06-21 07:41:41,1609
HOTH ,2020-06-21 08:41:38,1609
HOTH ,2020-06-21 09:41:40,1609
HOTH ,2020-06-21 10:41:37,1609
HOTH ,2020-06-21 11:41:41,1609
HOTH ,2020-06-21 12:41:43,1609
HOTH ,2020-06-21 13:41:42,1609
HOTH ,2020-06-21 14:41:50,1609
HOTH ,2020-06-21 15:41:42,1609
HOTH ,2020-06-21 16:41:39,1609
HOTH ,2020-06-21 17:41:42,1609
HOTH ,2020-06-21 18:41:42,1609
HOTH ,2020-06-21 19:41:43,1609
HOTH ,2020-06-21 20:41:40,1609
HOTH ,2020-06-21 21:41:42,1609
HOTH ,2020-06-21 22:41:46,1609
HOTH ,2020-06-21 23:41:45,1609
HOTH ,2020-06-22 00:41:41,1609
HOTH ,2020-06-22 01:41:44,1609
HOTH ,2020-06-22 02:41:42,1609
HOTH ,2020-06-22 03:41:42,1609
HOTH ,2020-06-22 04:41:41,1609
HOTH ,2020-06-22 05:41:47,1609
HOTH ,2020-06-22 06:41:41,1609
HOTH ,2020-06-22 07:41:38,1609
HOTH ,2020-06-22 08:41:42,1609
HOTH ,2020-06-22 09:41:43,1609
HOTH ,2020-06-22 10:41:49,1609
HOTH ,2020-06-22 11:41:38,1609
HOTH ,2020-06-22 12:41:42,1609
HOTH ,2020-06-22 13:41:43,1609
HOTH ,2020-06-22 14:41:43,1602
HOTH ,2020-06-22 15:41:46,1598
HOTH ,2020-06-22 16:41:44,1595
HOTH ,2020-06-22 17:41:47,1595
HOTH ,2020-06-22 18:41:43,1592
HOTH ,2020-06-22 19:41:45,1591
HOTH ,2020-06-22 20:41:40,1584
HOTH ,2020-06-22 21:41:40,1584
HOTH ,2020-06-22 22:41:38,1584
HOTH ,2020-06-22 23:41:39,1584
HOTH ,2020-06-23 00:41:40,1584
HOTH ,2020-06-23 01:41:42,1584
HOTH ,2020-06-23 02:41:45,1584
HOTH ,2020-06-23 03:41:43,1584
HOTH ,2020-06-23 04:41:45,1584
HOTH ,2020-06-23 05:41:53,1583
HOTH ,2020-06-23 06:41:40,1583
HOTH ,2020-06-23 07:41:42,1583
HOTH ,2020-06-23 08:41:51,1583
HOTH ,2020-06-23 09:41:42,1583
HOTH ,2020-06-23 10:41:43,1583
HOTH ,2020-06-23 11:41:40,1583
HOTH ,2020-06-23 12:41:42,1583
HOTH ,2020-06-23 13:41:43,1584
HOTH ,2020-06-23 14:41:44,1586
HOTH ,2020-06-23 15:41:54,1582
HOTH ,2020-06-23 16:41:42,1577
HOTH ,2020-06-23 17:41:44,1578
HOTH ,2020-06-23 18:41:49,1576
HOTH ,2020-06-23 19:41:41,1570
HOTH ,2020-06-23 20:41:45,1565
HOTH ,2020-06-23 21:41:39,1565
HOTH ,2020-06-23 22:41:46,1565
HOTH ,2020-06-23 23:41:49,1565
HOTH ,2020-06-24 00:41:47,1565
HOTH ,2020-06-24 01:41:50,1565
HOTH ,2020-06-24 02:41:46,1565
HOTH ,2020-06-24 03:41:41,1564
HOTH ,2020-06-24 04:41:45,1564
HOTH ,2020-06-24 05:41:49,1564
HOTH ,2020-06-24 06:41:43,1564
HOTH ,2020-06-24 07:41:43,1564
HOTH ,2020-06-24 08:41:41,1564
HOTH ,2020-06-24 09:41:42,1564
HOTH ,2020-06-24 10:41:49,1564
HOTH ,2020-06-24 11:41:39,1564
HOTH ,2020-06-24 12:41:42,1564
HOTH ,2020-06-24 13:41:44,1564
HOTH ,2020-06-24 14:41:47,1555
HOTH ,2020-06-24 15:41:39,1553
HOTH ,2020-06-24 16:41:42,1545
HOTH ,2020-06-24 17:41:50,1544
HOTH ,2020-06-24 18:41:46,1545
HOTH ,2020-06-24 19:41:47,1541
HOTH ,2020-06-24 20:41:44,1542
HOTH ,2020-06-24 21:41:41,1543
HOTH ,2020-06-24 22:41:40,1543
HOTH ,2020-06-24 23:41:43,1543
HOTH ,2020-06-25 00:41:44,1543
HOTH ,2020-06-25 01:41:42,1543
HOTH ,2020-06-25 02:41:39,1543
HOTH ,2020-06-25 03:41:40,1543
HOTH ,2020-06-25 04:41:42,1543
HOTH ,2020-06-25 05:41:40,1543
HOTH ,2020-06-25 06:41:45,1543
HOTH ,2020-06-25 07:41:45,1543
HOTH ,2020-06-25 08:41:40,1543
HOTH ,2020-06-25 09:41:47,1543
HOTH ,2020-06-25 10:41:39,1543
HOTH ,2020-06-25 11:41:52,1543
HOTH ,2020-06-25 13:06:16,1544
HOTH ,2020-06-25 13:41:50,1544
HOTH ,2020-06-25 14:41:58,1557
HOTH ,2020-06-25 15:41:49,1552
HOTH ,2020-06-25 16:41:49,1574
HOTH ,2020-06-25 17:41:49,1576
HOTH ,2020-06-25 18:41:44,1579
HOTH ,2020-06-25 19:41:47,1577
HOTH ,2020-06-25 20:41:41,1573
HOTH ,2020-06-25 21:41:47,1573
HOTH ,2020-06-25 22:41:49,1575
HOTH ,2020-06-25 23:41:42,1575
HOTH ,2020-06-26 00:41:51,1575
HOTH ,2020-06-26 01:41:49,1575
HOTH ,2020-06-26 02:41:45,1575
HOTH ,2020-06-26 03:41:47,1575
HOTH ,2020-06-26 04:41:39,1575
HOTH ,2020-06-26 05:41:42,1575
HOTH ,2020-06-26 06:41:44,1575
HOTH ,2020-06-26 07:41:44,1575
HOTH ,2020-06-26 08:41:45,1575
HOTH ,2020-06-26 09:41:39,1575
HOTH ,2020-06-26 10:41:41,1575
HOTH ,2020-06-26 11:41:46,1575
HOTH ,2020-06-26 12:41:48,1575
HOTH ,2020-06-26 13:41:51,1576
HOTH ,2020-06-26 14:41:45,1565
HOTH ,2020-06-26 15:41:45,1565
HOTH ,2020-06-26 16:41:47,1563
HOTH ,2020-06-26 17:41:46,1558
HOTH ,2020-06-26 18:41:45,1558
HOTH ,2020-06-26 19:41:48,1557
HOTH ,2020-06-26 20:41:45,1556
HOTH ,2020-06-26 21:41:46,1556
HOTH ,2020-06-26 22:41:49,1556
HOTH ,2020-06-26 23:41:43,1556
HOTH ,2020-06-27 00:41:53,1556
HOTH ,2020-06-27 01:41:51,1556
HOTH ,2020-06-27 02:41:49,1556
HOTH ,2020-06-27 03:41:50,1556
HOTH ,2020-06-27 04:41:51,1555
HOTH ,2020-06-27 05:41:42,1555
HOTH ,2020-06-27 06:41:45,1555
HOTH ,2020-06-27 07:41:45,1555
HOTH ,2020-06-27 08:41:41,1555
HOTH ,2020-06-27 09:41:44,1555
HOTH ,2020-06-27 10:41:44,1555
HOTH ,2020-06-27 11:41:42,1555
HOTH ,2020-06-27 12:41:46,1555
HOTH ,2020-06-27 13:41:46,1555
HOTH ,2020-06-27 14:41:41,1555
HOTH ,2020-06-27 15:41:52,1555
HOTH ,2020-06-27 16:41:43,1555
HOTH ,2020-06-27 17:41:43,1555
HOTH ,2020-06-27 18:41:45,1555
HOTH ,2020-06-27 19:41:43,1555
HOTH ,2020-06-27 20:41:42,1555
HOTH ,2020-06-27 21:41:43,1555
HOTH ,2020-06-27 22:41:42,1555
HOTH ,2020-06-27 23:41:42,1555
HOTH ,2020-06-28 00:41:48,1555
HOTH ,2020-06-28 01:41:41,1555
HOTH ,2020-06-28 02:41:45,1555
HOTH ,2020-06-28 03:41:44,1555
HOTH ,2020-06-28 04:41:41,1555
HOTH ,2020-06-28 05:41:44,1555
HOTH ,2020-06-28 06:41:42,1555
HOTH ,2020-06-28 07:41:46,1555
HOTH ,2020-06-28 08:41:44,1555
HOTH ,2020-06-28 09:41:42,1555
HOTH ,2020-06-28 10:41:44,1555
HOTH ,2020-06-28 11:41:41,1555
HOTH ,2020-06-28 12:41:44,1555
HOTH ,2020-06-28 13:41:44,1555
HOTH ,2020-06-28 14:41:42,1555
HOTH ,2020-06-28 15:41:46,1555
HOTH ,2020-06-28 16:41:45,1555
HOTH ,2020-06-28 17:41:41,1555
HOTH ,2020-06-28 18:41:44,1555
HOTH ,2020-06-28 19:41:44,1555
HOTH ,2020-06-28 20:41:40,1555
HOTH ,2020-06-28 21:41:45,1555
HOTH ,2020-06-28 22:41:48,1555
HOTH ,2020-06-28 23:41:44,1555
HOTH ,2020-06-29 00:41:50,1555
HOTH ,2020-06-29 01:41:41,1555
HOTH ,2020-06-29 02:41:46,1555
HOTH ,2020-06-29 03:41:43,1555
HOTH ,2020-06-29 04:41:46,1555
HOTH ,2020-06-29 05:41:42,1555
HOTH ,2020-06-29 06:41:47,1555
HOTH ,2020-06-29 07:41:46,1555
HOTH ,2020-06-29 08:41:45,1555
HOTH ,2020-06-29 09:41:45,1555
HOTH ,2020-06-29 10:41:46,1555
HOTH ,2020-06-29 11:41:44,1555
HOTH ,2020-06-29 12:41:50,1555
HOTH ,2020-06-29 13:41:50,1555
HOTH ,2020-06-29 14:41:56,1557
HOTH ,2020-06-29 15:41:45,1550
HOTH ,2020-06-29 16:41:45,1548
HOTH ,2020-06-29 17:41:44,1545
HOTH ,2020-06-29 18:41:45,1547
HOTH ,2020-06-29 19:41:44,1541
HOTH ,2020-06-29 20:41:44,1542
HOTH ,2020-06-29 21:41:44,1542
HOTH ,2020-06-29 22:41:43,1540
HOTH ,2020-06-29 23:41:46,1540
HOTH ,2020-06-30 00:41:48,1540
HOTH ,2020-06-30 01:41:50,1540
HOTH ,2020-06-30 02:41:58,1540
HOTH ,2020-06-30 03:41:43,1540
HOTH ,2020-06-30 04:41:51,1540
HOTH ,2020-06-30 05:41:49,1540
HOTH ,2020-06-30 06:41:53,1540
HOTH ,2020-06-30 07:41:44,1540
HOTH ,2020-06-30 08:41:43,1540
HOTH ,2020-06-30 09:41:48,1540
HOTH ,2020-06-30 10:41:45,1540
HOTH ,2020-06-30 11:41:43,1540
HOTH ,2020-06-30 12:41:45,1540
HOTH ,2020-06-30 13:41:59,1540
HOTH ,2020-06-30 14:41:50,1771
HOTH ,2020-06-30 15:41:50,1840
HOTH ,2020-06-30 16:41:54,1834
HOTH ,2020-06-30 17:41:45,1828
HOTH ,2020-06-30 18:41:48,1824
HOTH ,2020-06-30 19:41:45,1832
HOTH ,2020-06-30 20:41:47,1824
HOTH ,2020-06-30 21:41:50,1825
HOTH ,2020-06-30 22:41:42,1825
HOTH ,2020-06-30 23:41:45,1825
HOTH ,2020-07-01 00:42:07,1825
HOTH ,2020-07-01 01:41:46,1825
HOTH ,2020-07-01 02:41:52,1825
HOTH ,2020-07-01 03:41:47,1825
HOTH ,2020-07-01 04:41:49,1825
HOTH ,2020-07-01 05:41:46,1825
HOTH ,2020-07-01 06:41:46,1825
HOTH ,2020-07-01 07:41:47,1825
HOTH ,2020-07-01 08:41:51,1825
HOTH ,2020-07-01 09:42:00,1825
HOTH ,2020-07-01 10:41:57,1825
HOTH ,2020-07-01 11:41:45,1825
HOTH ,2020-07-01 13:05:53,1815
HOTH ,2020-07-01 13:41:56,1815
HOTH ,2020-07-01 14:41:57,1713
HOTH ,2020-07-01 15:41:56,1690
HOTH ,2020-07-01 16:41:55,1677
HOTH ,2020-07-01 17:41:51,1677
HOTH ,2020-07-01 18:41:53,1663
HOTH ,2020-07-01 19:41:56,1655
HOTH ,2020-07-01 20:41:52,1639
HOTH ,2020-07-01 21:41:48,1638
HOTH ,2020-07-01 22:41:53,1638
HOTH ,2020-07-01 23:41:50,1638
HOTH ,2020-07-02 00:42:08,1638
HOTH ,2020-07-02 01:41:48,1638
HOTH ,2020-07-02 02:41:50,1638
HOTH ,2020-07-02 03:41:50,1638
HOTH ,2020-07-02 04:41:48,1638
HOTH ,2020-07-02 05:41:49,1638
HOTH ,2020-07-02 06:41:48,1638
HOTH ,2020-07-02 07:41:45,1638
HOTH ,2020-07-02 08:41:45,1638
HOTH ,2020-07-02 09:41:49,1638
HOTH ,2020-07-02 10:41:46,1638
HOTH ,2020-07-02 11:41:47,1638
HOTH ,2020-07-02 13:08:53,1637
HOTH ,2020-07-02 13:42:02,1637
HOTH ,2020-07-02 14:41:49,1630
HOTH ,2020-07-02 15:41:48,1618
HOTH ,2020-07-02 16:41:53,1617
HOTH ,2020-07-02 17:41:53,1609
HOTH ,2020-07-02 18:41:53,1602
HOTH ,2020-07-02 19:41:49,1602
HOTH ,2020-07-02 20:41:44,1587
HOTH ,2020-07-02 21:41:50,1585
HOTH ,2020-07-02 22:41:44,1584
HOTH ,2020-07-02 23:41:45,1584
HOTH ,2020-07-03 00:41:56,1584
HOTH ,2020-07-03 01:41:48,1584
HOTH ,2020-07-03 02:41:51,1584
HOTH ,2020-07-03 03:41:47,1584
HOTH ,2020-07-03 04:41:53,1584
HOTH ,2020-07-03 05:41:46,1584
HOTH ,2020-07-03 06:41:47,1584
HOTH ,2020-07-03 07:41:46,1584
HOTH ,2020-07-03 08:41:46,1584
HOTH ,2020-07-03 09:41:56,1584
HOTH ,2020-07-03 10:41:46,1584
HOTH ,2020-07-03 11:41:46,1584
HOTH ,2020-07-03 12:41:45,1584
HOTH ,2020-07-03 13:41:45,1584
HOTH ,2020-07-03 14:41:52,1584
HOTH ,2020-07-03 15:41:45,1584
HOTH ,2020-07-03 16:41:47,1584
HOTH ,2020-07-03 17:41:46,1584
HOTH ,2020-07-03 18:41:51,1584
HOTH ,2020-07-03 19:41:46,1584
HOTH ,2020-07-03 20:41:46,1584
HOTH ,2020-07-03 21:41:48,1584
HOTH ,2020-07-03 22:41:45,1584
HOTH ,2020-07-03 23:41:46,1584
HOTH ,2020-07-04 00:41:45,1584
HOTH ,2020-07-04 01:41:49,1584
HOTH ,2020-07-04 02:41:52,1584
HOTH ,2020-07-04 03:41:48,1584
HOTH ,2020-07-04 04:41:45,1584
HOTH ,2020-07-04 05:41:48,1584
HOTH ,2020-07-04 06:41:48,1584
HOTH ,2020-07-04 07:41:47,1584
HOTH ,2020-07-04 08:41:46,1584
HOTH ,2020-07-04 09:41:47,1584
HOTH ,2020-07-04 11:35:56,1584
HOTH ,2020-07-04 11:43:45,1584
HOTH ,2020-07-04 12:41:48,1584
HOTH ,2020-07-04 13:41:47,1584
HOTH ,2020-07-04 14:41:48,1584
HOTH ,2020-07-04 15:41:43,1584
HOTH ,2020-07-04 16:41:54,1584
HOTH ,2020-07-04 17:41:46,1584
HOTH ,2020-07-04 18:41:46,1584
HOTH ,2020-07-04 19:41:43,1584
HOTH ,2020-07-04 20:41:48,1584
HOTH ,2020-07-04 21:41:46,1584
HOTH ,2020-07-04 22:41:44,1584
HOTH ,2020-07-04 23:41:49,1584
HOTH ,2020-07-05 00:41:49,1584
HOTH ,2020-07-05 01:41:48,1584
HOTH ,2020-07-05 02:41:44,1584
HOTH ,2020-07-05 03:41:47,1584
HOTH ,2020-07-05 04:41:44,1584
HOTH ,2020-07-05 05:41:46,1584
HOTH ,2020-07-05 06:41:47,1584
HOTH ,2020-07-05 07:41:48,1584
HOTH ,2020-07-05 08:41:47,1584
HOTH ,2020-07-05 09:41:46,1584
HOTH ,2020-07-05 11:33:31,1584
HOTH ,2020-07-05 11:45:14,1584
HOTH ,2020-07-05 12:41:46,1584
HOTH ,2020-07-05 13:41:48,1584
HOTH ,2020-07-05 14:41:44,1584
HOTH ,2020-07-05 15:41:49,1584
HOTH ,2020-07-05 16:41:49,1584
HOTH ,2020-07-05 17:41:44,1584
HOTH ,2020-07-05 18:41:45,1584
HOTH ,2020-07-05 19:41:46,1584
HOTH ,2020-07-05 20:41:45,1584
HOTH ,2020-07-05 21:41:47,1584
HOTH ,2020-07-05 22:41:44,1584
HOTH ,2020-07-05 23:41:44,1584
HOTH ,2020-07-06 00:41:48,1584
HOTH ,2020-07-06 01:41:48,1584
HOTH ,2020-07-06 02:41:47,1584
HOTH ,2020-07-06 03:41:46,1584
HOTH ,2020-07-06 04:41:46,1584
HOTH ,2020-07-06 05:41:42,1584
HOTH ,2020-07-06 06:41:49,1584
HOTH ,2020-07-06 07:41:50,1584
HOTH ,2020-07-06 08:41:50,1584
HOTH ,2020-07-06 09:41:46,1584
HOTH ,2020-07-06 11:39:11,1584
HOTH ,2020-07-06 11:49:43,1584
HOTH ,2020-07-06 14:07:29,1571
HOTH ,2020-07-06 14:15:34,1571
HOTH ,2020-07-06 14:41:54,1571
HOTH ,2020-07-06 15:41:48,1571
HOTH ,2020-07-06 16:41:57,1552
HOTH ,2020-07-06 17:41:50,1552
HOTH ,2020-07-06 18:41:48,1540
HOTH ,2020-07-06 19:41:46,1539
HOTH ,2020-07-06 20:41:47,1541
HOTH ,2020-07-06 21:41:45,1541
HOTH ,2020-07-06 22:41:51,1541
HOTH ,2020-07-06 23:41:46,1541
HOTH ,2020-07-07 00:41:48,1541
HOTH ,2020-07-07 01:41:44,1541
HOTH ,2020-07-07 02:41:46,1541
HOTH ,2020-07-07 03:41:51,1540
HOTH ,2020-07-07 04:41:45,1540
HOTH ,2020-07-07 05:41:44,1540
HOTH ,2020-07-07 06:41:44,1540
HOTH ,2020-07-07 07:41:43,1540
HOTH ,2020-07-07 08:41:43,1540
HOTH ,2020-07-07 11:22:38,1540
HOTH ,2020-07-07 11:27:38,1540
HOTH ,2020-07-07 11:41:46,1540
HOTH ,2020-07-07 12:41:48,1540
HOTH ,2020-07-07 13:41:47,1540
HOTH ,2020-07-07 14:41:47,1535
HOTH ,2020-07-07 15:41:53,1552
HOTH ,2020-07-07 16:41:58,1546
HOTH ,2020-07-07 17:41:51,1545
HOTH ,2020-07-07 18:41:44,1542
HOTH ,2020-07-07 19:41:55,1536
HOTH ,2020-07-07 20:41:48,1535
HOTH ,2020-07-07 21:41:56,1534
HOTH ,2020-07-07 22:41:49,1534
HOTH ,2020-07-07 23:41:47,1534
HOTH ,2020-07-08 00:41:59,1534
HOTH ,2020-07-08 01:41:53,1534
HOTH ,2020-07-08 02:41:47,1534
HOTH ,2020-07-08 03:41:50,1533
HOTH ,2020-07-08 04:41:47,1533
HOTH ,2020-07-08 05:41:54,1533
HOTH ,2020-07-08 06:41:50,1533
HOTH ,2020-07-08 07:41:49,1533
HOTH ,2020-07-08 08:41:49,1533
HOTH ,2020-07-08 11:47:47,1533
HOTH ,2020-07-08 11:52:20,1533
HOTH ,2020-07-08 11:53:54,1533
HOTH ,2020-07-08 13:09:54,1532
HOTH ,2020-07-08 13:41:56,1532
HOTH ,2020-07-08 14:41:48,1547
HOTH ,2020-07-08 15:41:48,1545
HOTH ,2020-07-08 16:41:49,1547
HOTH ,2020-07-08 17:41:51,1547
HOTH ,2020-07-08 18:41:51,1547
HOTH ,2020-07-08 19:41:52,1577
HOTH ,2020-07-08 20:41:48,1598
HOTH ,2020-07-08 21:41:48,1597
HOTH ,2020-07-08 22:41:46,1605
HOTH ,2020-07-08 23:41:50,1605
HOTH ,2020-07-09 00:42:05,1605
HOTH ,2020-07-09 01:41:48,1605
HOTH ,2020-07-09 18:41:52,1589
HOTH ,2020-07-09 18:44:14,1589
HOTH ,2020-07-09 18:57:18,1589
HOTH ,2020-07-09 19:43:24,1596
HOTH ,2020-07-09 20:41:51,1595
HOTH ,2020-07-09 21:41:49,1593
HOTH ,2020-07-09 22:41:52,1594
HOTH ,2020-07-09 23:41:48,1594
HOTH ,2020-07-10 00:42:05,1594
HOTH ,2020-07-10 01:41:47,1594
HOTH ,2020-07-10 02:41:51,1594
HOTH ,2020-07-10 03:41:48,1593
HOTH ,2020-07-10 04:41:43,1593
HOTH ,2020-07-10 05:41:45,1593
HOTH ,2020-07-10 06:41:47,1593
HOTH ,2020-07-10 07:41:48,1593
HOTH ,2020-07-10 08:41:47,1593
HOTH ,2020-07-10 11:41:32,1593
HOTH ,2020-07-10 11:49:20,1593
HOTH ,2020-07-10 11:56:56,1593
HOTH ,2020-07-10 13:09:53,1595
HOTH ,2020-07-10 13:41:53,1595
HOTH ,2020-07-10 14:41:48,1595
HOTH ,2020-07-10 15:41:50,1583
HOTH ,2020-07-10 16:41:52,1587
HOTH ,2020-07-10 17:41:50,1582
HOTH ,2020-07-10 18:41:52,1582
HOTH ,2020-07-10 19:41:52,1582
HOTH ,2020-07-10 20:41:48,1575
HOTH ,2020-07-10 21:42:00,1576
HOTH ,2020-07-10 22:41:46,1577
HOTH ,2020-07-10 23:41:53,1577
HOTH ,2020-07-11 00:41:49,1577
HOTH ,2020-07-11 01:41:50,1577
HOTH ,2020-07-11 02:41:47,1577
HOTH ,2020-07-11 03:41:51,1577
HOTH ,2020-07-11 04:41:50,1577
HOTH ,2020-07-11 05:41:47,1577
HOTH ,2020-07-11 06:41:46,1577
HOTH ,2020-07-11 07:41:52,1577
HOTH ,2020-07-11 08:41:53,1577
HOTH ,2020-07-11 11:46:15,1577
HOTH ,2020-07-11 11:50:02,1577
HOTH ,2020-07-11 11:55:11,1577
HOTH ,2020-07-11 12:41:50,1577
HOTH ,2020-07-11 13:41:51,1577
HOTH ,2020-07-11 14:41:50,1577
HOTH ,2020-07-11 15:41:52,1577
HOTH ,2020-07-11 16:41:46,1577
HOTH ,2020-07-11 17:41:51,1577
HOTH ,2020-07-11 18:41:50,1577
HOTH ,2020-07-11 19:41:48,1577
HOTH ,2020-07-11 20:41:44,1577
HOTH ,2020-07-11 21:41:50,1577
HOTH ,2020-07-11 22:41:50,1577
HOTH ,2020-07-11 23:41:49,1577
HOTH ,2020-07-12 00:41:48,1577
HOTH ,2020-07-12 01:41:56,1577
HOTH ,2020-07-12 02:41:48,1577
HOTH ,2020-07-12 03:41:52,1577
HOTH ,2020-07-12 04:41:48,1577
HOTH ,2020-07-12 05:41:49,1577
HOTH ,2020-07-12 06:41:53,1577
HOTH ,2020-07-12 07:41:49,1577
HOTH ,2020-07-12 08:41:45,1577
HOTH ,2020-07-12 11:32:27,1577
HOTH ,2020-07-12 11:34:56,1577
HOTH ,2020-07-12 11:51:16,1577
HOTH ,2020-07-12 12:41:47,1577
HOTH ,2020-07-12 13:41:51,1577
HOTH ,2020-07-12 14:41:46,1577
HOTH ,2020-07-12 15:41:49,1577
HOTH ,2020-07-12 16:41:51,1577
HOTH ,2020-07-12 17:41:46,1577
HOTH ,2020-07-12 18:41:49,1577
HOTH ,2020-07-12 19:41:49,1577
HOTH ,2020-07-12 20:41:52,1577
HOTH ,2020-07-12 21:41:46,1577
HOTH ,2020-07-12 22:41:52,1577
HOTH ,2020-07-12 23:41:47,1577
HOTH ,2020-07-13 00:41:59,1577
HOTH ,2020-07-13 01:42:00,1577
HOTH ,2020-07-13 02:41:56,1577
HOTH ,2020-07-13 03:41:51,1577
HOTH ,2020-07-13 04:41:51,1577
HOTH ,2020-07-13 05:41:47,1577
HOTH ,2020-07-13 06:41:54,1577
HOTH ,2020-07-13 07:41:49,1577
HOTH ,2020-07-13 08:41:48,1577
HOTH ,2020-07-13 11:55:56,1577
HOTH ,2020-07-13 11:58:17,1577
HOTH ,2020-07-13 11:59:28,1577
HOTH ,2020-07-13 12:42:01,1577
HOTH ,2020-07-13 13:41:50,1577
HOTH ,2020-07-13 14:41:49,1561
HOTH ,2020-07-13 15:41:57,1561
HOTH ,2020-07-13 16:41:51,1586
HOTH ,2020-07-13 17:41:51,1585
HOTH ,2020-07-13 18:41:52,1592
HOTH ,2020-07-13 19:41:56,1589
HOTH ,2020-07-13 20:41:54,1599
HOTH ,2020-07-13 21:41:53,1598
HOTH ,2020-07-13 22:41:57,1596
HOTH ,2020-07-13 23:41:53,1596
HOTH ,2020-07-14 00:42:00,1596
HOTH ,2020-07-14 01:41:55,1596
HOTH ,2020-07-14 02:41:56,1596
HOTH ,2020-07-14 03:41:50,1596
HOTH ,2020-07-14 04:41:48,1596
HOTH ,2020-07-14 05:41:49,1596
HOTH ,2020-07-14 06:41:52,1596
HOTH ,2020-07-14 07:41:52,1596
HOTH ,2020-07-14 08:41:52,1596
HOTH ,2020-07-14 12:04:31,1596
HOTH ,2020-07-14 12:08:20,1596
HOTH ,2020-07-14 12:14:02,1596
HOTH ,2020-07-14 12:41:55,1596
HOTH ,2020-07-14 13:42:03,1601
HOTH ,2020-07-14 14:41:55,1618
HOTH ,2020-07-14 15:42:00,1616
HOTH ,2020-07-14 16:42:03,1616
HOTH ,2020-07-14 17:42:04,1609
HOTH ,2020-07-14 18:41:54,1613
HOTH ,2020-07-14 19:41:52,1625
HOTH ,2020-07-14 20:41:54,1623
HOTH ,2020-07-14 21:41:56,1623
HOTH ,2020-07-14 22:41:58,1622
HOTH ,2020-07-14 23:41:59,1622
HOTH ,2020-07-15 00:42:01,1622
HOTH ,2020-07-15 01:41:57,1622
HOTH ,2020-07-15 02:28:20,1622
HOTH ,2020-07-15 02:36:09,1622
HOTH ,2020-07-15 02:43:48,1622
HOTH ,2020-07-15 02:51:28,1622
HOTH ,2020-07-15 02:59:28,1622
HOTH ,2020-07-15 03:13:07,1622
HOTH ,2020-07-15 03:20:53,1622
HOTH ,2020-07-15 03:28:45,1622
HOTH ,2020-07-15 03:36:35,1622
HOTH ,2020-07-15 03:44:18,1622
HOTH ,2020-07-15 03:52:02,1622
HOTH ,2020-07-15 03:59:46,1622
HOTH ,2020-07-15 04:07:37,1622
HOTH ,2020-07-15 04:15:22,1622
HOTH ,2020-07-15 04:23:08,1622
HOTH ,2020-07-15 04:30:58,1622
HOTH ,2020-07-15 04:38:45,1622
HOTH ,2020-07-15 04:46:28,1622
HOTH ,2020-07-15 04:54:12,1622
HOTH ,2020-07-15 05:02:25,1622
HOTH ,2020-07-15 05:10:14,1622
HOTH ,2020-07-15 12:16:30,1622
HOTH ,2020-07-15 12:24:59,1622
HOTH ,2020-07-15 12:32:53,1622
HOTH ,2020-07-15 12:40:48,1622
HOTH ,2020-07-15 12:48:41,1622
HOTH ,2020-07-15 12:56:36,1622
HOTH ,2020-07-15 13:04:33,1622
HOTH ,2020-07-15 13:12:44,1622
HOTH ,2020-07-15 13:20:53,1622
HOTH ,2020-07-15 13:29:03,1622
HOTH ,2020-07-15 13:37:02,1622
HOTH ,2020-07-15 13:45:07,1622
HOTH ,2020-07-15 13:53:03,1622
HOTH ,2020-07-15 14:01:03,1622
HOTH ,2020-07-15 14:09:07,1622
HOTH ,2020-07-15 14:17:09,1597
HOTH ,2020-07-15 14:25:12,1597
HOTH ,2020-07-15 14:33:16,1597
HOTH ,2020-07-15 14:43:09,1597
HOTH ,2020-07-15 14:53:03,1597
HOTH ,2020-07-15 15:03:04,1597
HOTH ,2020-07-15 15:13:11,1592
HOTH ,2020-07-15 15:23:06,1592
HOTH ,2020-07-15 15:33:03,1592
HOTH ,2020-07-15 15:43:03,1592
HOTH ,2020-07-15 15:53:18,1592
HOTH ,2020-07-15 16:03:18,1592
HOTH ,2020-07-15 16:13:23,1606
HOTH ,2020-07-15 16:23:25,1606
HOTH ,2020-07-15 16:33:34,1606
HOTH ,2020-07-15 16:43:45,1606
HOTH ,2020-07-15 16:53:59,1606
HOTH ,2020-07-15 17:04:02,1606
HOTH ,2020-07-15 17:11:21,1606
HOTH ,2020-07-15 17:19:16,1647
HOTH ,2020-07-15 17:27:00,1647
HOTH ,2020-07-15 17:34:47,1647
HOTH ,2020-07-15 17:42:33,1647
HOTH ,2020-07-15 17:50:21,1647
HOTH ,2020-07-15 17:58:15,1647
HOTH ,2020-07-15 18:06:14,1647
HOTH ,2020-07-15 18:14:09,1647
HOTH ,2020-07-15 18:22:05,1647
HOTH ,2020-07-15 18:29:56,1647
HOTH ,2020-07-15 18:37:55,1647
HOTH ,2020-07-15 18:46:04,1647
HOTH ,2020-07-15 18:54:03,1647
HOTH ,2020-07-15 19:02:13,1647
HOTH ,2020-07-15 19:10:19,1647
HOTH ,2020-07-15 19:18:09,1652
HOTH ,2020-07-15 19:26:04,1652
HOTH ,2020-07-15 19:36:06,1652
HOTH ,2020-07-15 19:46:02,1652
HOTH ,2020-07-15 19:55:52,1652
HOTH ,2020-07-15 20:05:49,1652
HOTH ,2020-07-15 20:15:45,1642
HOTH ,2020-07-15 20:25:52,1642
HOTH ,2020-07-15 20:35:39,1642
HOTH ,2020-07-15 20:45:26,1642
HOTH ,2020-07-15 20:55:11,1642
HOTH ,2020-07-15 21:05:00,1642
HOTH ,2020-07-15 21:14:48,1639
HOTH ,2020-07-15 21:24:35,1639
HOTH ,2020-07-15 21:34:56,1639
HOTH ,2020-07-15 21:44:59,1639
HOTH ,2020-07-15 21:55:09,1639
HOTH ,2020-07-15 22:05:11,1643
HOTH ,2020-07-15 22:15:03,1643
HOTH ,2020-07-15 22:24:58,1643
HOTH ,2020-07-15 22:34:44,1643
HOTH ,2020-07-15 22:44:26,1643
HOTH ,2020-07-15 22:54:11,1643
HOTH ,2020-07-15 22:57:57,1643
HOTH ,2020-07-15 23:03:21,1643
HOTH ,2020-07-15 23:23:53,1643
HOTH ,2020-07-15 23:33:40,1643
HOTH ,2020-07-15 23:43:29,1643
HOTH ,2020-07-15 23:53:12,1643
HOTH ,2020-07-16 00:03:30,1643
HOTH ,2020-07-16 00:13:58,1643
HOTH ,2020-07-16 00:24:27,1643
HOTH ,2020-07-16 00:34:51,1643
HOTH ,2020-07-16 00:44:52,1643
HOTH ,2020-07-16 00:54:39,1643
HOTH ,2020-07-16 01:04:33,1643
HOTH ,2020-07-16 01:14:23,1643
HOTH ,2020-07-16 01:24:22,1643
HOTH ,2020-07-16 01:34:07,1643
HOTH ,2020-07-16 01:43:52,1643
HOTH ,2020-07-16 01:53:42,1643
HOTH ,2020-07-16 02:03:35,1643
HOTH ,2020-07-16 02:13:31,1643
HOTH ,2020-07-16 02:24:00,1643
HOTH ,2020-07-16 02:34:02,1643
HOTH ,2020-07-16 02:44:04,1643
HOTH ,2020-07-16 02:55:02,1643
HOTH ,2020-07-16 02:57:35,1643
HOTH ,2020-07-16 03:14:36,1643
HOTH ,2020-07-16 03:25:00,1643
HOTH ,2020-07-16 03:35:01,1643
HOTH ,2020-07-16 03:45:01,1643
HOTH ,2020-07-16 03:55:07,1643
HOTH ,2020-07-16 04:05:39,1643
HOTH ,2020-07-16 04:15:39,1643
HOTH ,2020-07-16 04:25:34,1643
HOTH ,2020-07-16 04:35:32,1643
HOTH ,2020-07-16 04:45:26,1643
HOTH ,2020-07-16 04:55:19,1643
HOTH ,2020-07-16 05:05:16,1643
HOTH ,2020-07-16 05:15:09,1643
HOTH ,2020-07-16 05:25:02,1643
HOTH ,2020-07-16 05:34:53,1643
HOTH ,2020-07-16 05:47:23,1643
HOTH ,2020-07-16 05:58:46,1643
HOTH ,2020-07-16 06:08:45,1643
HOTH ,2020-07-16 06:16:39,1643
HOTH ,2020-07-16 06:25:00,1643
HOTH ,2020-07-16 06:34:24,1643
HOTH ,2020-07-16 06:43:43,1643
HOTH ,2020-07-16 06:54:26,1643
HOTH ,2020-07-16 06:57:32,1643
HOTH ,2020-07-16 06:58:56,1643
HOTH ,2020-07-16 07:25:26,1643
HOTH ,2020-07-16 07:36:24,1643
HOTH ,2020-07-16 07:40:42,1643
HOTH ,2020-07-16 07:50:23,1643
HOTH ,2020-07-16 07:56:55,1643
HOTH ,2020-07-16 08:07:47,1643
HOTH ,2020-07-16 08:17:49,1643
HOTH ,2020-07-16 08:27:11,1643
HOTH ,2020-07-16 08:36:42,1643
HOTH ,2020-07-16 08:46:01,1643
HOTH ,2020-07-16 08:55:04,1643
HOTH ,2020-07-16 09:04:32,1643
HOTH ,2020-07-16 09:14:28,1643
HOTH ,2020-07-16 09:24:34,1643
HOTH ,2020-07-16 09:34:22,1643
HOTH ,2020-07-16 09:43:29,1643
HOTH ,2020-07-16 09:52:12,1643
HOTH ,2020-07-16 10:01:08,1643
HOTH ,2020-07-16 10:10:14,1643
HOTH ,2020-07-16 10:18:52,1643
HOTH ,2020-07-16 10:27:11,1643
HOTH ,2020-07-16 10:35:43,1643
HOTH ,2020-07-16 10:46:06,1643
HOTH ,2020-07-16 10:56:36,1643
HOTH ,2020-07-16 11:07:36,1643
HOTH ,2020-07-16 11:18:34,1643
HOTH ,2020-07-16 11:29:04,1643
HOTH ,2020-07-16 11:39:29,1643
HOTH ,2020-07-16 11:50:19,1643
HOTH ,2020-07-16 12:01:39,1643
HOTH ,2020-07-16 12:13:23,1643
HOTH ,2020-07-16 12:24:24,1643
HOTH ,2020-07-16 12:35:42,1643
HOTH ,2020-07-16 12:46:48,1643
HOTH ,2020-07-16 12:57:46,1643
HOTH ,2020-07-16 13:09:21,1640
HOTH ,2020-07-16 13:21:12,1640
HOTH ,2020-07-16 13:33:12,1640
HOTH ,2020-07-16 13:44:33,1640
HOTH ,2020-07-16 13:55:25,1640
HOTH ,2020-07-16 14:06:37,1625
HOTH ,2020-07-16 14:17:43,1625
HOTH ,2020-07-16 14:28:54,1625
HOTH ,2020-07-16 14:33:16,1625
HOTH ,2020-07-16 14:39:03,1625
HOTH ,2020-07-16 15:01:20,1625
HOTH ,2020-07-16 15:12:22,1625
HOTH ,2020-07-16 16:56:06,1600
HOTH ,2020-07-16 17:04:22,1600
HOTH ,2020-07-16 17:12:39,1600
HOTH ,2020-07-16 17:20:49,1596
HOTH ,2020-07-16 17:28:53,1596
HOTH ,2020-07-16 17:37:09,1596
HOTH ,2020-07-16 17:45:18,1596
HOTH ,2020-07-16 17:53:23,1596
HOTH ,2020-07-16 18:01:32,1596
HOTH ,2020-07-16 18:09:50,1596
HOTH ,2020-07-16 18:18:02,1596
HOTH ,2020-07-16 18:26:13,1596
HOTH ,2020-07-16 18:34:19,1590
HOTH ,2020-07-16 18:42:26,1590
HOTH ,2020-07-16 18:50:45,1590
HOTH ,2020-07-16 18:58:51,1590
HOTH ,2020-07-16 19:07:01,1590
HOTH ,2020-07-16 19:15:14,1587
HOTH ,2020-07-16 19:25:20,1587
HOTH ,2020-07-16 19:35:28,1587
HOTH ,2020-07-16 19:45:34,1587
HOTH ,2020-07-16 19:55:36,1587
HOTH ,2020-07-16 20:05:43,1582
HOTH ,2020-07-16 20:15:45,1582
HOTH ,2020-07-16 20:25:45,1582
HOTH ,2020-07-16 20:35:46,1582
HOTH ,2020-07-16 20:45:51,1582
HOTH ,2020-07-16 20:55:53,1582
HOTH ,2020-07-16 21:06:01,1584
HOTH ,2020-07-16 21:16:04,1584
HOTH ,2020-07-16 21:26:09,1584
HOTH ,2020-07-16 21:36:32,1584
HOTH ,2020-07-16 21:46:40,1584
HOTH ,2020-07-16 21:56:42,1584
HOTH ,2020-07-16 22:06:51,1584
HOTH ,2020-07-16 22:16:53,1584
HOTH ,2020-07-16 22:26:54,1584
HOTH ,2020-07-16 22:36:57,1584
HOTH ,2020-07-16 22:46:56,1584
HOTH ,2020-07-16 22:50:50,1584
HOTH ,2020-07-16 22:56:10,1584
HOTH ,2020-07-16 23:17:03,1584
HOTH ,2020-07-16 23:27:03,1584
HOTH ,2020-07-16 23:37:02,1584
HOTH ,2020-07-16 23:47:00,1584
HOTH ,2020-07-16 23:57:02,1584
HOTH ,2020-07-17 00:07:49,1584
HOTH ,2020-07-17 00:18:27,1584
HOTH ,2020-07-17 00:28:55,1584
HOTH ,2020-07-17 00:39:33,1584
HOTH ,2020-07-17 00:49:45,1584
HOTH ,2020-07-17 00:59:58,1584
HOTH ,2020-07-17 01:10:13,1584
HOTH ,2020-07-17 01:20:18,1584
HOTH ,2020-07-17 01:30:19,1584
HOTH ,2020-07-17 01:40:22,1584
HOTH ,2020-07-17 01:50:24,1584
HOTH ,2020-07-17 02:00:29,1584
HOTH ,2020-07-17 02:10:33,1584
HOTH ,2020-07-17 02:20:40,1584
HOTH ,2020-07-17 02:30:40,1584
HOTH ,2020-07-17 02:40:36,1584
HOTH ,2020-07-17 02:51:15,1584
HOTH ,2020-07-17 02:53:49,1584
HOTH ,2020-07-17 03:10:42,1584
HOTH ,2020-07-17 03:20:43,1584
HOTH ,2020-07-17 03:30:49,1584
HOTH ,2020-07-17 03:40:55,1584
HOTH ,2020-07-17 03:51:00,1584
HOTH ,2020-07-17 04:01:10,1584
HOTH ,2020-07-17 04:11:22,1584
HOTH ,2020-07-17 04:21:27,1584
HOTH ,2020-07-17 04:31:33,1584
HOTH ,2020-07-17 04:41:36,1584
HOTH ,2020-07-17 04:51:39,1584
HOTH ,2020-07-17 05:01:46,1584
HOTH ,2020-07-17 05:11:52,1584
HOTH ,2020-07-17 05:21:58,1584
HOTH ,2020-07-17 05:31:57,1584
HOTH ,2020-07-17 05:41:59,1584
HOTH ,2020-07-17 05:51:58,1584
HOTH ,2020-07-17 06:02:00,1584
HOTH ,2020-07-17 06:10:16,1584
HOTH ,2020-07-17 06:18:24,1584
HOTH ,2020-07-17 06:26:38,1584
HOTH ,2020-07-17 06:34:50,1584
HOTH ,2020-07-17 06:44:16,1584
HOTH ,2020-07-17 06:46:44,1584
HOTH ,2020-07-17 06:48:02,1584
HOTH ,2020-07-17 07:08:05,1584
HOTH ,2020-07-17 07:16:16,1584
HOTH ,2020-07-17 07:24:23,1584
HOTH ,2020-07-17 07:32:33,1584
HOTH ,2020-07-17 07:40:37,1584
HOTH ,2020-07-17 07:48:44,1584
HOTH ,2020-07-17 07:56:49,1584
HOTH ,2020-07-17 08:05:09,1584
HOTH ,2020-07-17 08:13:35,1584
HOTH ,2020-07-17 08:22:06,1584
HOTH ,2020-07-17 08:30:41,1584
HOTH ,2020-07-17 08:39:12,1584
HOTH ,2020-07-17 08:47:29,1584
HOTH ,2020-07-17 08:55:41,1584
HOTH ,2020-07-17 09:03:57,1584
HOTH ,2020-07-17 09:12:04,1584
HOTH ,2020-07-17 09:20:13,1584
HOTH ,2020-07-17 09:28:21,1584
HOTH ,2020-07-17 09:36:25,1584
HOTH ,2020-07-17 09:44:25,1584
HOTH ,2020-07-17 09:52:28,1584
HOTH ,2020-07-17 10:00:52,1584
HOTH ,2020-07-17 10:04:46,1584
HOTH ,2020-07-17 10:10:40,1584
HOTH ,2020-07-17 10:25:01,1584
HOTH ,2020-07-17 10:35:03,1584
HOTH ,2020-07-17 10:45:06,1584
HOTH ,2020-07-17 10:55:15,1584
HOTH ,2020-07-17 11:05:42,1584
HOTH ,2020-07-17 11:15:49,1584
HOTH ,2020-07-17 11:25:54,1584
HOTH ,2020-07-17 11:36:02,1584
HOTH ,2020-07-17 11:46:06,1584
HOTH ,2020-07-17 11:56:13,1584
HOTH ,2020-07-17 12:06:33,1584
HOTH ,2020-07-17 12:16:55,1584
HOTH ,2020-07-17 12:27:07,1584
HOTH ,2020-07-17 12:37:15,1584
HOTH ,2020-07-17 12:47:18,1584
HOTH ,2020-07-17 12:57:28,1584
HOTH ,2020-07-17 13:08:10,1586
HOTH ,2020-07-17 13:18:40,1586
HOTH ,2020-07-17 13:27:03,1586
HOTH ,2020-07-17 13:35:40,1586
HOTH ,2020-07-17 13:44:00,1586
HOTH ,2020-07-17 13:52:03,1586
HOTH ,2020-07-17 14:00:51,1586
HOTH ,2020-07-17 14:09:28,1586
HOTH ,2020-07-17 14:17:53,1586
HOTH ,2020-07-17 14:26:14,1586
HOTH ,2020-07-17 14:34:33,1586
HOTH ,2020-07-17 14:42:37,1586
HOTH ,2020-07-17 14:50:40,1586
HOTH ,2020-07-17 14:59:12,1586
HOTH ,2020-07-17 15:08:09,1586
HOTH ,2020-07-17 15:17:02,1552
HOTH ,2020-07-17 15:25:36,1552
HOTH ,2020-07-17 15:34:08,1552
HOTH ,2020-07-17 15:42:34,1552
HOTH ,2020-07-17 15:50:55,1552
HOTH ,2020-07-17 15:57:03,1552
HOTH ,2020-07-17 16:06:15,1548
HOTH ,2020-07-17 16:13:33,1548
HOTH ,2020-07-17 16:22:26,1548
HOTH ,2020-07-17 16:31:09,1548
HOTH ,2020-07-17 16:39:44,1548
HOTH ,2020-07-17 16:48:15,1548
HOTH ,2020-07-17 16:56:43,1548
HOTH ,2020-07-17 17:01:18,1548
HOTH ,2020-07-17 17:09:33,1536
HOTH ,2020-07-17 17:17:48,1536
HOTH ,2020-07-17 17:26:23,1536
HOTH ,2020-07-17 17:34:47,1536
HOTH ,2020-07-17 17:43:17,1536
HOTH ,2020-07-17 17:51:42,1536
HOTH ,2020-07-17 18:00:15,1536
HOTH ,2020-07-17 18:09:04,1533
HOTH ,2020-07-17 18:17:39,1533
HOTH ,2020-07-17 18:26:07,1533
HOTH ,2020-07-17 18:34:41,1533
HOTH ,2020-07-17 18:43:07,1533
HOTH ,2020-07-17 18:51:31,1533
HOTH ,2020-07-17 19:00:08,1533
HOTH ,2020-07-17 19:03:14,1533
HOTH ,2020-07-17 19:12:43,1533
HOTH ,2020-07-17 19:21:09,1523
HOTH ,2020-07-17 19:29:23,1523
HOTH ,2020-07-17 19:37:31,1523
HOTH ,2020-07-17 19:41:11,1523
HOTH ,2020-07-17 19:49:13,1523
HOTH ,2020-07-17 19:57:19,1523
HOTH ,2020-07-17 20:05:31,1576
HOTH ,2020-07-17 20:13:35,1576
HOTH ,2020-07-17 20:21:35,1576
HOTH ,2020-07-17 20:29:33,1576
HOTH ,2020-07-17 20:37:39,1576
HOTH ,2020-07-17 20:45:39,1576
HOTH ,2020-07-17 20:53:39,1576
HOTH ,2020-07-17 21:01:53,1576
HOTH ,2020-07-17 21:10:04,1581
HOTH ,2020-07-17 21:18:03,1581
HOTH ,2020-07-17 21:26:00,1581
HOTH ,2020-07-17 21:34:02,1581
HOTH ,2020-07-17 21:42:03,1581
HOTH ,2020-07-17 21:50:10,1581
HOTH ,2020-07-17 21:58:20,1581
HOTH ,2020-07-17 22:08:41,1581
HOTH ,2020-07-17 22:18:53,1587
HOTH ,2020-07-17 22:28:59,1587
HOTH ,2020-07-17 22:39:16,1587
HOTH ,2020-07-17 22:49:41,1587
HOTH ,2020-07-17 23:00:17,1587
HOTH ,2020-07-17 23:11:00,1587
HOTH ,2020-07-17 23:21:11,1587
HOTH ,2020-07-17 23:31:15,1587
HOTH ,2020-07-17 23:41:20,1587
HOTH ,2020-07-17 23:51:24,1587
HOTH ,2020-07-18 00:02:23,1587
HOTH ,2020-07-18 00:14:17,1587
HOTH ,2020-07-18 00:25:00,1587
HOTH ,2020-07-18 00:35:31,1587
HOTH ,2020-07-18 00:46:15,1587
HOTH ,2020-07-18 00:56:29,1587
HOTH ,2020-07-18 01:06:42,1587
HOTH ,2020-07-18 01:16:50,1587
HOTH ,2020-07-18 01:26:59,1587
HOTH ,2020-07-18 01:37:04,1587
HOTH ,2020-07-18 01:41:01,1587
HOTH ,2020-07-18 01:46:22,1587
HOTH ,2020-07-18 02:07:16,1587
HOTH ,2020-07-18 02:17:21,1587
HOTH ,2020-07-18 02:27:21,1587
HOTH ,2020-07-18 02:37:20,1587
HOTH ,2020-07-18 02:47:19,1587
HOTH ,2020-07-18 02:57:19,1587
HOTH ,2020-07-18 03:07:34,1587
HOTH ,2020-07-18 03:17:43,1587
HOTH ,2020-07-18 03:27:50,1587
HOTH ,2020-07-18 03:37:57,1587
HOTH ,2020-07-18 03:48:08,1587
HOTH ,2020-07-18 03:58:19,1587
HOTH ,2020-07-18 04:08:54,1587
HOTH ,2020-07-18 04:19:30,1587
HOTH ,2020-07-18 04:29:48,1587
HOTH ,2020-07-18 04:39:53,1587
HOTH ,2020-07-18 04:49:56,1587
HOTH ,2020-07-18 05:00:03,1587
HOTH ,2020-07-18 05:10:53,1587
HOTH ,2020-07-18 05:21:13,1587
HOTH ,2020-07-18 05:31:24,1587
HOTH ,2020-07-18 05:42:03,1587
HOTH ,2020-07-18 05:44:36,1587
HOTH ,2020-07-18 06:01:34,1587
HOTH ,2020-07-18 06:11:51,1587
HOTH ,2020-07-18 08:35:48,1587
HOTH ,2020-07-18 08:44:00,1587
HOTH ,2020-07-18 08:52:06,1587
HOTH ,2020-07-18 09:00:11,1587
HOTH ,2020-07-18 09:08:16,1587
HOTH ,2020-07-18 09:16:14,1587
HOTH ,2020-07-18 09:24:13,1587
HOTH ,2020-07-18 09:32:17,1587
HOTH ,2020-07-18 09:40:17,1587
HOTH ,2020-07-18 09:48:17,1587
HOTH ,2020-07-18 09:56:20,1587
HOTH ,2020-07-18 10:04:24,1587
HOTH ,2020-07-18 10:12:27,1587
HOTH ,2020-07-18 10:20:27,1587
HOTH ,2020-07-18 10:28:33,1587
HOTH ,2020-07-18 10:36:33,1587
HOTH ,2020-07-18 10:44:28,1587
HOTH ,2020-07-18 10:52:26,1587
HOTH ,2020-07-18 11:02:28,1587
HOTH ,2020-07-18 11:12:29,1587
HOTH ,2020-07-18 11:22:27,1587
HOTH ,2020-07-18 11:32:26,1587
HOTH ,2020-07-18 11:42:25,1587
HOTH ,2020-07-18 11:52:22,1587
HOTH ,2020-07-18 12:02:25,1587
HOTH ,2020-07-18 12:12:36,1587
HOTH ,2020-07-18 12:22:43,1587
HOTH ,2020-07-18 12:32:44,1587
HOTH ,2020-07-18 12:42:46,1587
HOTH ,2020-07-18 12:52:48,1587
HOTH ,2020-07-18 13:03:01,1587
HOTH ,2020-07-18 13:13:16,1587
HOTH ,2020-07-18 13:23:22,1587
HOTH ,2020-07-18 13:33:24,1587
HOTH ,2020-07-18 13:43:19,1587
HOTH ,2020-07-18 13:53:16,1587
HOTH ,2020-07-18 14:03:13,1587
HOTH ,2020-07-18 14:13:11,1587
HOTH ,2020-07-18 14:23:08,1587
HOTH ,2020-07-18 14:27:01,1587
HOTH ,2020-07-18 14:32:23,1587
HOTH ,2020-07-18 14:53:09,1587
HOTH ,2020-07-18 15:03:13,1587
HOTH ,2020-07-18 15:13:18,1587
HOTH ,2020-07-18 15:23:21,1587
HOTH ,2020-07-18 15:33:20,1587
HOTH ,2020-07-18 15:43:18,1587
HOTH ,2020-07-18 15:53:17,1587
HOTH ,2020-07-18 16:03:18,1587
HOTH ,2020-07-18 16:13:19,1587
HOTH ,2020-07-18 16:23:20,1587
HOTH ,2020-07-18 16:33:21,1587
HOTH ,2020-07-18 16:43:21,1587
HOTH ,2020-07-18 16:53:18,1587
HOTH ,2020-07-18 17:03:19,1587
HOTH ,2020-07-18 17:13:27,1587
HOTH ,2020-07-18 17:23:27,1587
HOTH ,2020-07-18 17:33:26,1587
HOTH ,2020-07-18 17:43:23,1587
HOTH ,2020-07-18 17:53:21,1587
HOTH ,2020-07-18 18:03:19,1587
HOTH ,2020-07-18 18:13:22,1587
HOTH ,2020-07-18 18:24:00,1587
HOTH ,2020-07-18 18:26:32,1587
HOTH ,2020-07-18 18:43:14,1587
HOTH ,2020-07-18 18:53:11,1587
HOTH ,2020-07-18 19:03:15,1587
HOTH ,2020-07-18 19:13:40,1587
HOTH ,2020-07-18 19:23:38,1587
HOTH ,2020-07-18 19:33:55,1587
HOTH ,2020-07-18 19:43:55,1587
