Ticker,timestamp,users_holding
PRA ,2018-05-02 04:54:48,42
PRA ,2018-05-02 06:39:59,42
PRA ,2018-05-03 00:36:40,42
PRA ,2018-05-03 06:35:03,42
PRA ,2018-05-03 06:50:02,42
PRA ,2018-05-03 07:08:16,42
PRA ,2018-05-03 07:35:29,42
PRA ,2018-05-03 07:44:43,42
PRA ,2018-05-03 11:20:43,42
PRA ,2018-05-03 12:44:07,42
PRA ,2018-05-03 13:44:07,42
PRA ,2018-05-03 14:44:07,42
PRA ,2018-05-03 15:44:08,43
PRA ,2018-05-03 16:44:08,43
PRA ,2018-05-03 17:44:08,43
PRA ,2018-05-03 18:44:07,43
PRA ,2018-05-03 19:44:07,43
PRA ,2018-05-03 20:44:07,43
PRA ,2018-05-03 21:44:06,43
PRA ,2018-05-03 22:44:08,43
PRA ,2018-05-03 23:44:06,43
PRA ,2018-05-04 00:44:06,43
PRA ,2018-05-04 01:44:07,43
PRA ,2018-05-04 02:44:08,43
PRA ,2018-05-04 03:44:07,43
PRA ,2018-05-04 04:44:07,43
PRA ,2018-05-04 05:44:07,43
PRA ,2018-05-04 06:44:07,43
PRA ,2018-05-04 07:44:07,43
PRA ,2018-05-04 08:44:08,43
PRA ,2018-05-04 09:44:08,43
PRA ,2018-05-04 10:44:07,43
PRA ,2018-05-04 11:44:07,43
PRA ,2018-05-04 12:44:06,43
PRA ,2018-05-04 20:48:51,49
PRA ,2018-05-04 20:54:51,49
PRA ,2018-05-04 21:00:50,49
PRA ,2018-05-04 21:06:50,49
PRA ,2018-05-04 21:12:50,49
PRA ,2018-05-04 21:18:49,49
PRA ,2018-05-04 21:24:49,49
PRA ,2018-05-04 21:30:48,49
PRA ,2018-05-04 21:44:06,49
PRA ,2018-05-04 22:44:07,49
PRA ,2018-05-04 23:44:07,49
PRA ,2018-05-05 00:44:06,49
PRA ,2018-05-05 01:44:08,49
PRA ,2018-05-05 02:44:07,49
PRA ,2018-05-05 03:44:07,49
PRA ,2018-05-05 04:44:07,49
PRA ,2018-05-05 05:44:06,49
PRA ,2018-05-05 06:44:08,49
PRA ,2018-05-05 07:44:08,49
PRA ,2018-05-05 08:44:07,49
PRA ,2018-05-05 09:44:06,49
PRA ,2018-05-05 10:44:08,49
PRA ,2018-05-05 11:44:07,49
PRA ,2018-05-05 12:44:07,49
PRA ,2018-05-05 13:44:08,49
PRA ,2018-05-05 14:44:07,49
PRA ,2018-05-05 15:44:08,49
PRA ,2018-05-05 16:44:08,49
PRA ,2018-05-05 17:44:08,49
PRA ,2018-05-05 18:44:07,49
PRA ,2018-05-05 19:44:07,49
PRA ,2018-05-05 20:44:07,49
PRA ,2018-05-05 21:44:06,49
PRA ,2018-05-05 22:44:07,49
PRA ,2018-05-05 23:44:06,49
PRA ,2018-05-06 00:44:06,49
PRA ,2018-05-06 01:44:07,49
PRA ,2018-05-06 02:44:07,49
PRA ,2018-05-06 03:44:07,49
PRA ,2018-05-06 04:44:07,49
PRA ,2018-05-06 05:44:07,49
PRA ,2018-05-06 06:44:07,49
PRA ,2018-05-06 07:44:11,49
PRA ,2018-05-06 08:44:06,49
PRA ,2018-05-06 09:44:06,49
PRA ,2018-05-06 10:44:06,49
PRA ,2018-05-06 11:44:07,49
PRA ,2018-05-06 12:44:06,49
PRA ,2018-05-06 13:44:07,49
PRA ,2018-05-06 14:44:07,49
PRA ,2018-05-06 15:44:07,49
PRA ,2018-05-06 16:44:07,49
PRA ,2018-05-06 17:44:07,49
PRA ,2018-05-06 18:44:08,49
PRA ,2018-05-06 19:44:07,49
PRA ,2018-05-06 20:44:08,49
PRA ,2018-05-06 21:44:07,49
PRA ,2018-05-06 22:44:07,49
PRA ,2018-05-06 23:44:07,49
PRA ,2018-05-07 00:44:06,49
PRA ,2018-05-07 01:44:07,49
PRA ,2018-05-07 01:57:43,49
PRA ,2018-05-07 02:44:08,49
PRA ,2018-05-07 03:44:07,49
PRA ,2018-05-07 04:44:07,49
PRA ,2018-05-07 05:44:07,49
PRA ,2018-05-07 06:44:06,49
PRA ,2018-05-07 07:44:07,49
PRA ,2018-05-07 08:44:09,49
PRA ,2018-05-07 09:44:06,49
PRA ,2018-05-07 10:44:07,49
PRA ,2018-05-07 11:44:06,49
PRA ,2018-05-07 12:44:06,49
PRA ,2018-05-07 13:44:17,49
PRA ,2018-05-07 14:44:06,52
PRA ,2018-05-07 15:44:08,51
PRA ,2018-05-07 16:44:11,51
PRA ,2018-05-07 22:44:06,50
PRA ,2018-05-07 23:44:07,50
PRA ,2018-05-08 00:44:08,50
PRA ,2018-05-08 01:44:11,50
PRA ,2018-05-08 02:44:06,50
PRA ,2018-05-08 03:44:06,50
PRA ,2018-05-08 04:44:07,50
PRA ,2018-05-08 05:44:06,50
PRA ,2018-05-08 06:44:07,50
PRA ,2018-05-08 07:44:07,50
PRA ,2018-05-08 08:44:07,50
PRA ,2018-05-08 09:44:06,50
PRA ,2018-05-08 10:44:06,50
PRA ,2018-05-08 11:44:05,50
PRA ,2018-05-08 12:44:05,50
PRA ,2018-05-08 13:44:07,50
PRA ,2018-05-08 14:44:07,50
PRA ,2018-05-08 15:44:06,49
PRA ,2018-05-08 16:44:07,48
PRA ,2018-05-08 17:44:07,48
PRA ,2018-05-08 18:44:08,48
PRA ,2018-05-08 19:44:07,48
PRA ,2018-05-08 20:44:07,48
PRA ,2018-05-08 21:44:06,48
PRA ,2018-05-08 22:44:06,48
PRA ,2018-05-08 23:44:11,48
PRA ,2018-05-09 00:44:07,48
PRA ,2018-05-09 01:44:06,48
PRA ,2018-05-09 02:44:06,48
PRA ,2018-05-09 03:44:06,48
PRA ,2018-05-09 04:44:07,48
PRA ,2018-05-09 05:44:07,48
PRA ,2018-05-09 06:44:06,48
PRA ,2018-05-09 07:44:07,48
PRA ,2018-05-09 08:44:07,48
PRA ,2018-05-09 09:44:05,48
PRA ,2018-05-09 10:44:06,48
PRA ,2018-05-09 11:44:06,48
PRA ,2018-05-09 12:44:06,48
PRA ,2018-05-09 13:44:09,48
PRA ,2018-05-09 14:44:07,48
PRA ,2018-05-09 15:44:07,48
PRA ,2018-05-09 16:44:07,48
PRA ,2018-05-09 17:44:09,47
PRA ,2018-05-09 18:44:07,47
PRA ,2018-05-09 19:44:08,47
PRA ,2018-05-09 20:44:06,47
PRA ,2018-05-09 21:44:08,47
PRA ,2018-05-09 22:44:07,47
PRA ,2018-05-09 23:44:07,47
PRA ,2018-05-10 00:44:08,47
PRA ,2018-05-10 01:44:08,47
PRA ,2018-05-10 02:44:09,47
PRA ,2018-05-10 03:44:09,47
PRA ,2018-05-10 04:44:09,47
PRA ,2018-05-10 05:44:09,47
PRA ,2018-05-10 06:44:08,47
PRA ,2018-05-10 07:44:10,47
PRA ,2018-05-10 08:44:09,47
PRA ,2018-05-10 09:44:08,47
PRA ,2018-05-10 10:44:08,47
PRA ,2018-05-10 11:44:07,47
PRA ,2018-05-10 12:44:07,47
PRA ,2018-05-10 13:44:19,47
PRA ,2018-05-10 14:44:09,47
PRA ,2018-05-10 15:44:09,47
PRA ,2018-05-10 16:44:09,47
PRA ,2018-05-10 17:44:09,47
PRA ,2018-05-10 18:44:08,47
PRA ,2018-05-10 19:44:10,47
PRA ,2018-05-10 20:44:09,47
PRA ,2018-05-10 21:44:09,47
PRA ,2018-05-10 22:44:08,47
PRA ,2018-05-10 23:44:09,47
PRA ,2018-05-11 00:44:09,47
PRA ,2018-05-11 01:44:10,47
PRA ,2018-05-11 02:44:09,47
PRA ,2018-05-11 03:44:09,47
PRA ,2018-05-11 04:44:09,47
PRA ,2018-05-11 05:44:10,47
PRA ,2018-05-11 06:44:08,47
PRA ,2018-05-11 07:44:08,47
PRA ,2018-05-11 08:44:09,47
PRA ,2018-05-11 09:44:08,47
PRA ,2018-05-11 10:44:08,47
PRA ,2018-05-11 11:44:09,47
PRA ,2018-05-11 12:44:07,47
PRA ,2018-05-11 13:44:10,47
PRA ,2018-05-11 14:44:09,47
PRA ,2018-05-11 15:44:09,47
PRA ,2018-05-11 16:44:09,47
PRA ,2018-05-11 17:44:09,47
PRA ,2018-05-11 18:44:09,47
PRA ,2018-05-11 19:44:09,47
PRA ,2018-05-11 20:44:08,47
PRA ,2018-05-11 21:44:08,47
PRA ,2018-05-11 22:44:08,47
PRA ,2018-05-11 23:44:08,47
PRA ,2018-05-12 00:44:09,47
PRA ,2018-05-12 01:44:09,47
PRA ,2018-05-12 02:44:10,47
PRA ,2018-05-12 03:44:09,47
PRA ,2018-05-12 04:44:09,47
PRA ,2018-05-12 05:44:09,47
PRA ,2018-05-12 06:44:09,47
PRA ,2018-05-12 07:44:09,47
PRA ,2018-05-12 08:44:09,47
PRA ,2018-05-12 09:44:08,47
PRA ,2018-05-12 10:44:09,47
PRA ,2018-05-12 11:44:08,47
PRA ,2018-05-12 12:44:09,47
PRA ,2018-05-12 13:44:10,47
PRA ,2018-05-12 14:44:09,47
PRA ,2018-05-12 15:44:10,47
PRA ,2018-05-12 16:44:08,47
PRA ,2018-05-12 17:44:09,47
PRA ,2018-05-12 18:44:08,47
PRA ,2018-05-12 19:44:10,47
PRA ,2018-05-12 20:44:09,47
PRA ,2018-05-12 21:44:08,47
PRA ,2018-05-12 22:44:08,47
PRA ,2018-05-12 23:44:09,47
PRA ,2018-05-13 00:44:09,47
PRA ,2018-05-13 01:44:09,47
PRA ,2018-05-13 02:44:08,47
PRA ,2018-05-13 03:44:08,47
PRA ,2018-05-13 04:44:09,47
PRA ,2018-05-13 05:44:09,47
PRA ,2018-05-13 06:44:10,47
PRA ,2018-05-13 07:44:08,47
PRA ,2018-05-13 08:44:08,47
PRA ,2018-05-13 09:44:09,47
PRA ,2018-05-13 10:44:07,47
PRA ,2018-05-13 11:44:07,47
PRA ,2018-05-13 12:44:09,47
PRA ,2018-05-13 13:44:09,47
PRA ,2018-05-13 14:44:08,47
PRA ,2018-05-13 15:44:09,47
PRA ,2018-05-13 16:44:09,47
PRA ,2018-05-13 17:44:09,47
PRA ,2018-05-13 18:44:09,47
PRA ,2018-05-13 19:44:08,47
PRA ,2018-05-13 20:44:09,47
PRA ,2018-05-13 21:44:09,47
PRA ,2018-05-13 22:44:10,47
PRA ,2018-05-13 23:44:09,47
PRA ,2018-05-14 00:44:09,47
PRA ,2018-05-14 01:44:09,47
PRA ,2018-05-14 02:44:09,47
PRA ,2018-05-14 03:44:09,47
PRA ,2018-05-14 04:44:10,47
PRA ,2018-05-14 05:44:09,47
PRA ,2018-05-14 06:44:08,47
PRA ,2018-05-14 07:44:08,47
PRA ,2018-05-14 08:44:08,47
PRA ,2018-05-14 09:44:08,47
PRA ,2018-05-14 10:44:08,47
PRA ,2018-05-14 11:44:08,47
PRA ,2018-05-14 12:44:07,47
PRA ,2018-05-14 13:44:11,47
PRA ,2018-05-14 14:44:10,47
PRA ,2018-05-14 15:44:09,47
PRA ,2018-05-14 16:44:08,46
PRA ,2018-05-14 17:44:08,47
PRA ,2018-05-14 18:44:10,47
PRA ,2018-05-14 19:44:08,47
PRA ,2018-05-14 20:44:09,47
PRA ,2018-05-14 21:44:08,47
PRA ,2018-05-14 22:44:09,47
PRA ,2018-05-14 23:44:09,47
PRA ,2018-05-15 00:44:09,47
PRA ,2018-05-15 01:44:09,47
PRA ,2018-05-15 02:44:09,47
PRA ,2018-05-15 03:44:09,47
PRA ,2018-05-15 04:44:09,47
PRA ,2018-05-15 05:44:08,47
PRA ,2018-05-15 06:44:08,47
PRA ,2018-05-15 07:44:08,47
PRA ,2018-05-15 08:44:09,47
PRA ,2018-05-15 09:44:08,47
PRA ,2018-05-15 10:44:09,47
PRA ,2018-05-15 11:44:08,47
PRA ,2018-05-15 12:44:08,47
PRA ,2018-05-15 13:44:09,47
PRA ,2018-05-15 14:44:09,47
PRA ,2018-05-15 15:44:08,47
PRA ,2018-05-15 16:44:09,47
PRA ,2018-05-15 17:44:08,47
PRA ,2018-05-15 18:44:12,48
PRA ,2018-05-15 19:44:08,48
PRA ,2018-05-15 20:44:07,48
PRA ,2018-05-15 21:44:06,48
PRA ,2018-05-15 22:44:08,48
PRA ,2018-05-15 23:44:08,48
PRA ,2018-05-16 00:44:07,48
PRA ,2018-05-16 01:44:08,48
PRA ,2018-05-16 02:44:08,48
PRA ,2018-05-16 03:44:08,48
PRA ,2018-05-16 04:44:09,48
PRA ,2018-05-16 05:44:08,48
PRA ,2018-05-16 06:44:08,48
PRA ,2018-05-16 07:44:08,48
PRA ,2018-05-16 08:44:09,48
PRA ,2018-05-16 09:44:06,48
PRA ,2018-05-16 10:44:07,48
PRA ,2018-05-16 11:44:08,48
PRA ,2018-05-16 12:44:09,48
PRA ,2018-05-16 13:44:09,48
PRA ,2018-05-16 14:44:08,48
PRA ,2018-05-16 15:44:08,47
PRA ,2018-05-16 16:44:07,47
PRA ,2018-05-16 17:44:09,47
PRA ,2018-05-16 18:44:07,48
PRA ,2018-05-16 19:44:07,48
PRA ,2018-05-16 20:44:07,49
PRA ,2018-05-16 21:44:06,49
PRA ,2018-05-16 22:44:07,49
PRA ,2018-05-16 23:44:07,49
PRA ,2018-05-17 00:44:09,49
PRA ,2018-05-17 01:44:07,49
PRA ,2018-05-17 02:44:07,49
PRA ,2018-05-17 03:44:08,49
PRA ,2018-05-17 04:44:08,49
PRA ,2018-05-17 05:44:08,49
PRA ,2018-05-17 06:44:09,49
PRA ,2018-05-17 07:44:08,49
PRA ,2018-05-17 08:44:12,49
PRA ,2018-05-17 09:44:08,49
PRA ,2018-05-17 10:44:07,49
PRA ,2018-05-17 11:44:08,49
PRA ,2018-05-17 12:44:07,49
PRA ,2018-05-17 13:44:09,49
PRA ,2018-05-17 14:44:08,49
PRA ,2018-05-17 15:44:08,49
PRA ,2018-05-18 07:44:08,49
PRA ,2018-05-18 08:44:08,49
PRA ,2018-05-18 09:44:06,49
PRA ,2018-05-18 10:44:06,49
PRA ,2018-05-18 11:44:07,49
PRA ,2018-05-18 12:44:07,49
PRA ,2018-05-18 13:44:09,49
PRA ,2018-05-18 14:44:08,49
PRA ,2018-05-18 15:44:07,49
PRA ,2018-05-18 16:44:07,49
PRA ,2018-05-18 17:44:06,49
PRA ,2018-05-18 18:44:06,49
PRA ,2018-05-18 19:44:08,49
PRA ,2018-05-18 20:44:08,49
PRA ,2018-05-18 21:44:06,49
PRA ,2018-05-18 22:44:07,49
PRA ,2018-05-18 23:44:07,49
PRA ,2018-05-19 00:44:07,49
PRA ,2018-05-19 01:44:08,49
PRA ,2018-05-19 02:44:08,49
PRA ,2018-05-19 03:44:08,49
PRA ,2018-05-19 04:44:07,49
PRA ,2018-05-19 05:44:08,49
PRA ,2018-05-19 06:44:09,49
PRA ,2018-05-19 07:44:06,49
PRA ,2018-05-19 08:44:07,49
PRA ,2018-05-19 09:44:08,49
PRA ,2018-05-19 10:44:06,49
PRA ,2018-05-19 11:44:07,49
PRA ,2018-05-19 12:44:07,49
PRA ,2018-05-19 13:44:08,49
PRA ,2018-05-19 14:44:08,49
PRA ,2018-05-19 15:44:08,49
PRA ,2018-05-19 16:44:08,49
PRA ,2018-05-19 17:44:08,49
PRA ,2018-05-19 18:44:07,49
PRA ,2018-05-19 19:44:07,49
PRA ,2018-05-19 20:44:08,49
PRA ,2018-05-19 21:44:08,49
PRA ,2018-05-19 22:44:07,49
PRA ,2018-05-19 23:44:07,49
PRA ,2018-05-20 00:44:07,49
PRA ,2018-05-20 01:44:08,49
PRA ,2018-05-20 02:44:07,49
PRA ,2018-05-20 03:44:07,49
PRA ,2018-05-20 04:44:08,49
PRA ,2018-05-20 05:44:07,49
PRA ,2018-05-20 06:44:06,49
PRA ,2018-05-20 07:44:06,49
PRA ,2018-05-20 08:44:07,49
PRA ,2018-05-20 09:44:07,49
PRA ,2018-05-20 10:44:07,49
PRA ,2018-05-20 11:44:07,49
PRA ,2018-05-20 12:44:07,49
PRA ,2018-05-20 13:44:07,49
PRA ,2018-05-20 14:44:10,49
PRA ,2018-05-20 15:44:08,49
PRA ,2018-05-20 16:44:07,49
PRA ,2018-05-20 17:44:08,49
PRA ,2018-05-20 18:44:07,49
PRA ,2018-05-20 19:44:07,49
PRA ,2018-05-20 20:44:07,49
PRA ,2018-05-20 21:44:06,49
PRA ,2018-05-20 22:44:07,49
PRA ,2018-05-20 23:44:07,49
PRA ,2018-05-21 00:44:08,49
PRA ,2018-05-21 01:44:21,49
PRA ,2018-05-21 02:44:14,49
PRA ,2018-05-21 03:44:08,49
PRA ,2018-05-21 04:44:12,49
PRA ,2018-05-21 05:44:07,49
PRA ,2018-05-21 06:44:08,49
PRA ,2018-05-21 07:44:08,49
PRA ,2018-05-21 08:44:10,49
PRA ,2018-05-21 09:44:08,49
PRA ,2018-05-21 10:44:07,49
PRA ,2018-05-21 11:44:07,49
PRA ,2018-05-21 12:44:12,49
PRA ,2018-05-21 13:44:09,49
PRA ,2018-05-21 14:44:08,49
PRA ,2018-05-21 15:44:08,48
PRA ,2018-05-21 16:44:08,48
PRA ,2018-05-21 17:44:06,48
PRA ,2018-05-21 18:44:08,48
PRA ,2018-05-21 19:44:08,48
PRA ,2018-05-21 20:44:08,48
PRA ,2018-05-21 21:44:08,48
PRA ,2018-05-21 22:44:07,48
PRA ,2018-05-21 23:44:07,48
PRA ,2018-05-22 00:44:08,48
PRA ,2018-05-22 01:44:08,48
PRA ,2018-05-22 02:44:07,48
PRA ,2018-05-22 03:44:08,48
PRA ,2018-05-22 04:44:08,48
PRA ,2018-05-22 05:44:06,48
PRA ,2018-05-22 06:44:06,48
PRA ,2018-05-22 07:44:08,48
PRA ,2018-05-22 08:44:13,48
PRA ,2018-05-22 09:44:07,48
PRA ,2018-05-22 10:44:07,48
PRA ,2018-05-22 11:44:06,48
PRA ,2018-05-22 12:44:09,48
PRA ,2018-05-22 13:44:11,48
PRA ,2018-05-22 14:44:09,48
PRA ,2018-05-22 15:44:09,48
PRA ,2018-05-22 16:44:09,48
PRA ,2018-05-22 17:44:08,48
PRA ,2018-05-22 18:44:08,48
PRA ,2018-05-22 19:44:09,48
PRA ,2018-05-22 20:44:09,48
PRA ,2018-05-22 21:44:08,48
PRA ,2018-05-22 22:44:08,48
PRA ,2018-05-22 23:44:09,48
PRA ,2018-05-23 00:44:08,48
PRA ,2018-05-23 01:44:08,48
PRA ,2018-05-23 02:44:08,48
PRA ,2018-05-23 03:44:09,48
PRA ,2018-05-23 04:44:09,48
PRA ,2018-05-23 05:44:10,48
PRA ,2018-05-23 06:44:09,48
PRA ,2018-05-23 07:44:12,48
PRA ,2018-05-23 08:44:08,48
PRA ,2018-05-23 09:44:09,48
PRA ,2018-05-23 10:44:10,48
PRA ,2018-05-23 11:44:08,48
PRA ,2018-05-23 12:44:07,48
PRA ,2018-05-23 13:44:09,48
PRA ,2018-05-23 14:44:09,48
PRA ,2018-05-23 15:44:08,48
PRA ,2018-05-23 16:44:10,48
PRA ,2018-05-23 17:44:09,48
PRA ,2018-05-23 18:44:07,47
PRA ,2018-05-23 19:44:08,48
PRA ,2018-05-23 20:44:09,48
PRA ,2018-05-23 21:44:08,48
PRA ,2018-05-23 22:44:08,48
PRA ,2018-05-23 23:44:07,48
PRA ,2018-05-24 00:44:07,48
PRA ,2018-05-24 01:44:08,48
PRA ,2018-05-24 02:44:08,48
PRA ,2018-05-24 03:44:07,48
PRA ,2018-05-24 04:44:07,48
PRA ,2018-05-24 06:44:08,48
PRA ,2018-05-24 07:44:08,48
PRA ,2018-05-24 08:44:08,48
PRA ,2018-05-24 09:44:08,48
PRA ,2018-05-24 10:44:08,48
PRA ,2018-05-24 11:44:07,48
PRA ,2018-05-24 12:44:07,48
PRA ,2018-05-24 20:13:16,47
PRA ,2018-05-24 20:44:07,47
PRA ,2018-05-24 21:44:09,47
PRA ,2018-05-24 22:44:09,47
PRA ,2018-05-24 23:44:09,47
PRA ,2018-05-25 00:44:08,47
PRA ,2018-05-25 01:44:09,47
PRA ,2018-05-25 02:44:08,47
PRA ,2018-05-25 03:44:09,47
PRA ,2018-05-25 04:44:09,47
PRA ,2018-05-25 05:44:09,47
PRA ,2018-05-25 06:44:09,47
PRA ,2018-05-25 07:44:09,47
PRA ,2018-05-25 08:44:08,47
PRA ,2018-05-25 09:44:08,47
PRA ,2018-05-25 10:44:09,47
PRA ,2018-05-25 11:44:08,47
PRA ,2018-05-25 12:44:09,47
PRA ,2018-05-25 13:44:09,47
PRA ,2018-05-25 14:44:08,47
PRA ,2018-05-25 15:44:08,47
PRA ,2018-05-25 16:44:09,47
PRA ,2018-05-25 17:44:08,47
PRA ,2018-05-25 18:44:08,47
PRA ,2018-05-25 19:44:08,47
PRA ,2018-05-25 20:44:08,47
PRA ,2018-05-25 21:44:08,47
PRA ,2018-05-25 22:44:08,47
PRA ,2018-05-25 23:44:09,47
PRA ,2018-05-26 00:44:09,47
PRA ,2018-05-26 01:44:08,47
PRA ,2018-05-26 02:44:09,47
PRA ,2018-05-26 03:44:08,47
PRA ,2018-05-26 04:44:08,47
PRA ,2018-05-26 05:44:08,47
PRA ,2018-05-26 06:44:08,47
PRA ,2018-05-26 07:44:09,47
PRA ,2018-05-26 08:44:09,47
PRA ,2018-05-26 09:44:07,47
PRA ,2018-05-26 10:44:08,47
PRA ,2018-05-26 11:44:08,47
PRA ,2018-05-26 12:44:09,47
PRA ,2018-05-26 13:44:09,47
PRA ,2018-05-26 14:44:09,47
PRA ,2018-05-26 15:44:09,47
PRA ,2018-05-26 16:44:09,47
PRA ,2018-05-26 17:44:09,47
PRA ,2018-05-26 18:44:09,47
PRA ,2018-05-26 19:44:12,47
PRA ,2018-05-26 20:44:09,47
PRA ,2018-05-26 21:44:08,47
PRA ,2018-05-26 22:44:09,47
PRA ,2018-05-26 23:44:08,47
PRA ,2018-05-27 00:44:09,47
PRA ,2018-05-27 01:44:09,47
PRA ,2018-05-27 02:44:08,47
PRA ,2018-05-27 03:44:08,47
PRA ,2018-05-27 04:44:08,47
PRA ,2018-05-27 05:44:09,47
PRA ,2018-05-27 06:44:08,47
PRA ,2018-05-27 07:44:07,47
PRA ,2018-05-27 08:44:08,47
PRA ,2018-05-27 09:44:08,47
PRA ,2018-05-27 10:44:08,47
PRA ,2018-05-27 11:44:08,47
PRA ,2018-05-27 12:44:07,47
PRA ,2018-05-27 13:44:09,47
PRA ,2018-05-27 14:44:08,47
PRA ,2018-05-27 15:44:09,47
PRA ,2018-05-27 16:44:08,47
PRA ,2018-05-27 17:44:08,47
PRA ,2018-05-27 18:44:09,47
PRA ,2018-05-27 19:44:08,47
PRA ,2018-05-27 20:44:09,47
PRA ,2018-05-27 21:44:09,47
PRA ,2018-05-27 22:44:09,47
PRA ,2018-05-27 23:44:09,47
PRA ,2018-05-28 00:44:08,47
PRA ,2018-05-28 01:44:08,47
PRA ,2018-05-28 02:44:08,47
PRA ,2018-05-28 03:44:09,47
PRA ,2018-05-28 04:44:08,47
PRA ,2018-05-28 05:44:08,47
PRA ,2018-05-28 06:44:08,47
PRA ,2018-05-28 07:44:08,47
PRA ,2018-05-28 08:44:08,47
PRA ,2018-05-28 09:44:08,47
PRA ,2018-05-28 10:44:08,47
PRA ,2018-05-28 11:44:08,47
PRA ,2018-05-28 12:44:08,47
PRA ,2018-05-28 13:44:08,47
PRA ,2018-05-28 14:44:08,47
PRA ,2018-05-28 15:44:09,47
PRA ,2018-05-28 16:44:08,47
PRA ,2018-05-28 17:44:09,47
PRA ,2018-05-28 18:44:08,47
PRA ,2018-05-28 19:44:09,47
PRA ,2018-05-28 20:44:09,47
PRA ,2018-05-28 21:44:08,47
PRA ,2018-05-28 22:44:09,47
PRA ,2018-05-28 23:44:08,47
PRA ,2018-05-29 00:44:08,47
PRA ,2018-05-29 01:44:07,47
PRA ,2018-05-29 02:44:08,47
PRA ,2018-05-29 03:44:08,47
PRA ,2018-05-29 04:44:09,47
PRA ,2018-05-29 05:44:08,47
PRA ,2018-05-29 06:44:08,47
PRA ,2018-05-29 07:44:08,47
PRA ,2018-05-29 08:44:15,47
PRA ,2018-05-29 09:44:08,47
PRA ,2018-05-29 10:44:08,47
PRA ,2018-05-29 11:44:07,47
PRA ,2018-05-29 12:44:08,47
PRA ,2018-05-30 19:54:49,48
PRA ,2018-05-30 20:44:08,48
PRA ,2018-05-30 21:44:08,48
PRA ,2018-05-30 22:44:08,48
PRA ,2018-05-30 23:44:09,48
PRA ,2018-05-31 00:44:09,48
PRA ,2018-05-31 01:44:10,48
PRA ,2018-05-31 02:44:09,48
PRA ,2018-05-31 03:44:13,48
PRA ,2018-05-31 04:44:08,48
PRA ,2018-05-31 05:44:08,48
PRA ,2018-05-31 06:44:09,48
PRA ,2018-05-31 07:44:08,48
PRA ,2018-05-31 08:44:08,48
PRA ,2018-05-31 09:44:08,48
PRA ,2018-05-31 10:44:08,48
PRA ,2018-05-31 11:44:08,48
PRA ,2018-05-31 12:44:09,48
PRA ,2018-05-31 13:44:10,48
PRA ,2018-05-31 14:44:09,48
PRA ,2018-05-31 15:44:08,48
PRA ,2018-05-31 16:44:08,48
PRA ,2018-05-31 17:44:08,48
PRA ,2018-05-31 18:44:09,48
PRA ,2018-05-31 19:44:08,48
PRA ,2018-05-31 20:44:09,48
PRA ,2018-05-31 21:44:08,48
PRA ,2018-05-31 22:44:09,48
PRA ,2018-05-31 23:44:08,48
PRA ,2018-06-01 00:44:08,48
PRA ,2018-06-01 01:44:08,48
PRA ,2018-06-01 02:44:09,48
PRA ,2018-06-01 03:44:09,48
PRA ,2018-06-01 04:44:08,48
PRA ,2018-06-01 05:44:08,48
PRA ,2018-06-01 06:44:09,48
PRA ,2018-06-01 07:44:10,48
PRA ,2018-06-01 08:44:11,48
PRA ,2018-06-01 09:44:08,48
PRA ,2018-06-01 10:44:08,48
PRA ,2018-06-01 11:44:08,48
PRA ,2018-06-01 12:44:08,48
PRA ,2018-06-01 13:44:17,48
PRA ,2018-06-01 14:44:09,48
PRA ,2018-06-01 15:44:11,48
PRA ,2018-06-01 16:44:10,47
PRA ,2018-06-01 17:44:11,47
PRA ,2018-06-01 18:44:09,47
PRA ,2018-06-01 19:44:11,47
PRA ,2018-06-01 20:44:10,47
PRA ,2018-06-01 21:44:10,47
PRA ,2018-06-01 22:44:10,47
PRA ,2018-06-01 23:44:09,47
PRA ,2018-06-02 00:44:09,47
PRA ,2018-06-02 01:44:09,47
PRA ,2018-06-02 02:44:10,47
PRA ,2018-06-02 03:44:10,47
PRA ,2018-06-02 04:44:09,47
PRA ,2018-06-02 05:44:10,47
PRA ,2018-06-02 06:44:09,47
PRA ,2018-06-02 07:44:09,47
PRA ,2018-06-02 08:44:08,47
PRA ,2018-06-02 09:44:11,47
PRA ,2018-06-02 10:44:08,47
PRA ,2018-06-02 11:44:09,47
PRA ,2018-06-02 12:44:11,47
PRA ,2018-06-02 13:44:11,47
PRA ,2018-06-02 14:44:10,47
PRA ,2018-06-02 15:44:11,47
PRA ,2018-06-02 16:44:10,47
PRA ,2018-06-02 17:44:10,47
PRA ,2018-06-02 18:44:09,47
PRA ,2018-06-02 19:44:10,47
PRA ,2018-06-02 20:44:10,47
PRA ,2018-06-02 21:44:10,47
PRA ,2018-06-02 22:44:10,47
PRA ,2018-06-02 23:44:11,47
PRA ,2018-06-03 00:44:09,47
PRA ,2018-06-03 01:44:10,47
PRA ,2018-06-03 02:44:10,47
PRA ,2018-06-03 03:44:09,47
PRA ,2018-06-03 04:44:09,47
PRA ,2018-06-03 05:44:10,47
PRA ,2018-06-03 06:44:09,47
PRA ,2018-06-03 19:46:26,47
PRA ,2018-06-03 20:44:10,47
PRA ,2018-06-03 21:44:09,47
PRA ,2018-06-03 22:44:10,47
PRA ,2018-06-03 23:44:10,47
PRA ,2018-06-04 00:44:09,47
PRA ,2018-06-04 01:44:09,47
PRA ,2018-06-04 02:44:10,47
PRA ,2018-06-04 03:44:09,47
PRA ,2018-06-04 04:44:12,47
PRA ,2018-06-04 05:44:09,47
PRA ,2018-06-04 06:44:10,47
PRA ,2018-06-04 07:44:10,47
PRA ,2018-06-04 08:44:09,47
PRA ,2018-06-04 09:44:10,47
PRA ,2018-06-04 10:44:03,47
PRA ,2018-06-04 11:44:03,47
PRA ,2018-06-04 12:44:03,47
PRA ,2018-06-04 13:44:05,47
PRA ,2018-06-04 14:44:04,47
PRA ,2018-06-04 15:44:04,47
PRA ,2018-06-04 16:44:04,47
PRA ,2018-06-04 17:44:04,47
PRA ,2018-06-04 18:44:05,47
PRA ,2018-06-04 19:44:04,47
PRA ,2018-06-04 20:44:04,47
PRA ,2018-06-04 21:44:04,47
PRA ,2018-06-04 22:44:06,47
PRA ,2018-06-04 23:44:06,47
PRA ,2018-06-05 00:44:05,47
PRA ,2018-06-05 01:44:05,47
PRA ,2018-06-05 02:44:06,47
PRA ,2018-06-05 03:44:05,47
PRA ,2018-06-05 04:44:06,47
PRA ,2018-06-05 05:44:06,47
PRA ,2018-06-05 06:44:05,47
PRA ,2018-06-05 07:44:05,47
PRA ,2018-06-05 08:44:05,47
PRA ,2018-06-05 09:44:05,47
PRA ,2018-06-05 10:44:06,47
PRA ,2018-06-05 11:44:05,47
PRA ,2018-06-05 12:44:04,47
PRA ,2018-06-05 13:44:08,47
PRA ,2018-06-05 14:44:07,47
PRA ,2018-06-05 15:44:05,47
PRA ,2018-06-05 16:44:06,47
PRA ,2018-06-05 17:44:05,47
PRA ,2018-06-05 18:44:04,47
PRA ,2018-06-05 19:44:06,47
PRA ,2018-06-05 20:44:06,47
PRA ,2018-06-05 21:44:05,47
PRA ,2018-06-05 22:44:06,47
PRA ,2018-06-05 23:44:06,47
PRA ,2018-06-06 00:44:06,47
PRA ,2018-06-06 01:44:05,47
PRA ,2018-06-06 02:44:06,47
PRA ,2018-06-06 03:44:06,47
PRA ,2018-06-06 04:44:06,47
PRA ,2018-06-06 05:44:06,47
PRA ,2018-06-06 06:44:05,47
PRA ,2018-06-06 07:44:05,47
PRA ,2018-06-06 08:44:05,47
PRA ,2018-06-06 09:44:05,47
PRA ,2018-06-06 10:44:05,47
PRA ,2018-06-06 11:44:06,47
PRA ,2018-06-06 12:44:05,47
PRA ,2018-06-06 13:44:07,47
PRA ,2018-06-06 14:44:07,47
PRA ,2018-06-06 15:44:07,48
PRA ,2018-06-06 16:44:07,47
PRA ,2018-06-06 17:44:07,47
PRA ,2018-06-06 18:44:07,47
PRA ,2018-06-06 19:44:07,47
PRA ,2018-06-06 20:44:06,47
PRA ,2018-06-06 21:44:07,47
PRA ,2018-06-06 22:44:09,47
PRA ,2018-06-06 23:44:09,47
PRA ,2018-06-07 00:44:09,47
PRA ,2018-06-07 01:44:09,47
PRA ,2018-06-07 02:44:10,47
PRA ,2018-06-07 03:44:09,47
PRA ,2018-06-07 04:44:10,47
PRA ,2018-06-07 05:44:11,47
PRA ,2018-06-07 06:44:10,47
PRA ,2018-06-07 07:44:09,47
PRA ,2018-06-07 08:44:09,47
PRA ,2018-06-07 09:44:10,47
PRA ,2018-06-07 10:44:09,47
PRA ,2018-06-07 11:44:09,47
PRA ,2018-06-07 12:44:10,47
PRA ,2018-06-07 13:44:10,47
PRA ,2018-06-07 14:44:11,47
PRA ,2018-06-07 15:44:09,46
PRA ,2018-06-07 16:44:11,46
PRA ,2018-06-07 17:44:10,46
PRA ,2018-06-07 18:44:09,46
PRA ,2018-06-07 19:44:10,46
PRA ,2018-06-07 20:44:10,46
PRA ,2018-06-07 21:44:09,46
PRA ,2018-06-07 22:44:10,46
PRA ,2018-06-07 23:44:10,46
PRA ,2018-06-08 00:44:10,46
PRA ,2018-06-08 01:44:09,46
PRA ,2018-06-08 02:44:10,46
PRA ,2018-06-08 03:44:10,46
PRA ,2018-06-08 04:44:11,46
PRA ,2018-06-08 05:44:09,46
PRA ,2018-06-08 06:44:11,46
PRA ,2018-06-08 07:44:10,46
PRA ,2018-06-08 08:44:09,46
PRA ,2018-06-08 09:44:08,46
PRA ,2018-06-08 10:44:09,46
PRA ,2018-06-08 11:44:09,46
PRA ,2018-06-08 12:44:11,46
PRA ,2018-06-08 13:44:12,46
PRA ,2018-06-08 14:44:11,46
PRA ,2018-06-08 15:44:10,46
PRA ,2018-06-08 16:44:11,46
PRA ,2018-06-08 17:44:11,46
PRA ,2018-06-08 18:44:10,46
PRA ,2018-06-08 19:44:10,46
PRA ,2018-06-08 20:44:11,46
PRA ,2018-06-08 21:44:10,46
PRA ,2018-06-08 22:44:10,46
PRA ,2018-06-08 23:44:10,46
PRA ,2018-06-09 00:44:10,46
PRA ,2018-06-09 01:44:11,46
PRA ,2018-06-09 02:44:10,46
PRA ,2018-06-09 03:44:11,46
PRA ,2018-06-09 04:44:11,46
PRA ,2018-06-09 05:44:10,46
PRA ,2018-06-09 06:44:12,46
PRA ,2018-06-09 07:44:10,46
PRA ,2018-06-09 08:44:10,46
PRA ,2018-06-09 09:44:10,46
PRA ,2018-06-09 10:44:11,46
PRA ,2018-06-09 11:44:11,46
PRA ,2018-06-09 12:44:11,46
PRA ,2018-06-09 13:44:12,46
PRA ,2018-06-09 14:44:11,46
PRA ,2018-06-09 15:44:13,46
PRA ,2018-06-09 16:44:11,46
PRA ,2018-06-09 17:44:12,46
PRA ,2018-06-09 18:44:12,46
PRA ,2018-06-09 19:44:11,46
PRA ,2018-06-09 20:44:12,46
PRA ,2018-06-09 21:44:11,46
PRA ,2018-06-09 22:44:10,46
PRA ,2018-06-09 23:44:10,46
PRA ,2018-06-10 00:44:10,46
PRA ,2018-06-10 01:44:11,46
PRA ,2018-06-10 02:44:10,46
PRA ,2018-06-10 03:44:11,46
PRA ,2018-06-10 04:44:11,46
PRA ,2018-06-10 05:44:10,46
PRA ,2018-06-10 06:44:10,46
PRA ,2018-06-10 07:44:12,46
PRA ,2018-06-10 08:44:11,46
PRA ,2018-06-10 09:44:10,46
PRA ,2018-06-10 10:44:12,46
PRA ,2018-06-10 11:44:11,46
PRA ,2018-06-10 12:44:10,46
PRA ,2018-06-10 13:44:10,46
PRA ,2018-06-10 14:44:11,46
PRA ,2018-06-10 15:44:10,46
PRA ,2018-06-10 16:44:11,46
PRA ,2018-06-10 17:44:11,46
PRA ,2018-06-10 18:44:11,46
PRA ,2018-06-10 19:44:10,46
PRA ,2018-06-10 20:44:10,46
PRA ,2018-06-10 21:44:10,46
PRA ,2018-06-10 22:44:11,46
PRA ,2018-06-10 23:44:11,46
PRA ,2018-06-11 00:44:11,46
PRA ,2018-06-11 01:44:10,46
PRA ,2018-06-11 02:44:10,46
PRA ,2018-06-11 03:44:10,46
PRA ,2018-06-11 04:44:10,46
PRA ,2018-06-11 06:44:10,46
PRA ,2018-06-11 07:44:10,46
PRA ,2018-06-11 08:44:10,46
PRA ,2018-06-11 09:44:10,46
PRA ,2018-06-11 10:44:10,46
PRA ,2018-06-11 11:44:09,46
PRA ,2018-06-11 12:44:11,46
PRA ,2018-06-11 13:44:12,46
PRA ,2018-06-11 14:44:11,46
PRA ,2018-06-11 15:44:11,46
PRA ,2018-06-11 16:44:10,46
PRA ,2018-06-11 17:44:10,47
PRA ,2018-06-11 18:44:10,47
PRA ,2018-06-11 19:44:10,47
PRA ,2018-06-11 20:44:11,47
PRA ,2018-06-11 21:44:10,47
PRA ,2018-06-11 22:44:09,47
PRA ,2018-06-11 23:44:10,47
PRA ,2018-06-12 00:44:11,47
PRA ,2018-06-12 01:44:11,47
PRA ,2018-06-12 02:44:10,47
PRA ,2018-06-12 03:44:11,47
PRA ,2018-06-12 04:44:10,47
PRA ,2018-06-12 05:44:10,47
PRA ,2018-06-12 06:44:11,47
PRA ,2018-06-12 07:44:11,47
PRA ,2018-06-12 08:44:10,47
PRA ,2018-06-12 09:44:10,47
PRA ,2018-06-12 10:44:09,47
PRA ,2018-06-12 11:44:09,47
PRA ,2018-06-12 12:44:10,46
PRA ,2018-06-12 13:44:12,46
PRA ,2018-06-12 14:44:10,46
PRA ,2018-06-12 15:44:10,46
PRA ,2018-06-12 16:44:10,46
PRA ,2018-06-12 17:44:10,46
PRA ,2018-06-12 18:44:11,46
PRA ,2018-06-12 19:44:11,46
PRA ,2018-06-12 20:44:10,45
PRA ,2018-06-12 21:44:10,45
PRA ,2018-06-12 22:44:09,45
PRA ,2018-06-12 23:44:11,45
PRA ,2018-06-13 00:44:10,45
PRA ,2018-06-13 01:44:10,45
PRA ,2018-06-13 02:44:10,45
PRA ,2018-06-13 03:44:10,45
PRA ,2018-06-13 04:44:11,45
PRA ,2018-06-13 05:44:10,45
PRA ,2018-06-13 06:44:11,45
PRA ,2018-06-13 07:44:11,45
PRA ,2018-06-13 08:44:12,45
PRA ,2018-06-13 09:44:10,45
PRA ,2018-06-13 10:44:10,45
PRA ,2018-06-13 11:44:10,45
PRA ,2018-06-13 12:44:10,45
PRA ,2018-06-13 13:44:13,45
PRA ,2018-06-13 14:44:11,46
PRA ,2018-06-13 15:44:11,47
PRA ,2018-06-13 16:44:11,47
PRA ,2018-06-13 17:44:11,47
PRA ,2018-06-13 18:44:12,47
PRA ,2018-06-13 19:44:11,47
PRA ,2018-06-13 20:44:11,47
PRA ,2018-06-13 21:44:11,47
PRA ,2018-06-13 22:44:10,47
PRA ,2018-06-13 23:44:10,47
PRA ,2018-06-14 00:44:11,47
PRA ,2018-06-14 01:44:11,47
PRA ,2018-06-14 02:44:11,47
PRA ,2018-06-14 03:44:11,47
PRA ,2018-06-14 04:44:10,47
PRA ,2018-06-14 05:44:12,47
PRA ,2018-06-14 06:44:10,47
PRA ,2018-06-14 07:44:11,47
PRA ,2018-06-14 08:44:11,47
PRA ,2018-06-14 09:44:09,47
PRA ,2018-06-14 10:44:10,47
PRA ,2018-06-14 11:44:11,47
PRA ,2018-06-14 12:44:11,47
PRA ,2018-06-14 13:44:12,47
PRA ,2018-06-14 14:44:10,47
PRA ,2018-06-14 15:44:11,47
PRA ,2018-06-14 16:44:10,47
PRA ,2018-06-14 17:44:10,47
PRA ,2018-06-14 18:44:11,47
PRA ,2018-06-14 19:44:11,48
PRA ,2018-06-14 20:44:11,50
PRA ,2018-06-14 21:44:11,50
PRA ,2018-06-14 22:44:12,50
PRA ,2018-06-14 23:44:11,50
PRA ,2018-06-15 00:44:10,50
PRA ,2018-06-15 01:44:10,50
PRA ,2018-06-15 02:44:10,50
PRA ,2018-06-15 03:44:11,50
PRA ,2018-06-15 04:44:11,50
PRA ,2018-06-15 05:44:13,50
PRA ,2018-06-15 06:44:11,50
PRA ,2018-06-15 07:44:10,50
PRA ,2018-06-15 08:44:10,50
PRA ,2018-06-15 09:44:10,50
PRA ,2018-06-15 10:44:10,50
PRA ,2018-06-15 11:44:10,50
PRA ,2018-06-15 12:44:10,50
PRA ,2018-06-15 13:44:12,50
PRA ,2018-06-15 14:44:12,50
PRA ,2018-06-15 15:44:11,50
PRA ,2018-06-15 16:44:10,51
PRA ,2018-06-15 17:44:10,51
PRA ,2018-06-15 18:44:11,51
PRA ,2018-06-15 19:44:10,51
PRA ,2018-06-15 20:44:10,51
PRA ,2018-06-15 21:44:09,51
PRA ,2018-06-15 22:44:10,51
PRA ,2018-06-15 23:44:10,51
PRA ,2018-06-16 00:44:10,51
PRA ,2018-06-16 01:44:10,51
PRA ,2018-06-16 02:44:13,51
PRA ,2018-06-16 03:44:11,51
PRA ,2018-06-16 04:44:13,51
PRA ,2018-06-16 05:44:13,51
PRA ,2018-06-16 06:44:11,51
PRA ,2018-06-16 07:44:10,51
PRA ,2018-06-16 08:44:11,51
PRA ,2018-06-16 09:44:11,51
PRA ,2018-06-16 10:44:10,51
PRA ,2018-06-16 11:44:11,51
PRA ,2018-06-16 12:44:10,51
PRA ,2018-06-16 13:44:11,51
PRA ,2018-06-16 14:44:11,51
PRA ,2018-06-16 15:44:11,51
PRA ,2018-06-16 16:44:11,51
PRA ,2018-06-16 17:44:10,51
PRA ,2018-06-16 18:44:10,51
PRA ,2018-06-16 19:44:11,51
PRA ,2018-06-16 20:44:10,51
PRA ,2018-06-16 21:44:10,51
PRA ,2018-06-16 22:44:11,51
PRA ,2018-06-16 23:44:10,51
PRA ,2018-06-17 00:44:11,51
PRA ,2018-06-17 01:44:10,51
PRA ,2018-06-17 02:44:13,51
PRA ,2018-06-17 03:44:11,51
PRA ,2018-06-17 04:44:11,51
PRA ,2018-06-17 05:44:11,51
PRA ,2018-06-17 06:44:10,51
PRA ,2018-06-17 07:44:10,51
PRA ,2018-06-17 08:44:10,51
PRA ,2018-06-17 09:44:09,51
PRA ,2018-06-17 10:44:09,51
PRA ,2018-06-17 11:44:10,51
PRA ,2018-06-17 12:44:11,51
PRA ,2018-06-17 13:44:11,51
PRA ,2018-06-17 14:44:11,51
PRA ,2018-06-17 15:44:09,51
PRA ,2018-06-17 16:44:10,51
PRA ,2018-06-17 17:44:10,51
PRA ,2018-06-17 18:44:09,51
PRA ,2018-06-17 19:44:12,51
PRA ,2018-06-17 20:44:11,51
PRA ,2018-06-17 21:44:10,51
PRA ,2018-06-17 22:44:10,51
PRA ,2018-06-17 23:44:11,51
PRA ,2018-06-18 00:44:12,51
PRA ,2018-06-18 01:44:11,51
PRA ,2018-06-18 02:44:12,51
PRA ,2018-06-18 03:44:10,51
PRA ,2018-06-18 04:44:10,51
PRA ,2018-06-18 05:44:11,51
PRA ,2018-06-18 06:44:10,51
PRA ,2018-06-18 07:44:10,51
PRA ,2018-06-18 08:44:17,51
PRA ,2018-06-18 09:44:10,51
PRA ,2018-06-18 10:44:10,51
PRA ,2018-06-18 11:44:11,51
PRA ,2018-06-18 12:44:10,51
PRA ,2018-06-18 13:44:12,51
PRA ,2018-06-18 14:44:10,52
PRA ,2018-06-18 15:44:10,52
PRA ,2018-06-18 16:44:10,52
PRA ,2018-06-18 17:44:10,51
PRA ,2018-06-18 18:44:12,51
PRA ,2018-06-18 19:44:11,51
PRA ,2018-06-18 20:44:11,51
PRA ,2018-06-18 21:44:10,51
PRA ,2018-06-18 22:44:10,51
PRA ,2018-06-18 23:44:11,51
PRA ,2018-06-19 00:44:10,51
PRA ,2018-06-19 01:44:10,51
PRA ,2018-06-19 02:44:11,51
PRA ,2018-06-19 03:44:11,51
PRA ,2018-06-19 04:44:10,51
PRA ,2018-06-19 05:44:11,51
PRA ,2018-06-19 06:44:10,51
PRA ,2018-06-19 07:44:13,51
PRA ,2018-06-19 08:44:12,51
PRA ,2018-06-19 09:44:10,51
PRA ,2018-06-19 10:44:11,51
PRA ,2018-06-19 11:44:10,51
PRA ,2018-06-19 12:44:10,51
PRA ,2018-06-19 13:44:14,51
PRA ,2018-06-19 14:44:11,50
PRA ,2018-06-19 15:44:11,51
PRA ,2018-06-19 16:44:10,51
PRA ,2018-06-19 17:44:11,51
PRA ,2018-06-19 18:44:11,51
PRA ,2018-06-19 19:44:10,51
PRA ,2018-06-19 20:44:10,51
PRA ,2018-06-19 21:44:11,51
PRA ,2018-06-19 22:44:10,51
PRA ,2018-06-19 23:44:11,51
PRA ,2018-06-20 00:44:20,51
PRA ,2018-06-20 01:44:12,51
PRA ,2018-06-20 02:44:10,51
PRA ,2018-06-20 03:44:11,51
PRA ,2018-06-20 04:44:11,51
PRA ,2018-06-20 05:44:10,51
PRA ,2018-06-20 06:44:10,51
PRA ,2018-06-20 07:44:10,51
PRA ,2018-06-20 08:44:10,51
PRA ,2018-06-20 09:44:10,51
PRA ,2018-06-20 10:44:10,51
PRA ,2018-06-20 11:44:10,51
PRA ,2018-06-20 12:44:10,51
PRA ,2018-06-20 14:08:45,52
PRA ,2018-06-20 14:44:12,52
PRA ,2018-06-20 15:44:12,52
PRA ,2018-06-20 16:44:12,52
PRA ,2018-06-20 17:44:11,53
PRA ,2018-06-20 18:44:11,55
PRA ,2018-06-20 19:44:11,55
PRA ,2018-06-20 20:44:10,55
PRA ,2018-06-20 21:44:11,55
PRA ,2018-06-20 22:44:10,55
PRA ,2018-06-20 23:44:11,55
PRA ,2018-06-21 00:44:10,55
PRA ,2018-06-21 01:44:10,55
PRA ,2018-06-21 02:44:10,55
PRA ,2018-06-21 03:44:11,55
PRA ,2018-06-21 04:44:11,55
PRA ,2018-06-21 05:44:12,55
PRA ,2018-06-21 06:44:10,55
PRA ,2018-06-21 07:44:11,55
PRA ,2018-06-21 08:44:13,55
PRA ,2018-06-21 09:44:09,55
PRA ,2018-06-21 10:44:10,55
PRA ,2018-06-21 11:44:10,55
PRA ,2018-06-21 12:44:10,55
PRA ,2018-06-21 13:44:12,55
PRA ,2018-06-21 14:44:12,54
PRA ,2018-06-21 15:44:12,54
PRA ,2018-06-21 16:44:12,54
PRA ,2018-06-21 17:44:12,54
PRA ,2018-06-21 18:44:12,53
PRA ,2018-06-21 19:44:12,53
PRA ,2018-06-21 20:44:12,54
PRA ,2018-06-21 21:44:12,54
PRA ,2018-06-21 22:44:12,54
PRA ,2018-06-21 23:44:11,54
PRA ,2018-06-22 00:44:11,54
PRA ,2018-06-22 01:44:11,54
PRA ,2018-06-22 02:44:11,54
PRA ,2018-06-22 03:44:12,54
PRA ,2018-06-22 04:44:11,54
PRA ,2018-06-22 05:44:13,54
PRA ,2018-06-22 06:44:11,54
PRA ,2018-06-22 07:44:11,54
PRA ,2018-06-22 08:44:12,54
PRA ,2018-06-22 09:44:11,54
PRA ,2018-06-22 10:44:11,54
PRA ,2018-06-22 11:44:11,54
PRA ,2018-06-22 12:44:12,54
PRA ,2018-06-22 13:44:13,54
PRA ,2018-06-22 15:08:14,55
PRA ,2018-06-22 15:44:12,55
PRA ,2018-06-22 16:44:12,55
PRA ,2018-06-22 17:44:12,54
PRA ,2018-06-22 18:44:12,54
PRA ,2018-06-22 19:44:13,54
PRA ,2018-06-22 20:44:11,54
PRA ,2018-06-22 21:44:11,54
PRA ,2018-06-22 22:44:12,54
PRA ,2018-06-22 23:44:12,54
PRA ,2018-06-23 00:44:32,54
PRA ,2018-06-23 01:45:27,54
PRA ,2018-06-23 02:44:12,54
PRA ,2018-06-23 03:44:12,54
PRA ,2018-06-23 04:44:11,54
PRA ,2018-06-23 05:44:12,54
PRA ,2018-06-23 06:44:11,54
PRA ,2018-06-23 07:44:12,54
PRA ,2018-06-23 08:44:11,54
PRA ,2018-06-23 09:44:11,54
PRA ,2018-06-23 10:44:11,54
PRA ,2018-06-23 11:44:12,54
PRA ,2018-06-23 12:44:11,54
PRA ,2018-06-23 13:44:12,54
PRA ,2018-06-23 14:44:11,54
PRA ,2018-06-23 15:44:13,54
PRA ,2018-06-23 16:44:12,54
PRA ,2018-06-23 17:44:12,54
PRA ,2018-06-23 18:44:11,54
PRA ,2018-06-23 19:44:12,54
PRA ,2018-06-23 20:44:12,54
PRA ,2018-06-23 21:44:12,54
PRA ,2018-06-23 22:44:11,54
PRA ,2018-06-23 23:44:11,54
PRA ,2018-06-24 00:44:31,54
PRA ,2018-06-24 01:44:11,54
PRA ,2018-06-24 02:44:11,54
PRA ,2018-06-24 03:44:16,54
PRA ,2018-06-24 04:44:12,54
PRA ,2018-06-24 05:44:11,54
PRA ,2018-06-24 06:44:12,54
PRA ,2018-06-24 07:44:12,54
PRA ,2018-06-24 08:44:11,54
PRA ,2018-06-24 09:44:11,54
PRA ,2018-06-24 10:44:58,54
PRA ,2018-06-24 11:44:11,54
PRA ,2018-06-24 12:44:13,54
PRA ,2018-06-24 13:44:11,54
PRA ,2018-06-24 14:44:27,54
PRA ,2018-06-24 15:44:34,54
PRA ,2018-06-24 16:44:11,54
PRA ,2018-06-24 17:44:11,54
PRA ,2018-06-24 18:44:12,54
PRA ,2018-06-24 19:44:12,54
PRA ,2018-06-24 20:44:11,54
PRA ,2018-06-24 21:44:12,54
PRA ,2018-06-24 22:44:11,54
PRA ,2018-06-24 23:44:12,54
PRA ,2018-06-25 00:44:12,54
PRA ,2018-06-25 01:44:12,54
PRA ,2018-06-25 02:44:13,54
PRA ,2018-06-25 03:44:22,54
PRA ,2018-06-25 04:44:18,54
PRA ,2018-06-25 05:44:14,54
PRA ,2018-06-25 06:44:11,54
PRA ,2018-06-25 07:44:11,54
PRA ,2018-06-25 08:44:12,54
PRA ,2018-06-25 09:44:12,54
PRA ,2018-06-25 10:44:11,54
PRA ,2018-06-25 11:44:12,54
PRA ,2018-06-25 12:44:11,54
PRA ,2018-06-25 13:44:14,54
PRA ,2018-06-25 14:44:12,54
PRA ,2018-06-25 15:44:12,54
PRA ,2018-06-25 16:44:11,54
PRA ,2018-06-25 17:44:12,54
PRA ,2018-06-25 18:44:11,54
PRA ,2018-06-25 19:44:12,54
PRA ,2018-06-25 20:44:13,54
PRA ,2018-06-25 21:44:12,54
PRA ,2018-06-25 22:44:11,54
PRA ,2018-06-26 01:12:38,54
PRA ,2018-06-26 01:44:12,54
PRA ,2018-06-26 02:44:12,54
PRA ,2018-06-26 03:44:26,54
PRA ,2018-06-26 04:44:24,54
PRA ,2018-06-26 05:44:14,54
PRA ,2018-06-26 06:44:12,54
PRA ,2018-06-26 07:44:13,54
PRA ,2018-06-26 08:44:12,54
PRA ,2018-06-26 09:44:14,54
PRA ,2018-06-26 10:44:17,54
PRA ,2018-06-26 11:44:21,54
PRA ,2018-06-26 12:44:28,54
PRA ,2018-06-26 13:44:14,54
PRA ,2018-06-26 14:44:13,54
PRA ,2018-06-26 15:44:31,53
PRA ,2018-06-26 16:44:13,53
PRA ,2018-06-26 17:44:12,53
PRA ,2018-06-26 18:44:12,53
PRA ,2018-06-26 19:44:13,53
PRA ,2018-06-26 20:44:12,53
PRA ,2018-06-26 21:44:12,53
PRA ,2018-06-26 22:44:11,53
PRA ,2018-06-26 23:44:11,53
PRA ,2018-06-27 00:44:12,53
PRA ,2018-06-27 01:44:11,53
PRA ,2018-06-27 02:44:12,53
PRA ,2018-06-27 03:44:15,53
PRA ,2018-06-27 04:44:18,53
PRA ,2018-06-27 05:44:14,53
PRA ,2018-06-27 06:44:12,53
PRA ,2018-06-27 07:44:11,53
PRA ,2018-06-27 08:44:11,53
PRA ,2018-06-27 09:44:12,53
PRA ,2018-06-27 10:44:11,53
PRA ,2018-06-27 11:44:11,53
PRA ,2018-06-27 12:44:12,53
PRA ,2018-06-27 13:44:35,53
PRA ,2018-06-27 14:44:33,53
PRA ,2018-06-27 15:44:34,53
PRA ,2018-06-27 16:44:13,53
PRA ,2018-06-27 17:44:12,53
PRA ,2018-06-27 18:44:12,53
PRA ,2018-06-27 19:44:14,53
PRA ,2018-06-27 20:44:12,53
PRA ,2018-06-27 21:44:11,53
PRA ,2018-06-27 22:44:11,53
PRA ,2018-06-27 23:44:12,53
PRA ,2018-06-28 00:44:12,53
PRA ,2018-06-28 01:44:12,53
PRA ,2018-06-28 02:44:21,53
PRA ,2018-06-28 03:44:29,53
PRA ,2018-06-28 04:44:27,53
PRA ,2018-06-28 05:44:23,53
PRA ,2018-06-28 06:44:13,53
PRA ,2018-06-28 07:44:12,53
PRA ,2018-06-28 08:44:12,53
PRA ,2018-06-28 09:44:11,53
PRA ,2018-06-28 10:44:12,53
PRA ,2018-06-28 11:44:12,53
PRA ,2018-06-28 12:44:11,53
PRA ,2018-06-28 13:44:14,53
PRA ,2018-06-28 14:44:31,53
PRA ,2018-06-28 15:44:34,53
PRA ,2018-06-28 16:44:11,53
PRA ,2018-06-28 17:44:13,53
PRA ,2018-06-28 18:44:11,53
PRA ,2018-06-28 19:44:17,53
PRA ,2018-06-28 20:44:12,53
PRA ,2018-06-28 21:44:13,53
PRA ,2018-06-28 22:44:12,53
PRA ,2018-06-28 23:44:13,53
PRA ,2018-06-29 00:44:13,53
PRA ,2018-06-29 01:44:12,53
PRA ,2018-06-29 02:44:13,53
PRA ,2018-06-29 03:44:23,53
PRA ,2018-06-29 04:44:17,53
PRA ,2018-06-29 05:44:15,53
PRA ,2018-06-29 06:44:14,53
PRA ,2018-06-29 07:44:14,53
PRA ,2018-06-29 08:44:15,53
PRA ,2018-06-29 09:44:13,53
PRA ,2018-06-29 10:44:11,53
PRA ,2018-06-29 11:44:12,53
PRA ,2018-06-29 12:44:18,53
PRA ,2018-06-29 13:44:15,53
PRA ,2018-06-29 14:44:14,53
PRA ,2018-06-29 15:44:14,53
PRA ,2018-06-29 16:44:13,53
PRA ,2018-06-29 17:44:12,53
PRA ,2018-06-29 18:44:13,53
PRA ,2018-06-29 19:44:19,53
PRA ,2018-06-29 20:44:13,53
PRA ,2018-06-29 21:44:16,53
PRA ,2018-06-29 22:44:14,53
PRA ,2018-06-29 23:44:16,53
PRA ,2018-06-30 00:44:15,53
PRA ,2018-06-30 01:44:12,53
PRA ,2018-06-30 02:44:14,53
PRA ,2018-06-30 03:44:25,53
PRA ,2018-06-30 04:44:20,53
PRA ,2018-06-30 05:44:19,53
PRA ,2018-06-30 06:44:17,53
PRA ,2018-06-30 07:44:13,53
PRA ,2018-06-30 08:44:13,53
PRA ,2018-06-30 09:44:12,53
PRA ,2018-06-30 10:44:14,53
PRA ,2018-06-30 11:44:15,53
PRA ,2018-06-30 12:44:21,53
PRA ,2018-06-30 13:44:32,53
PRA ,2018-06-30 14:44:16,53
PRA ,2018-06-30 15:44:30,53
PRA ,2018-06-30 16:44:18,53
PRA ,2018-06-30 17:44:12,53
PRA ,2018-06-30 18:44:12,53
PRA ,2018-06-30 19:44:23,53
PRA ,2018-06-30 20:44:12,53
PRA ,2018-06-30 21:44:12,53
PRA ,2018-06-30 22:44:12,53
PRA ,2018-06-30 23:44:13,53
PRA ,2018-07-01 00:44:12,53
PRA ,2018-07-01 01:44:13,53
PRA ,2018-07-01 02:44:13,53
PRA ,2018-07-01 03:44:13,53
PRA ,2018-07-01 04:44:12,53
PRA ,2018-07-01 05:44:13,53
PRA ,2018-07-01 06:44:13,53
PRA ,2018-07-01 07:44:12,53
PRA ,2018-07-01 08:44:12,53
PRA ,2018-07-01 09:44:13,53
PRA ,2018-07-01 10:44:12,53
PRA ,2018-07-01 11:44:13,53
PRA ,2018-07-01 12:44:13,53
PRA ,2018-07-01 13:44:13,53
PRA ,2018-07-01 14:44:13,53
PRA ,2018-07-01 15:44:13,53
PRA ,2018-07-01 16:44:16,53
PRA ,2018-07-01 17:44:14,53
PRA ,2018-07-01 18:44:12,53
PRA ,2018-07-01 19:44:16,53
PRA ,2018-07-01 20:44:14,53
PRA ,2018-07-01 21:44:13,53
PRA ,2018-07-01 22:44:12,53
PRA ,2018-07-01 23:44:13,53
PRA ,2018-07-02 00:44:13,53
PRA ,2018-07-02 01:44:15,53
PRA ,2018-07-02 02:44:14,53
PRA ,2018-07-02 03:44:13,53
PRA ,2018-07-02 04:44:12,53
PRA ,2018-07-02 05:44:14,53
PRA ,2018-07-02 06:44:14,53
PRA ,2018-07-02 07:44:13,53
PRA ,2018-07-02 08:44:14,53
PRA ,2018-07-02 09:44:13,53
PRA ,2018-07-02 10:44:12,53
PRA ,2018-07-02 11:44:11,53
PRA ,2018-07-02 12:44:12,53
PRA ,2018-07-02 13:44:14,53
PRA ,2018-07-02 14:44:13,53
PRA ,2018-07-02 15:44:14,53
PRA ,2018-07-02 16:44:14,53
PRA ,2018-07-02 17:44:14,53
PRA ,2018-07-02 18:44:13,53
PRA ,2018-07-02 19:44:15,53
PRA ,2018-07-02 20:44:12,53
PRA ,2018-07-02 21:44:12,53
PRA ,2018-07-02 22:44:14,53
PRA ,2018-07-02 23:44:14,53
PRA ,2018-07-03 00:53:48,53
PRA ,2018-07-03 01:44:13,53
PRA ,2018-07-03 02:44:13,53
PRA ,2018-07-03 03:44:13,53
PRA ,2018-07-03 04:44:13,53
PRA ,2018-07-03 05:44:13,53
PRA ,2018-07-03 06:44:12,53
PRA ,2018-07-03 07:44:13,53
PRA ,2018-07-03 08:44:13,53
PRA ,2018-07-03 09:44:13,53
PRA ,2018-07-03 10:44:11,53
PRA ,2018-07-03 11:44:12,53
PRA ,2018-07-03 12:44:12,53
PRA ,2018-07-03 13:44:14,53
PRA ,2018-07-03 14:44:13,53
PRA ,2018-07-03 15:44:12,53
PRA ,2018-07-03 16:44:13,53
PRA ,2018-07-03 17:44:13,53
PRA ,2018-07-03 18:44:12,53
PRA ,2018-07-03 19:44:18,53
PRA ,2018-07-03 20:44:12,53
PRA ,2018-07-03 21:44:12,53
PRA ,2018-07-03 22:44:13,53
PRA ,2018-07-03 23:44:12,53
PRA ,2018-07-04 00:44:12,53
PRA ,2018-07-04 01:44:14,53
PRA ,2018-07-04 02:44:14,53
PRA ,2018-07-04 03:44:13,53
PRA ,2018-07-04 04:44:12,53
PRA ,2018-07-04 05:44:12,53
PRA ,2018-07-04 06:44:13,53
PRA ,2018-07-04 07:44:13,53
PRA ,2018-07-04 08:44:15,53
PRA ,2018-07-04 09:44:13,53
PRA ,2018-07-04 10:44:13,53
PRA ,2018-07-04 11:44:12,53
PRA ,2018-07-04 12:44:12,53
PRA ,2018-07-04 13:44:13,53
PRA ,2018-07-04 14:44:12,53
PRA ,2018-07-04 15:44:12,53
PRA ,2018-07-04 16:44:13,53
PRA ,2018-07-04 17:44:13,53
PRA ,2018-07-04 18:44:12,53
PRA ,2018-07-04 19:44:14,53
PRA ,2018-07-04 20:44:13,53
PRA ,2018-07-04 21:44:13,53
PRA ,2018-07-04 22:44:12,53
PRA ,2018-07-04 23:44:13,53
PRA ,2018-07-05 00:44:11,53
PRA ,2018-07-05 01:44:12,53
PRA ,2018-07-05 02:44:14,53
PRA ,2018-07-05 03:44:13,53
PRA ,2018-07-05 04:44:13,53
PRA ,2018-07-05 05:44:12,53
PRA ,2018-07-05 06:44:12,53
PRA ,2018-07-05 07:44:13,53
PRA ,2018-07-05 08:44:13,53
PRA ,2018-07-05 09:44:12,53
PRA ,2018-07-05 10:44:13,53
PRA ,2018-07-05 11:44:13,53
PRA ,2018-07-05 12:44:13,53
PRA ,2018-07-05 13:44:14,53
PRA ,2018-07-05 14:44:13,53
PRA ,2018-07-05 15:44:14,53
PRA ,2018-07-05 16:44:13,53
PRA ,2018-07-05 17:44:15,53
PRA ,2018-07-05 18:44:12,53
PRA ,2018-07-05 19:44:20,53
PRA ,2018-07-05 20:44:12,53
PRA ,2018-07-05 21:44:13,53
PRA ,2018-07-05 22:44:13,53
PRA ,2018-07-05 23:44:13,53
PRA ,2018-07-06 00:44:13,53
PRA ,2018-07-06 01:44:13,53
PRA ,2018-07-06 02:44:13,53
PRA ,2018-07-06 03:44:13,53
PRA ,2018-07-06 04:44:14,53
PRA ,2018-07-06 05:44:12,53
PRA ,2018-07-06 06:44:12,53
PRA ,2018-07-06 07:44:13,53
PRA ,2018-07-06 08:44:14,53
PRA ,2018-07-06 09:44:13,53
PRA ,2018-07-06 10:44:14,53
PRA ,2018-07-06 11:44:17,53
PRA ,2018-07-06 12:44:13,53
PRA ,2018-07-06 13:44:17,53
PRA ,2018-07-06 14:44:15,53
PRA ,2018-07-06 15:44:15,53
PRA ,2018-07-06 16:44:15,53
PRA ,2018-07-06 17:44:14,53
PRA ,2018-07-06 18:44:12,53
PRA ,2018-07-06 19:44:19,53
PRA ,2018-07-06 20:44:14,53
PRA ,2018-07-06 21:44:13,53
PRA ,2018-07-06 22:44:12,53
PRA ,2018-07-06 23:44:12,53
PRA ,2018-07-07 00:44:13,53
PRA ,2018-07-07 01:44:13,53
PRA ,2018-07-07 02:44:14,53
PRA ,2018-07-07 03:44:13,53
PRA ,2018-07-07 04:44:13,53
PRA ,2018-07-07 05:44:12,53
PRA ,2018-07-07 06:44:13,53
PRA ,2018-07-07 07:44:13,53
PRA ,2018-07-07 08:44:13,53
PRA ,2018-07-07 09:44:13,53
PRA ,2018-07-07 10:44:13,53
PRA ,2018-07-07 11:44:13,53
PRA ,2018-07-07 12:44:13,53
PRA ,2018-07-07 13:44:14,53
PRA ,2018-07-07 14:44:14,53
PRA ,2018-07-07 15:44:13,53
PRA ,2018-07-07 16:44:14,53
PRA ,2018-07-07 17:44:14,53
PRA ,2018-07-07 18:44:15,53
PRA ,2018-07-07 19:44:19,53
PRA ,2018-07-07 20:44:13,53
PRA ,2018-07-07 21:44:12,53
PRA ,2018-07-07 22:44:14,53
PRA ,2018-07-07 23:44:14,53
PRA ,2018-07-08 00:44:14,53
PRA ,2018-07-08 01:44:14,53
PRA ,2018-07-08 02:44:14,53
PRA ,2018-07-08 03:44:15,53
PRA ,2018-07-08 04:44:15,53
PRA ,2018-07-08 05:44:14,53
PRA ,2018-07-08 06:44:14,53
PRA ,2018-07-08 07:44:13,53
PRA ,2018-07-08 08:44:13,53
PRA ,2018-07-08 09:44:13,53
PRA ,2018-07-08 10:44:12,53
PRA ,2018-07-08 11:44:13,53
PRA ,2018-07-08 12:44:14,53
PRA ,2018-07-08 13:44:13,53
PRA ,2018-07-08 14:44:13,53
PRA ,2018-07-08 15:44:13,53
PRA ,2018-07-08 16:44:13,53
PRA ,2018-07-08 17:44:13,53
PRA ,2018-07-08 18:44:14,53
PRA ,2018-07-08 19:44:23,53
PRA ,2018-07-08 20:44:14,53
PRA ,2018-07-08 21:44:14,53
PRA ,2018-07-08 22:44:13,53
PRA ,2018-07-08 23:44:13,53
PRA ,2018-07-09 00:44:13,53
PRA ,2018-07-09 01:44:14,53
PRA ,2018-07-09 02:44:14,53
PRA ,2018-07-09 03:44:15,53
PRA ,2018-07-09 04:44:12,53
PRA ,2018-07-09 05:44:14,53
PRA ,2018-07-09 06:44:12,53
PRA ,2018-07-09 07:44:13,53
PRA ,2018-07-09 08:44:14,53
PRA ,2018-07-09 09:44:13,53
PRA ,2018-07-09 10:44:13,53
PRA ,2018-07-09 11:44:12,53
PRA ,2018-07-09 12:44:13,53
PRA ,2018-07-09 13:44:21,53
PRA ,2018-07-09 14:44:13,53
PRA ,2018-07-09 15:44:14,53
PRA ,2018-07-09 16:44:14,53
PRA ,2018-07-09 17:44:14,53
PRA ,2018-07-09 18:44:15,53
PRA ,2018-07-09 19:44:37,53
PRA ,2018-07-09 20:44:13,53
PRA ,2018-07-09 21:44:13,53
PRA ,2018-07-09 22:44:14,53
PRA ,2018-07-09 23:44:13,53
PRA ,2018-07-10 00:44:13,53
PRA ,2018-07-10 01:44:15,53
PRA ,2018-07-10 02:44:13,53
PRA ,2018-07-10 03:44:14,53
PRA ,2018-07-10 04:44:14,53
PRA ,2018-07-10 05:44:14,53
PRA ,2018-07-10 06:44:14,53
PRA ,2018-07-10 07:44:13,53
PRA ,2018-07-10 08:44:13,53
PRA ,2018-07-10 09:44:13,53
PRA ,2018-07-10 10:44:13,53
PRA ,2018-07-10 11:44:13,53
PRA ,2018-07-10 12:44:12,53
PRA ,2018-07-10 13:44:22,53
PRA ,2018-07-10 14:44:17,53
PRA ,2018-07-10 15:44:15,53
PRA ,2018-07-10 16:44:14,53
PRA ,2018-07-10 17:44:15,53
PRA ,2018-07-10 18:44:13,53
PRA ,2018-07-10 19:44:21,53
PRA ,2018-07-10 20:44:13,53
PRA ,2018-07-10 21:44:13,53
PRA ,2018-07-10 22:44:20,53
PRA ,2018-07-10 23:44:14,53
PRA ,2018-07-11 00:44:15,53
PRA ,2018-07-11 01:44:15,53
PRA ,2018-07-11 02:44:14,53
PRA ,2018-07-11 03:44:14,53
PRA ,2018-07-11 04:44:14,53
PRA ,2018-07-11 05:44:15,53
PRA ,2018-07-11 06:44:14,53
PRA ,2018-07-11 07:44:13,53
PRA ,2018-07-11 08:44:14,53
PRA ,2018-07-11 09:44:14,53
PRA ,2018-07-11 10:44:13,53
PRA ,2018-07-11 11:44:13,53
PRA ,2018-07-11 12:44:12,53
PRA ,2018-07-11 13:44:16,53
PRA ,2018-07-11 14:44:16,55
PRA ,2018-07-11 15:44:15,55
PRA ,2018-07-11 16:44:14,55
PRA ,2018-07-11 17:44:13,55
PRA ,2018-07-11 18:44:13,55
PRA ,2018-07-11 19:44:16,55
PRA ,2018-07-11 20:44:13,55
PRA ,2018-07-11 21:44:13,55
PRA ,2018-07-11 22:44:13,55
PRA ,2018-07-11 23:44:14,55
PRA ,2018-07-12 00:44:14,55
PRA ,2018-07-12 01:44:13,55
PRA ,2018-07-12 02:44:14,55
PRA ,2018-07-12 03:44:13,55
PRA ,2018-07-12 04:44:14,55
PRA ,2018-07-12 05:44:15,55
PRA ,2018-07-12 06:44:14,55
PRA ,2018-07-12 07:44:14,55
PRA ,2018-07-12 08:44:14,55
PRA ,2018-07-12 09:44:14,55
PRA ,2018-07-12 10:44:12,55
PRA ,2018-07-12 11:44:13,55
PRA ,2018-07-12 12:44:13,55
PRA ,2018-07-12 13:44:17,55
PRA ,2018-07-12 14:44:16,55
PRA ,2018-07-12 15:44:16,54
PRA ,2018-07-12 16:44:18,54
PRA ,2018-07-12 17:44:15,54
PRA ,2018-07-12 18:44:16,53
PRA ,2018-07-12 19:44:30,53
PRA ,2018-07-12 20:44:13,53
PRA ,2018-07-12 21:44:13,53
PRA ,2018-07-12 22:44:15,53
PRA ,2018-07-12 23:44:16,53
PRA ,2018-07-13 00:44:15,53
PRA ,2018-07-13 01:44:15,53
PRA ,2018-07-13 02:44:15,53
PRA ,2018-07-13 03:44:15,53
PRA ,2018-07-13 04:44:16,53
PRA ,2018-07-13 05:44:16,53
PRA ,2018-07-13 06:44:15,53
PRA ,2018-07-13 07:44:14,53
PRA ,2018-07-13 08:44:15,53
PRA ,2018-07-13 09:44:14,53
PRA ,2018-07-13 10:44:13,53
PRA ,2018-07-13 11:44:14,53
PRA ,2018-07-13 12:44:15,53
PRA ,2018-07-13 13:44:21,53
PRA ,2018-07-13 14:44:17,53
PRA ,2018-07-13 15:44:17,54
PRA ,2018-07-13 16:44:16,54
PRA ,2018-07-13 17:44:15,54
PRA ,2018-07-13 18:44:16,54
PRA ,2018-07-13 19:44:17,54
PRA ,2018-07-13 20:44:14,54
PRA ,2018-07-13 21:44:13,54
PRA ,2018-07-13 22:44:14,54
PRA ,2018-07-13 23:44:16,54
PRA ,2018-07-14 00:44:15,54
PRA ,2018-07-14 01:44:14,54
PRA ,2018-07-14 02:44:14,54
PRA ,2018-07-14 03:44:15,54
PRA ,2018-07-14 04:44:14,54
PRA ,2018-07-14 05:44:14,54
PRA ,2018-07-14 06:44:14,54
PRA ,2018-07-14 07:44:14,54
PRA ,2018-07-14 08:44:14,54
PRA ,2018-07-14 09:44:14,54
PRA ,2018-07-14 10:44:15,54
PRA ,2018-07-14 11:44:14,54
PRA ,2018-07-14 12:44:15,54
PRA ,2018-07-14 13:44:15,54
PRA ,2018-07-14 14:44:15,54
PRA ,2018-07-14 15:44:14,54
PRA ,2018-07-14 16:44:15,54
PRA ,2018-07-14 17:44:15,54
PRA ,2018-07-14 18:44:15,54
PRA ,2018-07-14 19:44:18,54
PRA ,2018-07-14 20:44:14,54
PRA ,2018-07-14 21:44:15,54
PRA ,2018-07-14 22:44:16,54
PRA ,2018-07-14 23:44:15,54
PRA ,2018-07-15 00:44:14,54
PRA ,2018-07-15 01:44:14,54
PRA ,2018-07-15 02:44:15,54
PRA ,2018-07-15 03:44:14,54
PRA ,2018-07-15 04:44:14,54
PRA ,2018-07-15 05:44:14,54
PRA ,2018-07-15 06:44:15,54
PRA ,2018-07-15 07:44:14,54
PRA ,2018-07-15 08:44:14,54
PRA ,2018-07-15 09:44:14,54
PRA ,2018-07-15 10:44:14,54
PRA ,2018-07-15 11:44:14,54
PRA ,2018-07-15 12:44:14,54
PRA ,2018-07-15 13:44:15,54
PRA ,2018-07-15 14:44:13,54
PRA ,2018-07-15 15:44:16,54
PRA ,2018-07-15 16:44:15,54
PRA ,2018-07-15 17:44:14,54
PRA ,2018-07-15 18:44:14,54
PRA ,2018-07-15 19:44:27,54
PRA ,2018-07-15 20:44:15,54
PRA ,2018-07-15 21:44:21,54
PRA ,2018-07-15 22:44:15,54
PRA ,2018-07-15 23:44:15,54
PRA ,2018-07-16 00:44:15,54
PRA ,2018-07-16 01:44:14,54
PRA ,2018-07-16 02:44:15,54
PRA ,2018-07-16 03:44:16,54
PRA ,2018-07-16 04:44:16,54
PRA ,2018-07-16 05:44:14,54
PRA ,2018-07-16 06:44:16,54
PRA ,2018-07-16 07:44:24,54
PRA ,2018-07-16 08:44:17,54
PRA ,2018-07-16 09:44:13,54
PRA ,2018-07-16 10:44:14,54
PRA ,2018-07-16 11:44:14,54
PRA ,2018-07-16 12:44:13,54
PRA ,2018-07-16 13:44:28,54
PRA ,2018-07-16 14:44:15,54
PRA ,2018-07-16 15:44:17,53
PRA ,2018-07-16 16:44:16,53
PRA ,2018-07-16 17:44:17,53
PRA ,2018-07-16 18:44:16,53
PRA ,2018-07-16 19:44:55,52
PRA ,2018-07-16 20:44:15,51
PRA ,2018-07-16 21:44:15,51
PRA ,2018-07-16 22:44:14,51
PRA ,2018-07-16 23:44:15,51
PRA ,2018-07-17 00:44:30,51
PRA ,2018-07-17 01:44:15,51
PRA ,2018-07-17 02:44:15,51
PRA ,2018-07-17 03:44:14,51
PRA ,2018-07-17 04:44:15,51
PRA ,2018-07-17 05:44:16,51
PRA ,2018-07-17 06:44:15,51
PRA ,2018-07-17 07:44:25,51
PRA ,2018-07-17 08:44:15,51
PRA ,2018-07-17 09:44:14,51
PRA ,2018-07-17 10:44:14,51
PRA ,2018-07-17 11:44:14,51
PRA ,2018-07-17 12:44:15,51
PRA ,2018-07-17 13:44:20,51
PRA ,2018-07-17 14:44:17,51
PRA ,2018-07-17 15:44:15,51
PRA ,2018-07-17 16:44:16,51
PRA ,2018-07-17 17:44:16,51
PRA ,2018-07-17 18:44:17,51
PRA ,2018-07-17 19:44:38,51
PRA ,2018-07-17 20:44:15,51
PRA ,2018-07-17 21:44:15,51
PRA ,2018-07-17 22:44:14,51
PRA ,2018-07-17 23:44:18,51
PRA ,2018-07-18 00:44:19,51
PRA ,2018-07-18 01:44:18,51
PRA ,2018-07-18 02:44:28,51
PRA ,2018-07-18 03:44:20,51
PRA ,2018-07-18 04:44:18,51
PRA ,2018-07-18 05:44:21,51
PRA ,2018-07-18 06:44:18,51
PRA ,2018-07-18 07:44:17,51
PRA ,2018-07-18 08:44:22,51
PRA ,2018-07-18 09:44:17,51
PRA ,2018-07-18 10:44:17,51
PRA ,2018-07-18 11:44:18,51
PRA ,2018-07-18 12:44:17,51
PRA ,2018-07-18 13:44:24,51
PRA ,2018-07-18 14:44:22,51
PRA ,2018-07-18 15:44:20,51
PRA ,2018-07-18 16:44:20,51
PRA ,2018-07-18 17:44:21,51
PRA ,2018-07-18 18:44:20,51
PRA ,2018-07-18 19:44:29,51
PRA ,2018-07-18 20:44:18,51
PRA ,2018-07-18 21:44:19,51
PRA ,2018-07-18 22:44:19,51
PRA ,2018-07-18 23:44:18,51
PRA ,2018-07-19 00:44:19,51
PRA ,2018-07-19 01:44:19,51
PRA ,2018-07-19 02:44:19,51
PRA ,2018-07-19 03:44:24,51
PRA ,2018-07-19 04:44:27,51
PRA ,2018-07-19 05:44:23,51
PRA ,2018-07-19 06:44:23,51
PRA ,2018-07-19 07:44:30,51
PRA ,2018-07-19 08:44:19,51
PRA ,2018-07-19 09:44:19,51
PRA ,2018-07-19 10:44:19,51
PRA ,2018-07-19 11:44:19,51
PRA ,2018-07-19 12:44:18,51
PRA ,2018-07-19 13:44:23,51
PRA ,2018-07-19 14:44:21,51
PRA ,2018-07-19 15:44:21,51
PRA ,2018-07-19 16:44:20,51
PRA ,2018-07-19 17:44:21,51
PRA ,2018-07-19 18:44:21,51
PRA ,2018-07-19 19:44:24,51
PRA ,2018-07-19 20:44:20,51
PRA ,2018-07-19 21:44:19,51
PRA ,2018-07-19 22:44:21,51
PRA ,2018-07-19 23:44:22,51
PRA ,2018-07-20 00:44:20,51
PRA ,2018-07-20 01:44:20,51
PRA ,2018-07-20 02:44:21,51
PRA ,2018-07-20 03:44:24,51
PRA ,2018-07-20 04:44:25,51
PRA ,2018-07-20 05:44:24,51
PRA ,2018-07-20 06:44:24,51
PRA ,2018-07-20 07:44:23,51
PRA ,2018-07-20 08:44:19,51
PRA ,2018-07-20 09:44:31,51
PRA ,2018-07-20 10:44:18,51
PRA ,2018-07-20 11:44:18,51
PRA ,2018-07-20 12:44:17,51
PRA ,2018-07-20 14:07:54,51
PRA ,2018-07-20 14:44:21,51
PRA ,2018-07-20 15:44:22,51
PRA ,2018-07-20 16:44:21,51
PRA ,2018-07-20 17:44:20,51
PRA ,2018-07-20 18:44:22,51
PRA ,2018-07-20 19:44:31,51
PRA ,2018-07-20 20:44:19,51
PRA ,2018-07-20 21:44:19,51
PRA ,2018-07-20 22:44:17,51
PRA ,2018-07-20 23:44:21,51
PRA ,2018-07-21 00:44:20,51
PRA ,2018-07-21 01:44:21,51
PRA ,2018-07-21 02:44:22,51
PRA ,2018-07-21 03:44:28,51
PRA ,2018-07-21 04:44:20,51
PRA ,2018-07-21 05:44:19,51
PRA ,2018-07-21 06:44:19,51
PRA ,2018-07-21 07:44:18,51
PRA ,2018-07-21 08:44:18,51
PRA ,2018-07-21 09:44:20,51
PRA ,2018-07-21 10:44:19,51
PRA ,2018-07-21 11:44:17,51
PRA ,2018-07-21 12:44:18,51
PRA ,2018-07-21 13:44:20,51
PRA ,2018-07-21 14:44:20,51
PRA ,2018-07-21 15:44:20,51
PRA ,2018-07-21 16:44:21,51
PRA ,2018-07-21 17:44:19,51
PRA ,2018-07-21 18:44:21,51
PRA ,2018-07-21 19:44:25,51
PRA ,2018-07-21 20:44:18,51
PRA ,2018-07-21 21:44:18,51
PRA ,2018-07-21 22:44:18,51
PRA ,2018-07-21 23:44:19,51
PRA ,2018-07-22 00:44:19,51
PRA ,2018-07-22 01:44:19,51
PRA ,2018-07-22 02:44:20,51
PRA ,2018-07-22 03:44:21,51
PRA ,2018-07-22 04:44:19,51
PRA ,2018-07-22 05:44:19,51
PRA ,2018-07-22 06:44:34,51
PRA ,2018-07-22 07:44:30,51
PRA ,2018-07-22 08:44:19,51
PRA ,2018-07-22 09:44:17,51
PRA ,2018-07-22 10:44:17,51
PRA ,2018-07-22 11:44:18,51
PRA ,2018-07-22 12:44:20,51
PRA ,2018-07-22 13:44:19,51
PRA ,2018-07-22 14:44:23,51
PRA ,2018-07-22 15:44:19,51
PRA ,2018-07-22 16:44:19,51
PRA ,2018-07-22 17:44:18,51
PRA ,2018-07-22 18:44:18,51
PRA ,2018-07-22 19:44:29,51
PRA ,2018-07-22 20:44:19,51
PRA ,2018-07-22 21:44:19,51
PRA ,2018-07-22 22:44:19,51
PRA ,2018-07-22 23:44:18,51
PRA ,2018-07-23 00:44:19,51
PRA ,2018-07-23 01:44:18,51
PRA ,2018-07-23 02:44:20,51
PRA ,2018-07-23 03:44:19,51
PRA ,2018-07-23 04:44:18,51
PRA ,2018-07-23 05:44:17,51
PRA ,2018-07-23 06:44:18,51
PRA ,2018-07-23 07:44:19,51
PRA ,2018-07-23 08:44:21,51
PRA ,2018-07-23 09:44:24,51
PRA ,2018-07-23 23:44:33,51
PRA ,2018-07-24 00:44:19,51
PRA ,2018-07-24 01:44:20,51
PRA ,2018-07-24 02:44:20,51
PRA ,2018-07-24 03:44:19,51
PRA ,2018-07-24 04:44:18,51
PRA ,2018-07-24 05:44:18,51
PRA ,2018-07-24 06:44:19,51
PRA ,2018-07-24 07:44:18,51
PRA ,2018-07-24 08:44:18,51
PRA ,2018-07-24 09:44:17,51
PRA ,2018-07-24 10:44:18,51
PRA ,2018-07-24 11:44:18,51
PRA ,2018-07-24 12:44:19,51
PRA ,2018-07-24 13:44:31,51
PRA ,2018-07-24 14:44:20,51
PRA ,2018-07-24 15:44:20,51
PRA ,2018-07-24 16:44:21,51
PRA ,2018-07-24 17:44:20,51
PRA ,2018-07-24 18:44:19,51
PRA ,2018-07-24 19:44:20,51
PRA ,2018-07-24 20:44:18,51
PRA ,2018-07-24 21:44:18,51
PRA ,2018-07-24 22:44:18,51
PRA ,2018-07-24 23:44:18,51
PRA ,2018-07-25 00:44:19,51
PRA ,2018-07-25 01:44:19,51
PRA ,2018-07-25 02:44:18,51
PRA ,2018-07-25 03:44:19,51
PRA ,2018-07-25 04:44:19,51
PRA ,2018-07-25 05:44:18,51
PRA ,2018-07-25 06:44:19,51
PRA ,2018-07-25 07:44:18,51
PRA ,2018-07-25 08:44:19,51
PRA ,2018-07-25 09:44:19,51
PRA ,2018-07-25 10:44:17,51
PRA ,2018-07-25 11:44:17,51
PRA ,2018-07-25 12:44:18,51
PRA ,2018-07-25 13:44:26,51
PRA ,2018-07-25 14:44:21,52
PRA ,2018-07-25 15:44:23,52
PRA ,2018-07-25 16:44:22,52
PRA ,2018-07-25 17:44:28,52
PRA ,2018-07-25 18:44:23,52
PRA ,2018-07-25 19:44:22,52
PRA ,2018-07-25 20:44:22,51
PRA ,2018-07-25 21:44:22,51
PRA ,2018-07-25 22:44:20,51
PRA ,2018-07-25 23:44:19,51
PRA ,2018-07-26 00:44:19,51
PRA ,2018-07-26 01:44:20,51
PRA ,2018-07-26 02:44:21,51
PRA ,2018-07-26 03:44:21,51
PRA ,2018-07-26 04:44:21,51
PRA ,2018-07-26 05:44:21,51
PRA ,2018-07-26 06:44:20,51
PRA ,2018-07-26 07:44:19,51
PRA ,2018-07-26 08:44:19,51
PRA ,2018-07-26 09:44:20,51
PRA ,2018-07-26 10:44:20,51
PRA ,2018-07-26 11:44:20,51
PRA ,2018-07-26 12:44:20,51
PRA ,2018-07-26 14:44:23,49
PRA ,2018-07-26 15:44:22,49
PRA ,2018-07-26 16:44:22,49
PRA ,2018-07-26 17:44:22,50
PRA ,2018-07-26 18:44:22,50
PRA ,2018-07-26 19:44:22,50
PRA ,2018-07-26 20:44:21,50
PRA ,2018-07-26 21:44:19,50
PRA ,2018-07-26 22:44:20,50
PRA ,2018-07-26 23:44:21,50
PRA ,2018-07-27 00:44:20,50
PRA ,2018-07-27 01:44:21,50
PRA ,2018-07-27 02:44:19,50
PRA ,2018-07-27 03:44:20,50
PRA ,2018-07-27 04:44:21,50
PRA ,2018-07-27 05:44:21,50
PRA ,2018-07-27 06:44:20,50
PRA ,2018-07-27 07:44:20,50
PRA ,2018-07-27 08:44:19,50
PRA ,2018-07-27 09:44:19,50
PRA ,2018-07-27 10:44:20,50
PRA ,2018-07-27 11:44:19,50
PRA ,2018-07-27 12:44:20,50
PRA ,2018-07-27 13:44:27,50
PRA ,2018-07-27 14:44:22,50
PRA ,2018-07-27 15:44:21,50
PRA ,2018-07-27 16:44:20,50
PRA ,2018-07-27 17:44:21,50
PRA ,2018-07-27 18:44:20,50
PRA ,2018-07-27 19:44:21,49
PRA ,2018-07-27 20:44:20,49
PRA ,2018-07-27 21:44:20,49
PRA ,2018-07-27 22:44:19,49
PRA ,2018-07-27 23:44:20,49
PRA ,2018-07-28 00:44:20,49
PRA ,2018-07-28 01:44:20,49
PRA ,2018-07-28 02:44:20,49
PRA ,2018-07-28 03:44:20,49
PRA ,2018-07-28 04:44:19,49
PRA ,2018-07-28 05:44:20,49
PRA ,2018-07-28 06:44:20,49
PRA ,2018-07-28 07:44:19,49
PRA ,2018-07-28 08:44:20,49
PRA ,2018-07-28 09:44:20,49
PRA ,2018-07-28 10:44:19,49
PRA ,2018-07-28 11:44:19,49
PRA ,2018-07-28 12:44:19,49
PRA ,2018-07-28 13:44:19,49
PRA ,2018-07-28 14:44:19,49
PRA ,2018-07-28 15:44:20,49
PRA ,2018-07-28 16:44:20,49
PRA ,2018-07-28 17:44:20,49
PRA ,2018-07-28 18:44:21,49
PRA ,2018-07-28 19:44:41,49
PRA ,2018-07-28 20:44:32,49
PRA ,2018-07-28 21:44:20,49
PRA ,2018-07-28 22:44:20,49
PRA ,2018-07-28 23:44:21,49
PRA ,2018-07-29 00:44:20,49
PRA ,2018-07-29 01:44:21,49
PRA ,2018-07-29 02:44:20,49
PRA ,2018-07-29 03:44:19,49
PRA ,2018-07-29 04:44:21,49
PRA ,2018-07-29 05:44:21,49
PRA ,2018-07-29 06:44:20,49
PRA ,2018-07-29 07:44:19,49
PRA ,2018-07-29 08:44:19,49
PRA ,2018-07-29 09:44:20,49
PRA ,2018-07-29 10:44:20,49
PRA ,2018-07-29 11:44:19,49
PRA ,2018-07-29 12:44:20,49
PRA ,2018-07-29 13:44:21,49
PRA ,2018-07-29 14:44:20,49
PRA ,2018-07-29 15:44:19,49
PRA ,2018-07-29 16:44:21,49
PRA ,2018-07-29 17:44:20,49
PRA ,2018-07-29 18:44:19,49
PRA ,2018-07-29 19:44:21,49
PRA ,2018-07-29 20:44:20,49
PRA ,2018-07-29 21:44:21,49
PRA ,2018-07-29 22:44:21,49
PRA ,2018-07-29 23:44:21,49
PRA ,2018-07-30 00:44:19,49
PRA ,2018-07-30 01:44:21,49
PRA ,2018-07-30 02:44:19,49
PRA ,2018-07-30 03:44:20,49
PRA ,2018-07-30 04:44:20,49
PRA ,2018-07-30 05:44:20,49
PRA ,2018-07-30 06:44:18,49
PRA ,2018-07-30 07:44:19,49
PRA ,2018-07-30 08:44:20,49
PRA ,2018-07-30 09:44:20,49
PRA ,2018-07-30 10:44:18,49
PRA ,2018-07-30 11:44:20,49
PRA ,2018-07-30 12:44:20,49
PRA ,2018-07-30 13:44:27,49
PRA ,2018-07-30 14:44:23,49
PRA ,2018-07-30 15:44:22,48
PRA ,2018-07-30 16:44:22,48
PRA ,2018-07-30 17:44:22,48
PRA ,2018-07-30 18:44:19,48
PRA ,2018-07-30 19:44:22,48
PRA ,2018-07-30 20:44:19,48
PRA ,2018-07-30 21:44:20,48
PRA ,2018-07-30 22:44:21,48
PRA ,2018-07-30 23:44:19,48
PRA ,2018-07-31 00:44:22,48
PRA ,2018-07-31 01:44:20,48
PRA ,2018-07-31 02:44:20,48
PRA ,2018-07-31 03:44:20,48
PRA ,2018-07-31 04:44:20,48
PRA ,2018-07-31 05:44:20,48
PRA ,2018-07-31 06:44:20,48
PRA ,2018-07-31 07:44:20,48
PRA ,2018-07-31 08:44:46,48
PRA ,2018-07-31 09:51:16,48
PRA ,2018-07-31 10:44:20,48
PRA ,2018-07-31 11:44:19,48
PRA ,2018-07-31 12:44:20,48
PRA ,2018-07-31 13:44:28,48
PRA ,2018-07-31 14:44:21,48
PRA ,2018-07-31 15:44:21,48
PRA ,2018-07-31 16:44:21,48
PRA ,2018-07-31 17:44:20,48
PRA ,2018-07-31 18:44:20,48
PRA ,2018-07-31 19:44:22,48
PRA ,2018-07-31 20:44:21,48
PRA ,2018-07-31 21:44:19,48
PRA ,2018-07-31 22:44:21,48
PRA ,2018-07-31 23:44:21,48
PRA ,2018-08-01 00:44:21,48
PRA ,2018-08-01 01:44:20,48
PRA ,2018-08-01 02:44:20,48
PRA ,2018-08-01 03:44:20,48
PRA ,2018-08-01 04:44:20,48
PRA ,2018-08-01 05:44:21,48
PRA ,2018-08-01 06:44:20,48
PRA ,2018-08-01 07:44:20,48
PRA ,2018-08-01 08:44:20,48
PRA ,2018-08-01 09:44:20,48
PRA ,2018-08-01 10:44:19,48
PRA ,2018-08-01 11:44:20,48
PRA ,2018-08-01 12:44:20,48
PRA ,2018-08-01 14:09:29,48
PRA ,2018-08-01 14:44:23,48
PRA ,2018-08-01 15:44:23,48
PRA ,2018-08-01 16:44:23,48
PRA ,2018-08-01 17:44:23,48
PRA ,2018-08-01 18:44:22,48
PRA ,2018-08-01 19:45:51,48
PRA ,2018-08-01 20:44:21,48
PRA ,2018-08-01 21:44:21,48
PRA ,2018-08-01 22:44:20,48
PRA ,2018-08-01 23:44:20,48
PRA ,2018-08-02 00:44:22,48
PRA ,2018-08-02 01:44:22,48
PRA ,2018-08-02 02:44:21,48
PRA ,2018-08-02 03:44:21,48
PRA ,2018-08-02 04:44:22,48
PRA ,2018-08-02 05:44:21,48
PRA ,2018-08-02 06:44:20,48
PRA ,2018-08-02 07:44:20,48
PRA ,2018-08-02 08:44:20,48
PRA ,2018-08-02 09:44:21,48
PRA ,2018-08-02 10:44:21,48
PRA ,2018-08-02 11:44:20,48
PRA ,2018-08-02 12:44:21,48
PRA ,2018-08-02 13:44:27,48
PRA ,2018-08-02 14:44:25,48
PRA ,2018-08-02 15:44:24,48
PRA ,2018-08-02 16:44:22,48
PRA ,2018-08-02 17:44:24,48
PRA ,2018-08-02 18:44:22,48
PRA ,2018-08-02 19:44:23,48
PRA ,2018-08-02 20:44:21,48
PRA ,2018-08-02 21:44:21,48
PRA ,2018-08-02 22:44:21,48
PRA ,2018-08-02 23:44:20,48
PRA ,2018-08-03 00:44:21,48
PRA ,2018-08-03 01:44:23,48
PRA ,2018-08-03 02:44:22,48
PRA ,2018-08-03 03:44:21,48
PRA ,2018-08-03 04:44:21,48
PRA ,2018-08-03 05:44:21,48
PRA ,2018-08-03 06:44:22,48
PRA ,2018-08-03 07:44:20,48
PRA ,2018-08-03 08:44:21,48
PRA ,2018-08-03 09:44:21,48
PRA ,2018-08-03 10:44:21,48
PRA ,2018-08-03 11:46:22,48
PRA ,2018-08-03 13:09:20,48
PRA ,2018-08-03 13:44:27,48
PRA ,2018-08-03 14:44:22,48
PRA ,2018-08-03 15:44:22,48
PRA ,2018-08-03 16:44:22,48
PRA ,2018-08-03 17:44:21,48
PRA ,2018-08-03 18:44:21,49
PRA ,2018-08-03 19:44:21,49
PRA ,2018-08-03 20:44:22,49
PRA ,2018-08-03 21:44:20,49
PRA ,2018-08-03 22:44:20,49
PRA ,2018-08-03 23:44:21,49
PRA ,2018-08-04 00:44:20,49
PRA ,2018-08-04 01:44:21,49
PRA ,2018-08-04 02:44:21,49
PRA ,2018-08-04 03:44:21,49
PRA ,2018-08-04 04:44:20,49
PRA ,2018-08-04 05:44:21,49
PRA ,2018-08-04 06:44:21,49
PRA ,2018-08-04 07:44:22,49
PRA ,2018-08-04 08:44:21,49
PRA ,2018-08-04 09:44:21,49
PRA ,2018-08-04 10:44:21,49
PRA ,2018-08-04 11:44:20,49
PRA ,2018-08-04 12:44:20,49
PRA ,2018-08-04 13:44:22,49
PRA ,2018-08-04 14:44:20,49
PRA ,2018-08-04 15:44:21,49
PRA ,2018-08-04 16:44:21,49
PRA ,2018-08-04 17:44:21,49
PRA ,2018-08-04 18:44:21,49
PRA ,2018-08-04 19:44:21,49
PRA ,2018-08-04 20:44:21,49
PRA ,2018-08-04 21:44:20,49
PRA ,2018-08-04 22:44:20,49
PRA ,2018-08-04 23:44:22,49
PRA ,2018-08-05 00:44:20,49
PRA ,2018-08-05 01:44:21,49
PRA ,2018-08-05 02:44:22,49
PRA ,2018-08-05 03:44:21,49
PRA ,2018-08-05 04:44:20,49
PRA ,2018-08-05 05:44:21,49
PRA ,2018-08-05 06:44:21,49
PRA ,2018-08-05 07:44:20,49
PRA ,2018-08-05 08:44:20,49
PRA ,2018-08-05 09:44:20,49
PRA ,2018-08-05 10:44:21,49
PRA ,2018-08-05 11:44:20,49
PRA ,2018-08-05 12:44:21,49
PRA ,2018-08-05 13:44:20,49
PRA ,2018-08-05 14:44:20,49
PRA ,2018-08-05 15:44:21,49
PRA ,2018-08-05 16:44:22,49
PRA ,2018-08-05 17:44:21,49
PRA ,2018-08-05 18:44:21,49
PRA ,2018-08-05 19:44:21,49
PRA ,2018-08-05 20:44:20,49
PRA ,2018-08-05 21:44:22,49
PRA ,2018-08-05 22:44:20,49
PRA ,2018-08-05 23:44:22,49
PRA ,2018-08-06 00:44:21,49
PRA ,2018-08-06 01:44:20,49
PRA ,2018-08-06 02:44:21,49
PRA ,2018-08-06 03:44:21,49
PRA ,2018-08-06 04:44:20,49
PRA ,2018-08-06 05:44:20,49
PRA ,2018-08-06 06:44:20,49
PRA ,2018-08-06 07:44:21,49
PRA ,2018-08-06 08:44:21,49
PRA ,2018-08-06 09:44:21,49
PRA ,2018-08-06 10:44:21,49
PRA ,2018-08-06 11:44:19,49
PRA ,2018-08-06 12:44:20,49
PRA ,2018-08-06 13:44:25,49
PRA ,2018-08-06 14:44:23,49
PRA ,2018-08-06 15:44:21,49
PRA ,2018-08-06 16:44:47,49
PRA ,2018-08-06 17:44:23,49
PRA ,2018-08-06 18:44:23,49
PRA ,2018-08-06 19:44:22,49
PRA ,2018-08-06 20:44:22,49
PRA ,2018-08-06 21:44:24,49
PRA ,2018-08-06 22:44:22,49
PRA ,2018-08-06 23:44:22,49
PRA ,2018-08-07 00:44:22,49
PRA ,2018-08-07 01:44:22,49
PRA ,2018-08-07 02:44:23,49
PRA ,2018-08-07 03:44:24,49
PRA ,2018-08-07 04:44:23,49
PRA ,2018-08-07 05:44:22,49
PRA ,2018-08-07 06:44:21,49
PRA ,2018-08-07 07:44:22,49
PRA ,2018-08-07 08:44:21,49
PRA ,2018-08-07 09:44:20,49
PRA ,2018-08-07 10:44:21,49
PRA ,2018-08-07 11:44:21,49
PRA ,2018-08-07 12:44:21,49
PRA ,2018-08-07 13:44:29,49
PRA ,2018-08-07 14:44:23,49
PRA ,2018-08-07 15:44:23,49
PRA ,2018-08-07 16:44:22,49
PRA ,2018-08-07 17:44:24,49
PRA ,2018-08-07 18:44:23,49
PRA ,2018-08-07 19:44:24,49
PRA ,2018-08-07 20:44:23,48
PRA ,2018-08-07 21:44:22,48
PRA ,2018-08-07 22:44:22,48
PRA ,2018-08-07 23:44:22,48
PRA ,2018-08-08 00:44:22,48
PRA ,2018-08-08 01:44:24,48
PRA ,2018-08-08 02:44:23,48
PRA ,2018-08-08 03:44:22,48
PRA ,2018-08-08 04:44:21,48
PRA ,2018-08-08 05:44:23,48
PRA ,2018-08-08 06:44:22,48
PRA ,2018-08-08 07:44:23,48
PRA ,2018-08-08 08:44:23,48
PRA ,2018-08-08 09:44:23,48
PRA ,2018-08-08 10:44:23,48
PRA ,2018-08-08 11:44:23,48
PRA ,2018-08-08 12:44:23,48
PRA ,2018-08-08 13:44:27,48
PRA ,2018-08-08 14:44:23,49
PRA ,2018-08-08 15:44:24,49
PRA ,2018-08-08 16:44:24,49
PRA ,2018-08-08 17:44:23,48
PRA ,2018-08-08 18:44:22,48
PRA ,2018-08-08 19:44:23,48
PRA ,2018-08-08 20:44:21,48
PRA ,2018-08-08 21:44:21,48
PRA ,2018-08-08 22:44:21,48
PRA ,2018-08-08 23:44:21,48
PRA ,2018-08-10 00:22:38,48
PRA ,2018-08-10 00:44:25,48
PRA ,2018-08-10 01:44:26,48
PRA ,2018-08-10 02:44:25,48
PRA ,2018-08-10 03:44:21,48
PRA ,2018-08-10 04:44:25,48
PRA ,2018-08-10 05:44:28,48
PRA ,2018-08-10 06:44:24,48
PRA ,2018-08-10 07:44:27,48
PRA ,2018-08-10 08:44:26,48
PRA ,2018-08-10 09:44:24,48
PRA ,2018-08-10 10:44:24,48
PRA ,2018-08-10 11:44:24,48
PRA ,2018-08-10 12:44:23,48
PRA ,2018-08-10 13:44:30,48
PRA ,2018-08-10 14:44:28,48
PRA ,2018-08-10 15:44:27,48
PRA ,2018-08-10 16:44:28,49
PRA ,2018-08-10 17:44:26,49
PRA ,2018-08-10 18:44:26,49
PRA ,2018-08-10 19:44:26,48
PRA ,2018-08-10 20:44:26,47
PRA ,2018-08-10 21:44:26,47
PRA ,2018-08-10 22:44:25,47
PRA ,2018-08-10 23:44:27,47
PRA ,2018-08-11 00:44:26,47
PRA ,2018-08-11 01:44:26,47
PRA ,2018-08-11 02:44:27,47
PRA ,2018-08-11 03:44:27,47
PRA ,2018-08-11 04:44:26,47
PRA ,2018-08-11 05:44:27,47
PRA ,2018-08-11 06:44:25,47
PRA ,2018-08-11 07:44:25,47
PRA ,2018-08-11 08:44:25,47
PRA ,2018-08-11 09:44:25,47
PRA ,2018-08-11 10:44:25,47
PRA ,2018-08-11 11:44:25,47
PRA ,2018-08-11 12:44:25,47
PRA ,2018-08-11 13:44:25,47
PRA ,2018-08-11 14:44:25,47
PRA ,2018-08-11 15:44:26,47
PRA ,2018-08-11 16:44:26,47
PRA ,2018-08-11 17:44:26,47
PRA ,2018-08-11 18:44:27,47
PRA ,2018-08-11 19:44:26,47
PRA ,2018-08-11 20:44:26,47
PRA ,2018-08-11 21:44:26,47
PRA ,2018-08-11 22:44:26,47
PRA ,2018-08-11 23:44:26,47
PRA ,2018-08-12 00:44:26,47
PRA ,2018-08-12 01:44:25,47
PRA ,2018-08-12 02:44:25,47
PRA ,2018-08-12 03:44:25,47
PRA ,2018-08-12 04:44:26,47
PRA ,2018-08-12 05:44:26,47
PRA ,2018-08-12 06:44:24,47
PRA ,2018-08-12 07:44:25,47
PRA ,2018-08-12 08:44:25,47
PRA ,2018-08-12 09:44:24,47
PRA ,2018-08-12 10:44:24,47
PRA ,2018-08-12 11:44:25,47
PRA ,2018-08-12 12:44:26,47
PRA ,2018-08-12 13:44:27,47
PRA ,2018-08-12 14:44:26,47
PRA ,2018-08-12 15:44:27,47
PRA ,2018-08-12 16:44:27,47
PRA ,2018-08-12 17:44:26,47
PRA ,2018-08-12 18:44:26,47
PRA ,2018-08-12 19:44:26,47
PRA ,2018-08-12 20:44:26,47
PRA ,2018-08-12 21:44:26,47
PRA ,2018-08-12 22:44:25,47
PRA ,2018-08-12 23:44:26,47
PRA ,2018-08-13 00:44:25,47
PRA ,2018-08-13 01:44:26,47
PRA ,2018-08-13 02:44:27,47
PRA ,2018-08-13 03:44:26,47
PRA ,2018-08-13 04:44:27,47
PRA ,2018-08-13 05:44:25,47
PRA ,2018-08-13 06:44:26,47
PRA ,2018-08-13 07:44:26,47
PRA ,2018-08-13 08:44:27,47
PRA ,2018-08-13 09:44:27,47
PRA ,2018-08-13 10:44:24,47
PRA ,2018-08-13 11:44:24,47
PRA ,2018-08-13 12:44:25,47
PRA ,2018-08-13 13:44:29,47
PRA ,2018-08-13 14:44:28,47
PRA ,2018-08-13 15:44:29,47
PRA ,2018-08-13 16:44:28,47
PRA ,2018-08-13 17:44:26,47
PRA ,2018-08-13 18:44:26,47
PRA ,2018-08-13 19:44:28,47
PRA ,2018-08-13 20:44:27,47
PRA ,2018-08-13 21:44:26,47
PRA ,2018-08-13 22:44:25,47
PRA ,2018-08-13 23:44:26,47
PRA ,2018-08-14 00:44:27,47
PRA ,2018-08-14 01:44:27,47
PRA ,2018-08-14 02:44:26,47
PRA ,2018-08-14 03:44:26,47
PRA ,2018-08-14 04:44:27,47
PRA ,2018-08-14 05:44:26,47
PRA ,2018-08-14 06:44:27,47
PRA ,2018-08-14 07:44:27,47
PRA ,2018-08-14 08:44:27,47
PRA ,2018-08-14 09:44:26,47
PRA ,2018-08-14 10:44:27,47
PRA ,2018-08-14 11:44:25,47
PRA ,2018-08-14 12:44:26,47
PRA ,2018-08-14 13:44:28,47
PRA ,2018-08-14 14:44:27,47
PRA ,2018-08-14 15:44:28,47
PRA ,2018-08-14 16:44:26,47
PRA ,2018-08-14 17:44:25,47
PRA ,2018-08-14 18:44:26,47
PRA ,2018-08-14 19:44:27,47
PRA ,2018-08-14 20:44:26,47
PRA ,2018-08-14 21:44:26,47
PRA ,2018-08-14 22:44:26,47
PRA ,2018-08-14 23:44:25,47
PRA ,2018-08-15 00:44:26,47
PRA ,2018-08-15 01:44:27,47
PRA ,2018-08-15 02:44:27,47
PRA ,2018-08-15 03:44:27,47
PRA ,2018-08-15 04:44:26,47
PRA ,2018-08-15 05:44:25,47
PRA ,2018-08-15 06:44:27,47
PRA ,2018-08-15 07:44:25,47
PRA ,2018-08-15 08:44:26,47
PRA ,2018-08-15 09:44:26,47
PRA ,2018-08-15 10:44:26,47
PRA ,2018-08-15 11:44:26,47
PRA ,2018-08-15 12:44:25,47
PRA ,2018-08-15 14:10:02,46
PRA ,2018-08-15 14:44:27,46
PRA ,2018-08-15 15:44:28,46
PRA ,2018-08-15 16:44:29,46
PRA ,2018-08-15 17:44:25,47
PRA ,2018-08-15 18:44:25,47
PRA ,2018-08-15 19:44:26,47
PRA ,2018-08-15 20:44:25,47
PRA ,2018-08-15 21:44:25,47
PRA ,2018-08-15 22:44:25,47
PRA ,2018-08-15 23:44:26,47
PRA ,2018-08-16 00:44:27,47
PRA ,2018-08-16 01:44:26,47
PRA ,2018-08-16 02:44:27,47
PRA ,2018-08-16 03:44:27,47
PRA ,2018-08-16 04:44:26,47
PRA ,2018-08-16 05:44:26,47
PRA ,2018-08-16 06:44:25,47
PRA ,2018-08-16 07:44:26,47
PRA ,2018-08-16 08:44:26,47
PRA ,2018-08-16 09:44:25,47
PRA ,2018-08-16 10:44:25,47
PRA ,2018-08-16 11:44:25,47
PRA ,2018-08-16 12:44:25,47
PRA ,2018-08-16 13:44:29,47
PRA ,2018-08-16 14:44:27,47
PRA ,2018-08-16 15:44:28,47
PRA ,2018-08-16 16:44:26,47
PRA ,2018-08-16 17:44:26,47
PRA ,2018-08-16 18:44:25,47
PRA ,2018-08-16 19:44:28,47
PRA ,2018-08-16 20:44:26,47
PRA ,2018-08-16 21:44:26,47
PRA ,2018-08-16 22:44:25,47
PRA ,2018-08-16 23:44:25,47
PRA ,2018-08-17 00:44:25,47
PRA ,2018-08-17 01:44:25,47
PRA ,2018-08-17 02:44:27,47
PRA ,2018-08-17 03:44:26,47
PRA ,2018-08-17 04:44:27,47
PRA ,2018-08-17 05:44:25,47
PRA ,2018-08-17 06:44:24,47
PRA ,2018-08-17 07:44:24,47
PRA ,2018-08-17 08:44:26,47
PRA ,2018-08-17 09:44:25,47
PRA ,2018-08-17 10:44:25,47
PRA ,2018-08-17 11:44:24,47
PRA ,2018-08-17 12:44:24,47
PRA ,2018-08-17 13:44:29,47
PRA ,2018-08-17 14:44:28,47
PRA ,2018-08-17 15:44:27,47
PRA ,2018-08-17 16:44:25,47
PRA ,2018-08-17 17:44:25,47
PRA ,2018-08-17 18:44:26,47
PRA ,2018-08-17 19:44:26,47
PRA ,2018-08-17 20:45:09,47
PRA ,2018-08-17 21:44:25,47
PRA ,2018-08-17 22:44:25,47
PRA ,2018-08-17 23:44:24,47
PRA ,2018-08-18 00:44:25,47
PRA ,2018-08-18 01:44:26,47
PRA ,2018-08-18 02:44:26,47
PRA ,2018-08-18 03:44:26,47
PRA ,2018-08-18 04:44:25,47
PRA ,2018-08-18 05:44:25,47
PRA ,2018-08-18 06:44:26,47
PRA ,2018-08-18 07:44:25,47
PRA ,2018-08-18 08:44:25,47
PRA ,2018-08-18 09:44:25,47
PRA ,2018-08-18 10:44:23,47
PRA ,2018-08-18 11:44:24,47
PRA ,2018-08-18 12:44:27,47
PRA ,2018-08-18 13:44:27,47
PRA ,2018-08-18 14:44:26,47
PRA ,2018-08-18 15:44:26,47
PRA ,2018-08-18 16:44:26,47
PRA ,2018-08-18 17:44:25,47
PRA ,2018-08-18 18:44:25,47
PRA ,2018-08-18 19:44:25,47
PRA ,2018-08-18 20:44:26,47
PRA ,2018-08-18 21:44:25,47
PRA ,2018-08-18 22:44:24,47
PRA ,2018-08-18 23:44:24,47
PRA ,2018-08-19 00:44:25,47
PRA ,2018-08-19 01:44:25,47
PRA ,2018-08-19 02:44:25,47
PRA ,2018-08-19 03:44:24,47
PRA ,2018-08-19 04:44:25,47
PRA ,2018-08-19 05:44:25,47
PRA ,2018-08-19 06:44:24,47
PRA ,2018-08-19 07:44:25,47
PRA ,2018-08-19 08:44:25,47
PRA ,2018-08-19 09:44:24,47
PRA ,2018-08-19 10:44:24,47
PRA ,2018-08-19 11:44:24,47
PRA ,2018-08-19 12:44:25,47
PRA ,2018-08-19 13:44:25,47
PRA ,2018-08-19 14:44:24,47
PRA ,2018-08-19 15:44:26,47
PRA ,2018-08-19 16:44:24,47
PRA ,2018-08-19 17:44:26,47
PRA ,2018-08-19 18:44:26,47
PRA ,2018-08-19 19:44:25,47
PRA ,2018-08-19 20:44:26,47
PRA ,2018-08-19 21:44:27,47
PRA ,2018-08-19 22:44:25,47
PRA ,2018-08-19 23:44:25,47
PRA ,2018-08-20 00:44:26,47
PRA ,2018-08-20 01:44:26,47
PRA ,2018-08-20 02:44:25,47
PRA ,2018-08-20 03:44:24,47
PRA ,2018-08-20 04:44:25,47
PRA ,2018-08-20 05:44:24,47
PRA ,2018-08-20 06:44:25,47
PRA ,2018-08-20 07:44:25,47
PRA ,2018-08-20 08:44:29,47
PRA ,2018-08-20 09:44:24,47
PRA ,2018-08-20 10:44:25,47
PRA ,2018-08-20 11:44:26,47
PRA ,2018-08-20 12:44:24,47
PRA ,2018-08-20 13:44:31,47
PRA ,2018-08-20 14:44:30,47
PRA ,2018-08-20 15:44:28,47
PRA ,2018-08-20 16:44:27,47
PRA ,2018-08-20 17:44:25,47
PRA ,2018-08-20 18:44:26,47
PRA ,2018-08-20 19:44:26,47
PRA ,2018-08-20 20:44:25,47
PRA ,2018-08-20 21:44:24,47
PRA ,2018-08-20 22:44:25,47
PRA ,2018-08-20 23:44:24,47
PRA ,2018-08-21 00:44:26,47
PRA ,2018-08-21 01:44:26,47
PRA ,2018-08-21 02:44:26,47
PRA ,2018-08-21 03:44:26,47
PRA ,2018-08-21 04:44:25,47
PRA ,2018-08-21 05:44:24,47
PRA ,2018-08-21 06:44:25,47
PRA ,2018-08-21 07:44:24,47
PRA ,2018-08-21 08:44:25,47
PRA ,2018-08-21 09:44:25,47
PRA ,2018-08-21 10:44:26,47
PRA ,2018-08-21 11:44:25,47
PRA ,2018-08-21 12:44:25,47
PRA ,2018-08-21 13:44:30,47
PRA ,2018-08-21 14:44:27,47
PRA ,2018-08-21 15:44:26,47
PRA ,2018-08-21 16:44:25,47
PRA ,2018-08-21 17:44:24,47
PRA ,2018-08-21 18:44:25,47
PRA ,2018-08-21 19:44:26,47
PRA ,2018-08-21 20:44:25,47
PRA ,2018-08-21 21:44:23,47
PRA ,2018-08-21 22:44:25,46
PRA ,2018-08-21 23:44:25,46
PRA ,2018-08-22 00:44:25,46
PRA ,2018-08-22 01:44:25,46
PRA ,2018-08-22 02:44:25,46
PRA ,2018-08-22 03:44:25,46
PRA ,2018-08-22 04:44:25,46
PRA ,2018-08-22 05:44:24,46
PRA ,2018-08-22 06:44:24,46
PRA ,2018-08-22 07:44:24,46
PRA ,2018-08-22 08:44:24,46
PRA ,2018-08-22 09:44:24,46
PRA ,2018-08-22 10:44:24,46
PRA ,2018-08-22 11:44:25,46
PRA ,2018-08-22 12:44:23,46
PRA ,2018-08-22 13:44:31,46
PRA ,2018-08-22 14:44:25,46
PRA ,2018-08-22 15:44:25,46
PRA ,2018-08-22 16:44:25,46
PRA ,2018-08-22 17:44:24,45
PRA ,2018-08-22 18:44:25,45
PRA ,2018-08-22 19:44:25,45
PRA ,2018-08-22 20:44:23,45
PRA ,2018-08-22 21:44:23,45
PRA ,2018-08-22 22:44:24,45
PRA ,2018-08-22 23:44:24,45
PRA ,2018-08-23 00:44:25,45
PRA ,2018-08-23 01:44:25,45
PRA ,2018-08-23 02:44:24,45
PRA ,2018-08-23 03:44:25,45
PRA ,2018-08-23 04:44:25,45
PRA ,2018-08-23 05:44:24,45
PRA ,2018-08-23 06:44:24,45
PRA ,2018-08-23 07:44:24,45
PRA ,2018-08-23 08:44:24,45
PRA ,2018-08-23 09:44:24,45
PRA ,2018-08-23 10:44:24,45
PRA ,2018-08-23 11:44:24,45
PRA ,2018-08-23 12:44:24,45
PRA ,2018-08-23 13:44:30,45
PRA ,2018-08-23 14:44:25,45
PRA ,2018-08-23 15:44:26,45
PRA ,2018-08-23 16:44:26,45
PRA ,2018-08-23 17:44:24,45
PRA ,2018-08-23 18:44:26,45
PRA ,2018-08-23 19:44:26,45
PRA ,2018-08-23 20:44:26,45
PRA ,2018-08-23 21:44:24,45
PRA ,2018-08-23 22:44:24,45
PRA ,2018-08-23 23:44:24,45
PRA ,2018-08-24 00:44:25,45
PRA ,2018-08-24 01:44:25,45
PRA ,2018-08-24 02:44:24,45
PRA ,2018-08-24 03:44:24,45
PRA ,2018-08-24 20:02:45,45
PRA ,2018-08-24 20:44:25,44
PRA ,2018-08-24 21:44:25,44
PRA ,2018-08-24 22:44:24,44
PRA ,2018-08-24 23:44:24,44
PRA ,2018-08-25 00:44:25,44
PRA ,2018-08-25 01:44:24,44
PRA ,2018-08-25 02:44:25,44
PRA ,2018-08-25 03:44:25,44
PRA ,2018-08-25 04:44:24,44
PRA ,2018-08-25 05:44:24,44
PRA ,2018-08-25 06:44:24,44
PRA ,2018-08-25 07:44:23,44
PRA ,2018-08-25 08:44:24,44
PRA ,2018-08-25 09:44:23,44
PRA ,2018-08-25 10:44:25,44
PRA ,2018-08-25 11:44:24,44
PRA ,2018-08-25 12:44:24,44
PRA ,2018-08-25 13:44:26,44
PRA ,2018-08-25 14:44:26,44
PRA ,2018-08-25 15:44:25,44
PRA ,2018-08-25 16:44:24,44
PRA ,2018-08-25 17:44:26,44
PRA ,2018-08-25 18:44:25,44
PRA ,2018-08-25 19:44:24,44
PRA ,2018-08-25 20:44:25,44
PRA ,2018-08-25 21:44:25,44
PRA ,2018-08-25 22:44:25,44
PRA ,2018-08-25 23:44:24,44
PRA ,2018-08-26 00:44:25,44
PRA ,2018-08-26 01:44:24,44
PRA ,2018-08-26 02:44:26,44
PRA ,2018-08-26 03:44:24,44
PRA ,2018-08-26 04:44:24,44
PRA ,2018-08-26 05:44:23,44
PRA ,2018-08-26 06:44:24,44
PRA ,2018-08-26 07:44:24,44
PRA ,2018-08-26 08:44:23,44
PRA ,2018-08-26 09:44:23,44
PRA ,2018-08-26 10:44:24,44
PRA ,2018-08-26 11:44:24,44
PRA ,2018-08-26 12:44:25,44
PRA ,2018-08-26 13:44:25,44
PRA ,2018-08-26 14:44:24,44
PRA ,2018-08-26 15:44:23,44
PRA ,2018-08-26 16:44:24,44
PRA ,2018-08-26 17:44:24,44
PRA ,2018-08-26 18:44:24,44
PRA ,2018-08-26 19:44:25,44
PRA ,2018-08-26 20:44:25,44
PRA ,2018-08-26 21:44:23,44
PRA ,2018-08-26 22:44:25,44
PRA ,2018-08-26 23:44:24,44
PRA ,2018-08-27 00:44:25,44
PRA ,2018-08-27 01:44:25,44
PRA ,2018-08-27 02:44:24,44
PRA ,2018-08-27 03:44:24,44
PRA ,2018-08-27 04:44:25,44
PRA ,2018-08-27 05:44:25,44
PRA ,2018-08-27 06:44:24,44
PRA ,2018-08-27 07:44:24,44
PRA ,2018-08-27 08:44:25,44
PRA ,2018-08-27 09:44:23,44
PRA ,2018-08-27 10:44:24,44
PRA ,2018-08-27 11:44:23,44
PRA ,2018-08-27 12:44:24,44
PRA ,2018-08-27 14:08:30,44
PRA ,2018-08-27 14:44:27,44
PRA ,2018-08-27 15:44:26,44
PRA ,2018-08-27 16:44:27,44
PRA ,2018-08-27 17:44:26,44
PRA ,2018-08-27 18:44:25,44
PRA ,2018-08-27 19:44:27,44
PRA ,2018-08-27 20:44:25,44
PRA ,2018-08-27 21:44:25,44
PRA ,2018-08-27 22:44:25,44
PRA ,2018-08-27 23:44:24,44
PRA ,2018-08-28 00:44:25,44
PRA ,2018-08-28 01:44:25,44
PRA ,2018-08-28 02:44:24,44
PRA ,2018-08-28 03:44:24,44
PRA ,2018-08-28 04:44:26,44
PRA ,2018-08-28 05:44:24,44
PRA ,2018-08-28 06:44:25,44
PRA ,2018-08-28 07:44:24,44
PRA ,2018-08-28 08:44:23,44
PRA ,2018-08-28 09:44:24,44
PRA ,2018-08-28 10:44:25,44
PRA ,2018-08-28 11:44:25,44
PRA ,2018-08-28 12:44:25,44
PRA ,2018-08-28 13:44:43,44
PRA ,2018-08-28 14:44:38,45
PRA ,2018-08-28 15:44:38,45
PRA ,2018-08-28 16:44:38,45
PRA ,2018-08-28 17:44:39,45
PRA ,2018-08-28 18:44:41,45
PRA ,2018-08-28 19:44:38,45
PRA ,2018-08-28 20:44:38,45
PRA ,2018-08-28 21:44:37,45
PRA ,2018-08-28 22:44:38,45
PRA ,2018-08-28 23:44:37,45
PRA ,2018-08-29 00:44:39,45
PRA ,2018-08-29 01:44:39,45
PRA ,2018-08-29 02:44:37,45
PRA ,2018-08-29 03:44:37,45
PRA ,2018-08-29 04:44:38,45
PRA ,2018-08-29 05:44:37,45
PRA ,2018-08-29 06:44:36,45
PRA ,2018-08-29 07:44:37,45
PRA ,2018-08-29 08:44:37,45
PRA ,2018-08-29 09:44:36,45
PRA ,2018-08-29 10:44:36,45
PRA ,2018-08-29 11:44:36,45
PRA ,2018-08-29 12:44:37,45
PRA ,2018-08-29 14:08:17,45
PRA ,2018-08-29 14:44:40,45
PRA ,2018-08-29 15:44:39,45
PRA ,2018-08-29 16:44:38,45
PRA ,2018-08-29 17:44:41,45
PRA ,2018-08-29 18:44:42,45
PRA ,2018-08-29 19:44:39,45
PRA ,2018-08-29 20:44:37,45
PRA ,2018-08-29 21:44:37,45
PRA ,2018-08-29 22:44:36,45
PRA ,2018-08-29 23:44:37,45
PRA ,2018-08-30 00:45:23,45
PRA ,2018-08-30 01:45:22,45
PRA ,2018-08-30 02:44:38,45
PRA ,2018-08-30 03:44:38,45
PRA ,2018-08-30 04:44:37,45
PRA ,2018-08-30 05:44:37,45
PRA ,2018-08-30 06:44:37,45
PRA ,2018-08-30 07:44:37,45
PRA ,2018-08-30 08:44:41,45
PRA ,2018-08-30 09:44:37,45
PRA ,2018-08-30 10:44:38,45
PRA ,2018-08-30 11:44:37,45
PRA ,2018-08-30 12:44:36,45
PRA ,2018-08-30 13:44:45,45
PRA ,2018-08-30 14:44:39,44
PRA ,2018-08-30 15:44:37,44
PRA ,2018-08-30 16:44:39,44
PRA ,2018-08-30 17:44:38,43
PRA ,2018-08-30 18:44:40,43
PRA ,2018-08-30 19:44:39,43
PRA ,2018-08-30 20:44:36,43
PRA ,2018-08-30 21:44:37,43
PRA ,2018-08-30 22:44:36,43
PRA ,2018-08-30 23:44:37,43
PRA ,2018-08-31 00:44:38,43
PRA ,2018-08-31 01:44:37,43
PRA ,2018-08-31 02:44:37,43
PRA ,2018-08-31 03:44:37,43
PRA ,2018-08-31 04:44:37,43
PRA ,2018-08-31 05:44:38,43
PRA ,2018-08-31 06:44:38,43
PRA ,2018-08-31 07:44:37,43
PRA ,2018-08-31 08:44:37,43
PRA ,2018-08-31 09:44:38,43
PRA ,2018-08-31 10:44:36,43
PRA ,2018-08-31 11:44:38,43
PRA ,2018-08-31 12:44:38,43
PRA ,2018-08-31 13:44:42,43
PRA ,2018-08-31 14:44:38,43
PRA ,2018-08-31 15:44:39,43
PRA ,2018-08-31 16:44:37,43
PRA ,2018-08-31 17:44:39,43
PRA ,2018-08-31 18:44:39,43
PRA ,2018-08-31 19:44:38,43
PRA ,2018-08-31 20:44:38,43
PRA ,2018-08-31 21:44:36,43
PRA ,2018-08-31 22:44:37,43
PRA ,2018-08-31 23:44:36,43
PRA ,2018-09-01 00:44:38,43
PRA ,2018-09-01 01:44:38,43
PRA ,2018-09-01 02:44:38,43
PRA ,2018-09-01 03:44:37,43
PRA ,2018-09-01 04:44:39,43
PRA ,2018-09-01 05:44:38,43
PRA ,2018-09-01 06:44:38,43
PRA ,2018-09-01 07:44:38,43
PRA ,2018-09-01 08:44:37,43
PRA ,2018-09-01 09:44:37,43
PRA ,2018-09-01 10:44:37,43
PRA ,2018-09-01 11:44:37,43
PRA ,2018-09-01 12:44:38,43
PRA ,2018-09-01 13:44:38,43
PRA ,2018-09-01 14:44:40,43
PRA ,2018-09-01 15:44:37,43
PRA ,2018-09-01 16:44:37,43
PRA ,2018-09-01 17:44:36,43
PRA ,2018-09-01 18:44:38,43
PRA ,2018-09-01 19:44:37,43
PRA ,2018-09-01 20:44:36,43
PRA ,2018-09-01 21:44:37,43
PRA ,2018-09-01 22:44:38,43
PRA ,2018-09-01 23:44:37,43
PRA ,2018-09-02 00:44:38,43
PRA ,2018-09-02 01:44:38,43
PRA ,2018-09-02 02:44:37,43
PRA ,2018-09-02 03:44:39,43
PRA ,2018-09-02 04:44:38,43
PRA ,2018-09-02 05:44:37,43
PRA ,2018-09-02 06:44:37,43
PRA ,2018-09-02 07:44:36,43
PRA ,2018-09-02 08:44:37,43
PRA ,2018-09-02 09:44:36,43
PRA ,2018-09-02 10:44:36,43
PRA ,2018-09-02 11:44:37,43
PRA ,2018-09-02 12:44:37,43
PRA ,2018-09-02 13:44:38,43
PRA ,2018-09-02 14:44:39,43
PRA ,2018-09-02 15:44:38,43
PRA ,2018-09-02 16:44:38,43
PRA ,2018-09-02 17:44:38,43
PRA ,2018-09-02 18:44:36,43
PRA ,2018-09-02 19:44:37,43
PRA ,2018-09-02 20:44:37,43
PRA ,2018-09-02 21:44:38,43
PRA ,2018-09-02 22:44:38,43
PRA ,2018-09-02 23:44:38,43
PRA ,2018-09-03 00:44:37,43
PRA ,2018-09-03 01:44:38,43
PRA ,2018-09-03 02:44:38,43
PRA ,2018-09-03 03:44:37,43
PRA ,2018-09-03 04:44:37,43
PRA ,2018-09-03 05:44:37,43
PRA ,2018-09-03 06:44:37,43
PRA ,2018-09-03 07:44:37,43
PRA ,2018-09-03 08:44:41,43
PRA ,2018-09-03 09:44:37,43
PRA ,2018-09-03 10:44:36,43
PRA ,2018-09-03 11:44:38,43
PRA ,2018-09-03 12:44:36,43
PRA ,2018-09-03 13:44:38,43
PRA ,2018-09-03 14:44:36,43
PRA ,2018-09-03 15:44:36,43
PRA ,2018-09-03 16:44:37,43
PRA ,2018-09-03 17:44:37,43
PRA ,2018-09-03 18:44:38,43
PRA ,2018-09-03 19:44:36,43
PRA ,2018-09-03 20:44:38,43
PRA ,2018-09-03 21:44:36,43
PRA ,2018-09-03 22:44:37,43
PRA ,2018-09-03 23:44:36,43
PRA ,2018-09-04 00:44:37,43
PRA ,2018-09-04 01:44:37,43
PRA ,2018-09-04 02:44:38,43
PRA ,2018-09-04 03:44:38,43
PRA ,2018-09-04 04:44:37,43
PRA ,2018-09-04 05:44:37,43
PRA ,2018-09-04 06:44:37,43
PRA ,2018-09-04 07:44:39,43
PRA ,2018-09-04 08:44:38,43
PRA ,2018-09-04 09:44:36,43
PRA ,2018-09-04 10:44:38,43
PRA ,2018-09-04 11:44:36,43
PRA ,2018-09-04 12:44:37,43
PRA ,2018-09-04 13:44:45,43
PRA ,2018-09-04 14:44:39,43
PRA ,2018-09-04 15:44:39,43
PRA ,2018-09-04 16:44:42,43
PRA ,2018-09-04 17:44:39,43
PRA ,2018-09-04 18:44:40,43
PRA ,2018-09-04 19:44:41,43
PRA ,2018-09-04 20:44:39,43
PRA ,2018-09-04 21:44:37,43
PRA ,2018-09-04 22:44:38,43
PRA ,2018-09-04 23:44:37,43
PRA ,2018-09-05 00:44:38,43
PRA ,2018-09-05 01:44:38,43
PRA ,2018-09-05 02:44:38,43
PRA ,2018-09-05 03:44:36,43
PRA ,2018-09-05 04:44:37,43
PRA ,2018-09-05 05:44:37,43
PRA ,2018-09-05 06:44:37,43
PRA ,2018-09-05 07:44:38,43
PRA ,2018-09-05 08:44:37,43
PRA ,2018-09-05 09:44:37,43
PRA ,2018-09-05 10:44:36,43
PRA ,2018-09-05 11:44:40,43
PRA ,2018-09-05 12:44:36,43
PRA ,2018-09-05 13:44:49,43
PRA ,2018-09-05 14:44:43,43
PRA ,2018-09-05 15:44:39,43
PRA ,2018-09-05 16:44:38,43
PRA ,2018-09-05 17:44:39,43
PRA ,2018-09-05 18:44:40,43
PRA ,2018-09-05 19:44:39,43
PRA ,2018-09-05 20:44:37,43
PRA ,2018-09-05 21:44:36,43
PRA ,2018-09-05 22:44:36,43
PRA ,2018-09-05 23:44:38,43
PRA ,2018-09-06 00:44:38,43
PRA ,2018-09-06 01:44:37,43
PRA ,2018-09-06 02:44:38,43
PRA ,2018-09-06 03:44:38,43
PRA ,2018-09-06 04:44:38,43
PRA ,2018-09-06 05:44:39,43
PRA ,2018-09-06 06:44:37,43
PRA ,2018-09-06 07:44:36,43
PRA ,2018-09-06 08:44:37,43
PRA ,2018-09-06 09:44:37,43
PRA ,2018-09-06 10:44:36,43
PRA ,2018-09-06 11:44:38,43
PRA ,2018-09-06 13:09:41,43
PRA ,2018-09-06 13:44:45,43
PRA ,2018-09-06 14:44:38,43
PRA ,2018-09-06 15:44:39,43
PRA ,2018-09-06 16:44:39,43
PRA ,2018-09-06 17:44:38,43
PRA ,2018-09-06 18:44:38,43
PRA ,2018-09-06 19:44:38,43
PRA ,2018-09-06 20:44:36,43
PRA ,2018-09-06 21:44:36,43
PRA ,2018-09-06 22:44:37,43
PRA ,2018-09-06 23:44:38,43
PRA ,2018-09-07 00:44:37,43
PRA ,2018-09-07 01:44:38,43
PRA ,2018-09-07 02:44:38,43
PRA ,2018-09-07 03:44:37,43
PRA ,2018-09-07 04:44:37,43
PRA ,2018-09-07 05:44:42,43
PRA ,2018-09-07 06:44:42,43
PRA ,2018-09-07 08:44:41,43
PRA ,2018-09-07 09:44:40,43
PRA ,2018-09-07 10:44:40,43
PRA ,2018-09-07 11:44:38,43
PRA ,2018-09-07 12:44:37,43
PRA ,2018-09-07 13:44:45,43
PRA ,2018-09-07 14:44:38,43
PRA ,2018-09-07 15:44:39,43
PRA ,2018-09-07 16:44:40,43
PRA ,2018-09-07 17:44:39,43
PRA ,2018-09-07 18:44:37,43
PRA ,2018-09-07 19:44:38,43
PRA ,2018-09-07 20:44:37,43
PRA ,2018-09-07 21:44:36,43
PRA ,2018-09-07 22:44:36,43
PRA ,2018-09-07 23:44:37,43
PRA ,2018-09-08 00:44:37,43
PRA ,2018-09-08 01:44:37,43
PRA ,2018-09-08 02:44:38,43
PRA ,2018-09-08 03:44:38,43
PRA ,2018-09-08 04:44:37,43
PRA ,2018-09-08 05:44:37,43
PRA ,2018-09-08 06:44:37,43
PRA ,2018-09-08 07:44:36,43
PRA ,2018-09-08 08:44:36,43
PRA ,2018-09-08 09:44:36,43
PRA ,2018-09-08 10:44:36,43
PRA ,2018-09-08 11:44:37,43
PRA ,2018-09-08 12:44:37,43
PRA ,2018-09-08 13:44:38,43
PRA ,2018-09-08 14:44:36,43
PRA ,2018-09-08 15:44:37,43
PRA ,2018-09-08 16:44:37,43
PRA ,2018-09-08 17:44:37,43
PRA ,2018-09-08 18:44:37,43
PRA ,2018-09-08 19:44:38,43
PRA ,2018-09-08 20:44:37,43
PRA ,2018-09-08 21:44:37,43
PRA ,2018-09-08 22:44:37,43
PRA ,2018-09-08 23:44:39,43
PRA ,2018-09-09 00:44:36,43
PRA ,2018-09-09 01:44:39,43
PRA ,2018-09-09 02:44:38,43
PRA ,2018-09-09 03:44:37,43
PRA ,2018-09-09 04:44:37,43
PRA ,2018-09-09 05:44:37,43
PRA ,2018-09-09 06:44:37,43
PRA ,2018-09-09 07:44:37,43
PRA ,2018-09-09 08:44:38,43
PRA ,2018-09-09 09:44:37,43
PRA ,2018-09-09 10:44:37,43
PRA ,2018-09-09 11:44:38,43
PRA ,2018-09-09 12:44:37,43
PRA ,2018-09-09 13:44:38,43
PRA ,2018-09-09 14:44:38,43
PRA ,2018-09-09 15:44:37,43
PRA ,2018-09-09 16:44:37,43
PRA ,2018-09-09 17:44:37,43
PRA ,2018-09-09 18:44:38,43
PRA ,2018-09-09 19:44:37,43
PRA ,2018-09-09 20:44:37,43
PRA ,2018-09-09 21:44:37,43
PRA ,2018-09-09 22:44:37,43
PRA ,2018-09-09 23:44:37,43
PRA ,2018-09-10 00:44:38,43
PRA ,2018-09-10 01:44:39,43
PRA ,2018-09-10 02:44:39,43
PRA ,2018-09-10 03:44:38,43
PRA ,2018-09-10 04:44:38,43
PRA ,2018-09-10 05:44:36,43
PRA ,2018-09-10 06:44:36,43
PRA ,2018-09-10 07:44:36,43
PRA ,2018-09-10 08:44:36,43
PRA ,2018-09-10 09:44:37,43
PRA ,2018-09-10 10:44:37,43
PRA ,2018-09-10 11:44:37,43
PRA ,2018-09-10 12:44:37,43
PRA ,2018-09-10 13:44:42,43
PRA ,2018-09-10 14:44:38,43
PRA ,2018-09-10 15:44:40,43
PRA ,2018-09-10 16:44:40,43
PRA ,2018-09-10 17:44:38,43
PRA ,2018-09-10 18:44:40,43
PRA ,2018-09-10 19:44:38,43
PRA ,2018-09-10 20:44:37,43
PRA ,2018-09-10 21:44:36,43
PRA ,2018-09-10 22:44:37,43
PRA ,2018-09-10 23:44:37,43
PRA ,2018-09-11 00:44:38,43
PRA ,2018-09-11 01:44:38,43
PRA ,2018-09-11 02:44:39,43
PRA ,2018-09-11 03:44:38,43
PRA ,2018-09-11 04:44:37,43
PRA ,2018-09-11 05:44:39,43
PRA ,2018-09-11 06:44:38,43
PRA ,2018-09-11 07:44:37,43
PRA ,2018-09-11 08:44:37,43
PRA ,2018-09-11 09:44:37,43
PRA ,2018-09-11 10:44:37,43
PRA ,2018-09-11 11:44:36,43
PRA ,2018-09-11 12:44:37,43
PRA ,2018-09-11 13:44:43,43
PRA ,2018-09-11 14:44:38,42
PRA ,2018-09-11 15:44:38,42
PRA ,2018-09-11 16:44:38,42
PRA ,2018-09-11 17:44:38,42
PRA ,2018-09-11 18:44:39,42
PRA ,2018-09-11 19:44:39,42
PRA ,2018-09-11 20:44:36,42
PRA ,2018-09-11 21:44:36,42
PRA ,2018-09-11 22:44:36,42
PRA ,2018-09-11 23:44:37,42
PRA ,2018-09-12 00:44:38,42
PRA ,2018-09-12 01:44:39,42
PRA ,2018-09-12 20:44:42,42
PRA ,2018-09-12 21:44:38,42
PRA ,2018-09-12 22:44:37,42
PRA ,2018-09-12 23:44:38,42
PRA ,2018-09-13 00:44:38,42
PRA ,2018-09-13 01:44:39,42
PRA ,2018-09-13 02:44:43,42
PRA ,2018-09-13 03:44:38,42
PRA ,2018-09-13 04:44:38,42
PRA ,2018-09-13 05:44:39,42
PRA ,2018-09-13 06:44:42,42
PRA ,2018-09-13 07:44:38,42
PRA ,2018-09-13 08:44:38,42
PRA ,2018-09-13 09:44:37,42
PRA ,2018-09-13 10:44:38,42
PRA ,2018-09-13 11:44:38,42
PRA ,2018-09-13 12:44:38,42
PRA ,2018-09-13 14:44:40,42
PRA ,2018-09-13 15:44:41,41
PRA ,2018-09-13 16:44:45,41
PRA ,2018-09-13 17:44:39,41
PRA ,2018-09-13 18:44:40,41
PRA ,2018-09-13 19:44:39,41
PRA ,2018-09-13 20:44:38,41
PRA ,2018-09-13 21:44:38,41
PRA ,2018-09-13 22:44:38,41
PRA ,2018-09-13 23:44:38,41
PRA ,2018-09-14 00:44:39,41
PRA ,2018-09-14 01:44:39,41
PRA ,2018-09-14 02:44:39,41
PRA ,2018-09-14 03:44:39,41
PRA ,2018-09-14 04:44:39,41
PRA ,2018-09-14 05:44:39,41
PRA ,2018-09-14 06:44:37,41
PRA ,2018-09-14 07:44:44,41
PRA ,2018-09-14 08:44:42,41
PRA ,2018-09-14 09:44:40,41
PRA ,2018-09-14 10:44:38,41
PRA ,2018-09-14 11:44:37,41
PRA ,2018-09-14 12:44:41,41
PRA ,2018-09-14 13:44:47,41
PRA ,2018-09-14 14:44:43,41
PRA ,2018-09-14 15:44:45,41
PRA ,2018-09-14 16:44:41,41
PRA ,2018-09-14 17:44:42,41
PRA ,2018-09-14 18:44:40,41
PRA ,2018-09-14 19:44:39,41
PRA ,2018-09-14 20:44:38,41
PRA ,2018-09-14 21:44:38,41
PRA ,2018-09-14 22:44:38,41
PRA ,2018-09-14 23:44:38,41
PRA ,2018-09-15 00:44:39,41
PRA ,2018-09-15 01:44:39,41
PRA ,2018-09-15 02:44:39,41
PRA ,2018-09-15 03:44:38,41
PRA ,2018-09-15 04:44:37,41
PRA ,2018-09-15 05:44:38,41
PRA ,2018-09-15 06:44:37,41
PRA ,2018-09-15 07:44:38,41
PRA ,2018-09-15 08:44:37,41
PRA ,2018-09-15 09:44:38,41
PRA ,2018-09-15 10:44:37,41
PRA ,2018-09-15 11:44:37,41
PRA ,2018-09-15 12:44:39,41
PRA ,2018-09-15 13:44:39,41
PRA ,2018-09-15 14:44:37,41
PRA ,2018-09-15 15:44:38,41
PRA ,2018-09-15 16:44:38,41
PRA ,2018-09-15 17:44:37,41
PRA ,2018-09-15 18:44:37,41
PRA ,2018-09-15 19:44:38,41
PRA ,2018-09-15 20:44:39,41
PRA ,2018-09-15 21:44:37,41
PRA ,2018-09-15 22:44:37,41
PRA ,2018-09-15 23:44:37,41
PRA ,2018-09-16 00:44:37,41
PRA ,2018-09-16 01:44:38,41
PRA ,2018-09-16 02:44:39,41
PRA ,2018-09-16 03:44:38,41
PRA ,2018-09-16 04:44:38,41
PRA ,2018-09-16 05:44:37,41
PRA ,2018-09-16 06:44:38,41
PRA ,2018-09-16 07:44:37,41
PRA ,2018-09-16 08:44:38,41
PRA ,2018-09-16 09:44:38,41
PRA ,2018-09-16 10:44:37,41
PRA ,2018-09-16 11:44:38,41
PRA ,2018-09-16 12:44:38,41
PRA ,2018-09-16 13:44:38,41
PRA ,2018-09-16 14:44:38,41
PRA ,2018-09-16 15:44:39,41
PRA ,2018-09-16 16:44:39,41
PRA ,2018-09-16 17:44:38,41
PRA ,2018-09-16 18:44:38,41
PRA ,2018-09-16 19:44:37,41
PRA ,2018-09-16 20:44:38,41
PRA ,2018-09-16 21:44:38,41
PRA ,2018-09-16 22:44:38,41
PRA ,2018-09-16 23:44:38,41
PRA ,2018-09-17 00:44:39,41
PRA ,2018-09-17 01:44:39,41
PRA ,2018-09-17 02:44:38,41
PRA ,2018-09-17 03:44:38,41
PRA ,2018-09-17 04:44:39,41
PRA ,2018-09-17 05:44:37,41
PRA ,2018-09-17 06:44:37,41
PRA ,2018-09-17 07:44:38,41
PRA ,2018-09-17 08:44:39,41
PRA ,2018-09-17 09:44:38,41
PRA ,2018-09-17 10:44:38,41
PRA ,2018-09-17 11:44:38,41
PRA ,2018-09-17 12:44:37,41
PRA ,2018-09-17 13:44:45,41
PRA ,2018-09-17 14:44:40,41
PRA ,2018-09-17 15:44:45,41
PRA ,2018-09-17 16:44:40,41
PRA ,2018-09-17 17:44:38,41
PRA ,2018-09-17 18:44:38,41
PRA ,2018-09-17 19:44:39,41
PRA ,2018-09-17 20:44:38,41
PRA ,2018-09-17 21:44:38,41
PRA ,2018-09-17 22:44:37,41
PRA ,2018-09-17 23:44:38,41
PRA ,2018-09-18 00:44:38,41
PRA ,2018-09-18 01:44:38,41
PRA ,2018-09-18 02:44:38,41
PRA ,2018-09-18 03:44:38,41
PRA ,2018-09-18 04:44:39,41
PRA ,2018-09-18 05:44:38,41
PRA ,2018-09-18 06:44:38,41
PRA ,2018-09-18 07:44:37,41
PRA ,2018-09-18 08:44:38,41
PRA ,2018-09-18 09:44:37,41
PRA ,2018-09-18 10:44:37,41
PRA ,2018-09-18 11:44:37,41
PRA ,2018-09-18 12:44:38,41
PRA ,2018-09-18 13:44:43,41
PRA ,2018-09-18 14:44:40,41
PRA ,2018-09-18 15:44:38,41
PRA ,2018-09-18 16:44:40,41
PRA ,2018-09-18 17:44:41,41
PRA ,2018-09-18 18:44:45,41
PRA ,2018-09-18 19:44:43,41
PRA ,2018-09-18 20:44:38,41
PRA ,2018-09-18 21:44:37,41
PRA ,2018-09-18 22:44:37,41
PRA ,2018-09-18 23:44:38,41
PRA ,2018-09-19 00:44:40,41
PRA ,2018-09-19 01:44:39,41
PRA ,2018-09-19 02:44:40,41
PRA ,2018-09-19 03:44:39,41
PRA ,2018-09-19 04:44:38,41
PRA ,2018-09-19 05:44:38,41
PRA ,2018-09-19 06:44:39,41
PRA ,2018-09-19 07:44:38,41
PRA ,2018-09-19 08:44:38,41
PRA ,2018-09-19 09:44:38,41
PRA ,2018-09-19 10:44:37,41
PRA ,2018-09-19 11:44:37,41
PRA ,2018-09-19 12:44:38,41
PRA ,2018-09-19 13:45:41,41
PRA ,2018-09-19 14:44:45,41
PRA ,2018-09-19 15:44:44,41
PRA ,2018-09-19 16:44:40,41
PRA ,2018-09-19 17:44:40,41
PRA ,2018-09-19 18:44:39,41
PRA ,2018-09-19 19:44:50,41
PRA ,2018-09-19 20:44:38,41
PRA ,2018-09-19 21:44:40,41
PRA ,2018-09-19 22:44:38,41
PRA ,2018-09-19 23:44:40,41
PRA ,2018-09-20 00:44:39,41
PRA ,2018-09-20 01:44:44,41
PRA ,2018-09-20 02:44:42,41
PRA ,2018-09-20 03:44:44,41
PRA ,2018-09-20 04:44:40,41
PRA ,2018-09-20 05:44:40,41
PRA ,2018-09-20 06:44:40,41
PRA ,2018-09-20 07:44:38,41
PRA ,2018-09-20 08:44:43,41
PRA ,2018-09-20 09:45:25,41
PRA ,2018-09-20 10:44:38,41
PRA ,2018-09-20 11:44:38,41
PRA ,2018-09-20 13:10:46,41
PRA ,2018-09-20 14:44:47,41
PRA ,2018-09-20 15:44:42,41
PRA ,2018-09-20 16:44:41,41
PRA ,2018-09-20 17:44:41,41
PRA ,2018-09-20 18:44:40,41
PRA ,2018-09-20 19:44:42,41
PRA ,2018-09-20 20:44:41,41
PRA ,2018-09-20 21:44:39,41
PRA ,2018-09-20 22:44:38,41
PRA ,2018-09-20 23:44:39,41
PRA ,2018-09-21 00:44:41,41
PRA ,2018-09-21 01:44:40,41
PRA ,2018-09-21 02:44:40,41
PRA ,2018-09-21 03:44:39,41
PRA ,2018-09-21 04:44:42,41
PRA ,2018-09-21 06:44:39,41
PRA ,2018-09-21 07:44:40,41
PRA ,2018-09-21 08:44:40,41
PRA ,2018-09-21 09:44:39,41
PRA ,2018-09-21 10:44:38,41
PRA ,2018-09-21 11:44:40,41
PRA ,2018-09-21 13:12:13,41
PRA ,2018-09-21 13:44:48,41
PRA ,2018-09-21 14:44:41,41
PRA ,2018-09-21 15:44:42,41
PRA ,2018-09-21 16:44:42,41
PRA ,2018-09-21 17:44:41,41
PRA ,2018-09-21 18:45:11,41
PRA ,2018-09-21 19:44:42,41
PRA ,2018-09-21 20:44:39,41
PRA ,2018-09-21 21:44:39,41
PRA ,2018-09-21 22:44:38,41
PRA ,2018-09-21 23:44:39,41
PRA ,2018-09-22 00:44:39,41
PRA ,2018-09-22 01:44:39,41
PRA ,2018-09-22 02:44:39,41
PRA ,2018-09-22 03:44:39,41
PRA ,2018-09-22 04:44:40,41
PRA ,2018-09-22 05:44:39,41
PRA ,2018-09-22 06:44:39,41
PRA ,2018-09-22 07:44:39,41
PRA ,2018-09-22 08:44:38,41
PRA ,2018-09-22 09:44:39,41
PRA ,2018-09-22 10:44:39,41
PRA ,2018-09-22 11:44:39,41
PRA ,2018-09-22 12:44:39,41
PRA ,2018-09-22 13:44:40,41
PRA ,2018-09-22 14:44:41,41
PRA ,2018-09-22 15:44:40,41
PRA ,2018-09-22 16:44:40,41
PRA ,2018-09-22 17:44:40,41
PRA ,2018-09-22 18:44:39,41
PRA ,2018-09-22 19:44:40,41
PRA ,2018-09-22 20:44:39,41
PRA ,2018-09-22 21:44:38,41
PRA ,2018-09-22 22:44:39,41
PRA ,2018-09-22 23:44:39,41
PRA ,2018-09-23 00:44:40,41
PRA ,2018-09-23 01:44:40,41
PRA ,2018-09-23 02:44:39,41
PRA ,2018-09-23 03:44:41,41
PRA ,2018-09-23 04:44:41,41
PRA ,2018-09-23 05:44:39,41
PRA ,2018-09-23 06:44:38,41
PRA ,2018-09-23 07:44:40,41
PRA ,2018-09-23 08:44:38,41
PRA ,2018-09-23 09:44:39,41
PRA ,2018-09-23 10:44:39,41
PRA ,2018-09-23 11:44:40,41
PRA ,2018-09-23 12:44:39,41
PRA ,2018-09-23 13:44:39,41
PRA ,2018-09-23 14:44:40,41
PRA ,2018-09-23 15:44:39,41
PRA ,2018-09-23 16:44:40,41
PRA ,2018-09-23 17:44:39,41
PRA ,2018-09-23 18:44:39,41
PRA ,2018-09-23 19:44:39,41
PRA ,2018-09-23 20:44:38,41
PRA ,2018-09-23 21:44:40,41
PRA ,2018-09-23 22:44:40,41
PRA ,2018-09-23 23:44:40,41
PRA ,2018-09-24 00:44:39,41
PRA ,2018-09-24 01:44:41,41
PRA ,2018-09-24 02:44:40,41
PRA ,2018-09-24 03:44:39,41
PRA ,2018-09-24 04:44:41,41
PRA ,2018-09-24 05:44:39,41
PRA ,2018-09-24 06:44:39,41
PRA ,2018-09-24 07:44:40,41
PRA ,2018-09-24 08:44:39,41
PRA ,2018-09-24 09:44:38,41
PRA ,2018-09-24 10:44:38,41
PRA ,2018-09-24 11:44:40,41
PRA ,2018-09-24 12:44:39,41
PRA ,2018-09-24 13:44:48,41
PRA ,2018-09-24 14:44:41,41
PRA ,2018-09-24 15:44:40,41
PRA ,2018-09-24 16:44:39,41
PRA ,2018-09-24 17:44:40,41
PRA ,2018-09-24 18:44:41,41
PRA ,2018-09-24 19:44:41,41
PRA ,2018-09-24 20:44:40,42
PRA ,2018-09-24 21:44:39,42
PRA ,2018-09-24 22:44:39,42
PRA ,2018-09-24 23:44:40,42
PRA ,2018-09-25 00:44:40,42
PRA ,2018-09-25 01:44:39,42
PRA ,2018-09-25 02:44:38,42
PRA ,2018-09-25 03:44:39,42
PRA ,2018-09-25 04:44:41,42
PRA ,2018-09-25 05:44:39,42
PRA ,2018-09-25 06:44:40,42
PRA ,2018-09-25 07:44:39,42
PRA ,2018-09-25 08:44:39,42
PRA ,2018-09-25 09:44:38,42
PRA ,2018-09-25 10:44:39,42
PRA ,2018-09-25 11:44:40,42
PRA ,2018-09-25 12:44:40,42
PRA ,2018-09-25 13:44:46,42
PRA ,2018-09-25 14:44:43,41
PRA ,2018-09-25 15:44:41,41
PRA ,2018-09-25 16:44:42,41
PRA ,2018-09-25 17:44:40,41
PRA ,2018-09-25 18:44:41,41
PRA ,2018-09-25 19:44:41,41
PRA ,2018-09-25 20:44:40,41
PRA ,2018-09-25 21:44:40,41
PRA ,2018-09-25 22:44:40,41
PRA ,2018-09-25 23:44:40,41
PRA ,2018-09-26 00:44:43,41
PRA ,2018-09-26 01:44:45,41
PRA ,2018-09-26 02:44:43,41
PRA ,2018-09-26 03:44:43,41
PRA ,2018-09-26 04:44:41,41
PRA ,2018-09-26 05:44:41,41
PRA ,2018-09-26 06:44:40,41
PRA ,2018-09-26 07:44:40,41
PRA ,2018-09-26 08:44:41,41
PRA ,2018-09-26 09:44:40,41
PRA ,2018-09-26 10:44:39,41
PRA ,2018-09-26 11:44:39,41
PRA ,2018-09-26 13:11:15,41
PRA ,2018-09-26 13:44:49,41
PRA ,2018-09-26 14:44:41,41
PRA ,2018-09-26 15:44:42,41
PRA ,2018-09-26 16:44:43,41
PRA ,2018-09-26 17:44:41,40
PRA ,2018-09-26 18:44:43,40
PRA ,2018-09-26 19:44:41,40
PRA ,2018-09-26 20:44:40,40
PRA ,2018-09-26 21:44:40,40
PRA ,2018-09-26 22:44:39,40
PRA ,2018-09-26 23:44:40,40
PRA ,2018-09-27 00:44:41,40
PRA ,2018-09-27 01:44:39,40
PRA ,2018-09-27 02:44:42,40
PRA ,2018-09-27 03:44:40,40
PRA ,2018-09-27 04:44:40,40
PRA ,2018-09-27 05:44:40,40
PRA ,2018-09-27 06:44:40,40
PRA ,2018-09-27 07:44:40,40
PRA ,2018-09-27 08:44:39,40
PRA ,2018-09-27 09:44:40,40
PRA ,2018-09-27 10:44:39,40
PRA ,2018-09-27 11:44:39,40
PRA ,2018-09-27 12:44:40,40
PRA ,2018-09-27 13:44:45,40
PRA ,2018-09-27 14:44:41,40
PRA ,2018-09-27 15:44:41,40
PRA ,2018-09-27 17:10:24,40
PRA ,2018-09-27 17:44:43,40
PRA ,2018-09-27 18:44:46,40
PRA ,2018-09-27 19:44:44,40
PRA ,2018-09-27 20:44:42,40
PRA ,2018-09-27 21:44:41,40
PRA ,2018-09-27 22:44:40,40
PRA ,2018-09-27 23:44:42,40
PRA ,2018-09-28 00:44:43,40
PRA ,2018-09-28 01:44:41,40
PRA ,2018-09-28 02:44:40,40
PRA ,2018-09-28 03:44:41,40
PRA ,2018-09-28 04:44:40,40
PRA ,2018-09-28 05:44:40,40
PRA ,2018-09-28 06:44:41,40
PRA ,2018-09-28 07:44:42,40
PRA ,2018-09-28 08:44:40,40
PRA ,2018-09-28 09:44:42,40
PRA ,2018-09-28 10:44:42,40
PRA ,2018-09-28 11:44:41,40
PRA ,2018-09-28 12:44:41,40
PRA ,2018-09-28 13:44:48,40
PRA ,2018-09-28 14:44:44,40
PRA ,2018-09-28 15:44:48,40
PRA ,2018-09-28 16:44:44,40
PRA ,2018-09-28 17:44:46,40
PRA ,2018-09-28 18:44:45,40
PRA ,2018-09-28 19:44:45,40
PRA ,2018-09-28 20:44:42,40
PRA ,2018-09-28 21:44:42,40
PRA ,2018-09-28 22:44:41,40
PRA ,2018-09-28 23:44:40,40
PRA ,2018-09-29 00:44:40,40
PRA ,2018-09-29 01:44:45,40
PRA ,2018-09-29 02:44:47,40
PRA ,2018-09-29 03:44:42,40
PRA ,2018-09-29 04:44:40,40
PRA ,2018-09-29 05:44:40,40
PRA ,2018-09-29 06:44:39,40
PRA ,2018-09-29 07:44:41,40
PRA ,2018-09-29 08:44:41,40
PRA ,2018-09-29 09:44:40,40
PRA ,2018-09-29 10:44:41,40
PRA ,2018-09-29 11:44:42,40
PRA ,2018-09-29 12:44:41,40
PRA ,2018-09-29 13:44:42,40
PRA ,2018-09-29 14:44:41,40
PRA ,2018-09-29 15:44:42,40
PRA ,2018-09-29 16:44:41,40
PRA ,2018-09-29 17:44:41,40
PRA ,2018-09-29 18:44:42,40
PRA ,2018-09-29 19:44:41,40
PRA ,2018-09-29 20:44:41,40
PRA ,2018-09-29 21:44:41,40
PRA ,2018-09-29 22:44:40,40
PRA ,2018-09-29 23:44:40,40
PRA ,2018-09-30 00:44:41,40
PRA ,2018-09-30 01:44:41,40
PRA ,2018-09-30 02:44:39,40
PRA ,2018-09-30 03:44:41,40
PRA ,2018-09-30 04:44:40,40
PRA ,2018-09-30 05:44:39,40
PRA ,2018-09-30 06:44:39,40
PRA ,2018-09-30 07:44:38,40
PRA ,2018-09-30 08:44:39,40
PRA ,2018-09-30 09:44:38,40
PRA ,2018-09-30 10:44:39,40
PRA ,2018-09-30 11:44:39,40
PRA ,2018-09-30 12:44:40,40
PRA ,2018-09-30 13:44:40,40
PRA ,2018-09-30 14:44:39,40
PRA ,2018-09-30 15:44:39,40
PRA ,2018-09-30 16:44:40,40
PRA ,2018-09-30 17:44:39,40
PRA ,2018-09-30 18:44:39,40
PRA ,2018-09-30 19:44:40,40
PRA ,2018-09-30 20:44:39,40
PRA ,2018-09-30 21:44:38,40
PRA ,2018-09-30 22:44:41,40
PRA ,2018-09-30 23:44:42,40
PRA ,2018-10-01 00:44:43,40
PRA ,2018-10-01 01:44:41,40
PRA ,2018-10-01 02:44:43,40
PRA ,2018-10-01 03:44:41,40
PRA ,2018-10-01 04:44:41,40
PRA ,2018-10-01 05:44:42,40
PRA ,2018-10-01 06:44:41,40
PRA ,2018-10-01 07:44:40,40
PRA ,2018-10-01 08:44:42,40
PRA ,2018-10-01 09:44:39,40
PRA ,2018-10-01 10:44:39,40
PRA ,2018-10-01 11:44:40,40
PRA ,2018-10-01 12:44:40,40
PRA ,2018-10-01 14:09:59,40
PRA ,2018-10-01 14:44:45,40
PRA ,2018-10-01 15:44:42,40
PRA ,2018-10-01 16:44:42,40
PRA ,2018-10-01 17:44:47,40
PRA ,2018-10-01 18:44:42,40
PRA ,2018-10-01 19:44:45,40
PRA ,2018-10-01 20:44:41,38
PRA ,2018-10-01 21:44:41,38
PRA ,2018-10-01 22:44:40,38
PRA ,2018-10-01 23:44:43,38
PRA ,2018-10-02 00:44:46,38
PRA ,2018-10-02 01:44:42,38
PRA ,2018-10-02 02:44:42,38
PRA ,2018-10-02 03:44:41,38
PRA ,2018-10-02 04:44:42,38
PRA ,2018-10-02 05:44:40,38
PRA ,2018-10-02 06:44:41,38
PRA ,2018-10-02 07:44:42,38
PRA ,2018-10-02 08:44:40,38
PRA ,2018-10-02 09:44:41,38
PRA ,2018-10-02 10:44:39,38
PRA ,2018-10-02 11:44:41,38
PRA ,2018-10-02 12:44:39,38
PRA ,2018-10-02 13:44:46,38
PRA ,2018-10-02 14:45:15,38
PRA ,2018-10-02 15:44:44,38
PRA ,2018-10-02 16:44:43,38
PRA ,2018-10-02 17:44:42,38
PRA ,2018-10-02 18:44:43,38
PRA ,2018-10-02 19:44:42,38
PRA ,2018-10-02 20:44:42,38
PRA ,2018-10-02 21:44:42,38
PRA ,2018-10-02 22:44:41,38
PRA ,2018-10-02 23:44:41,38
PRA ,2018-10-03 00:44:41,38
PRA ,2018-10-03 01:44:40,38
PRA ,2018-10-03 02:45:13,38
PRA ,2018-10-03 03:44:43,38
PRA ,2018-10-03 04:44:46,38
PRA ,2018-10-03 05:44:44,38
PRA ,2018-10-03 06:44:41,38
PRA ,2018-10-03 07:44:43,38
PRA ,2018-10-03 08:44:43,38
PRA ,2018-10-03 09:44:43,38
PRA ,2018-10-03 10:44:43,38
PRA ,2018-10-03 11:44:44,38
PRA ,2018-10-03 12:44:42,38
PRA ,2018-10-03 13:45:57,38
PRA ,2018-10-03 15:09:50,38
PRA ,2018-10-03 15:44:44,38
PRA ,2018-10-03 16:44:45,38
PRA ,2018-10-03 17:44:44,38
PRA ,2018-10-03 18:44:43,38
PRA ,2018-10-03 19:44:42,38
PRA ,2018-10-03 20:44:41,38
PRA ,2018-10-03 21:44:41,38
PRA ,2018-10-03 22:44:42,38
PRA ,2018-10-03 23:44:41,38
PRA ,2018-10-04 00:44:54,38
PRA ,2018-10-04 01:44:43,38
PRA ,2018-10-04 02:44:41,38
PRA ,2018-10-04 03:44:39,38
PRA ,2018-10-04 04:44:40,38
PRA ,2018-10-04 05:44:41,38
PRA ,2018-10-04 06:44:39,38
PRA ,2018-10-04 07:44:41,38
PRA ,2018-10-04 08:44:39,38
PRA ,2018-10-04 09:44:40,38
PRA ,2018-10-04 10:44:40,38
PRA ,2018-10-04 11:44:40,38
PRA ,2018-10-04 12:44:41,38
PRA ,2018-10-04 14:10:53,38
PRA ,2018-10-04 14:44:43,38
PRA ,2018-10-04 15:44:41,38
PRA ,2018-10-04 16:44:45,38
PRA ,2018-10-04 17:44:44,38
PRA ,2018-10-04 18:44:42,38
PRA ,2018-10-04 19:44:44,38
PRA ,2018-10-04 20:44:41,38
PRA ,2018-10-04 21:44:41,38
PRA ,2018-10-04 22:44:41,38
PRA ,2018-10-04 23:44:40,38
PRA ,2018-10-05 00:44:41,38
PRA ,2018-10-05 01:44:41,38
PRA ,2018-10-05 02:44:41,38
PRA ,2018-10-05 03:44:42,38
PRA ,2018-10-05 04:44:42,38
PRA ,2018-10-05 05:44:43,38
PRA ,2018-10-05 06:44:41,38
PRA ,2018-10-05 07:44:41,38
PRA ,2018-10-05 08:44:40,38
PRA ,2018-10-05 09:44:41,38
PRA ,2018-10-05 10:44:41,38
PRA ,2018-10-05 11:44:41,38
PRA ,2018-10-05 12:44:41,38
PRA ,2018-10-05 13:44:49,38
PRA ,2018-10-05 14:44:42,38
PRA ,2018-10-05 15:44:44,38
PRA ,2018-10-05 16:44:47,38
PRA ,2018-10-05 17:44:47,38
PRA ,2018-10-05 18:44:46,38
PRA ,2018-10-05 19:44:42,38
PRA ,2018-10-05 20:44:41,38
PRA ,2018-10-05 21:44:40,38
PRA ,2018-10-05 22:44:41,38
PRA ,2018-10-05 23:44:40,38
PRA ,2018-10-06 00:44:42,38
PRA ,2018-10-06 01:44:42,38
PRA ,2018-10-06 02:44:42,38
PRA ,2018-10-06 03:44:42,38
PRA ,2018-10-06 04:44:42,38
PRA ,2018-10-06 05:44:41,38
PRA ,2018-10-06 06:44:42,38
PRA ,2018-10-06 07:44:42,38
PRA ,2018-10-06 08:44:41,38
PRA ,2018-10-06 09:44:41,38
PRA ,2018-10-06 10:44:42,38
PRA ,2018-10-06 11:44:40,38
PRA ,2018-10-06 12:44:41,38
PRA ,2018-10-06 13:44:40,38
PRA ,2018-10-06 14:44:42,38
PRA ,2018-10-06 15:44:42,38
PRA ,2018-10-06 16:44:41,38
PRA ,2018-10-06 17:44:41,38
PRA ,2018-10-06 18:44:41,38
PRA ,2018-10-06 19:44:43,38
PRA ,2018-10-06 20:44:41,38
PRA ,2018-10-06 21:44:42,38
PRA ,2018-10-06 22:44:41,38
PRA ,2018-10-06 23:44:41,38
PRA ,2018-10-07 00:44:41,38
PRA ,2018-10-07 01:44:41,38
PRA ,2018-10-07 02:44:42,38
PRA ,2018-10-07 03:44:42,38
PRA ,2018-10-07 04:44:41,38
PRA ,2018-10-07 05:44:42,38
PRA ,2018-10-07 06:44:42,38
PRA ,2018-10-07 07:44:42,38
PRA ,2018-10-07 08:44:40,38
PRA ,2018-10-07 09:44:40,38
PRA ,2018-10-07 10:44:41,38
PRA ,2018-10-07 11:44:40,38
PRA ,2018-10-07 12:44:41,38
PRA ,2018-10-07 13:44:42,38
PRA ,2018-10-07 14:44:42,38
PRA ,2018-10-07 15:44:42,38
PRA ,2018-10-07 16:44:42,38
PRA ,2018-10-07 17:44:42,38
PRA ,2018-10-07 18:44:42,38
PRA ,2018-10-07 19:44:42,38
PRA ,2018-10-07 20:44:42,38
PRA ,2018-10-07 21:44:42,38
PRA ,2018-10-07 22:44:41,38
PRA ,2018-10-07 23:44:42,38
PRA ,2018-10-08 00:44:40,38
PRA ,2018-10-08 01:44:40,38
PRA ,2018-10-08 02:44:43,38
PRA ,2018-10-08 03:44:41,38
PRA ,2018-10-08 04:44:40,38
PRA ,2018-10-08 05:44:40,38
PRA ,2018-10-08 06:44:41,38
PRA ,2018-10-08 07:44:40,38
PRA ,2018-10-08 08:44:40,38
PRA ,2018-10-08 09:44:40,38
PRA ,2018-10-08 10:44:40,38
PRA ,2018-10-08 11:44:40,38
PRA ,2018-10-08 12:44:40,38
PRA ,2018-10-08 13:44:54,38
PRA ,2018-10-08 14:44:45,38
PRA ,2018-10-08 15:45:15,38
PRA ,2018-10-08 16:44:45,38
PRA ,2018-10-08 17:44:44,38
PRA ,2018-10-08 18:44:43,38
PRA ,2018-10-08 19:44:42,38
PRA ,2018-10-08 20:44:40,38
PRA ,2018-10-08 21:44:41,38
PRA ,2018-10-08 22:44:39,38
PRA ,2018-10-08 23:44:42,38
PRA ,2018-10-09 00:44:40,38
PRA ,2018-10-09 01:45:10,38
PRA ,2018-10-09 02:44:40,38
PRA ,2018-10-09 03:44:45,38
PRA ,2018-10-09 04:44:39,38
PRA ,2018-10-09 05:44:40,38
PRA ,2018-10-09 06:44:39,38
PRA ,2018-10-09 07:44:39,38
PRA ,2018-10-09 08:44:39,38
PRA ,2018-10-09 09:44:38,38
PRA ,2018-10-09 10:44:39,38
PRA ,2018-10-09 11:44:40,38
PRA ,2018-10-09 12:44:40,38
PRA ,2018-10-09 13:44:48,38
PRA ,2018-10-09 14:44:45,38
PRA ,2018-10-09 15:44:43,38
PRA ,2018-10-09 16:44:40,38
PRA ,2018-10-09 17:44:40,38
PRA ,2018-10-09 18:44:40,38
PRA ,2018-10-09 19:44:39,38
PRA ,2018-10-09 21:44:38,38
PRA ,2018-10-09 22:44:41,38
PRA ,2018-10-09 23:44:39,38
PRA ,2018-10-10 00:44:39,38
PRA ,2018-10-10 01:44:40,38
PRA ,2018-10-10 02:44:40,38
PRA ,2018-10-10 03:44:47,38
PRA ,2018-10-10 04:44:40,38
PRA ,2018-10-10 05:44:40,38
PRA ,2018-10-10 06:44:39,38
PRA ,2018-10-10 07:44:40,38
PRA ,2018-10-10 08:44:41,38
PRA ,2018-10-10 09:44:40,38
PRA ,2018-10-10 10:44:40,38
PRA ,2018-10-10 11:44:39,38
PRA ,2018-10-10 12:44:39,38
PRA ,2018-10-10 13:44:46,38
PRA ,2018-10-10 14:44:44,38
PRA ,2018-10-10 15:44:45,38
PRA ,2018-10-10 16:44:41,38
PRA ,2018-10-10 17:44:41,38
PRA ,2018-10-10 18:44:47,38
PRA ,2018-10-10 19:44:48,38
PRA ,2018-10-10 20:44:43,39
PRA ,2018-10-10 21:44:40,39
PRA ,2018-10-10 22:44:41,39
PRA ,2018-10-10 23:44:41,39
PRA ,2018-10-11 00:44:43,39
PRA ,2018-10-11 01:44:41,39
PRA ,2018-10-11 02:44:39,39
PRA ,2018-10-11 03:44:39,39
PRA ,2018-10-11 04:44:38,39
PRA ,2018-10-11 05:44:38,39
PRA ,2018-10-11 06:44:39,39
PRA ,2018-10-11 07:44:38,39
PRA ,2018-10-11 08:44:40,39
PRA ,2018-10-11 09:44:40,39
PRA ,2018-10-11 10:44:41,39
PRA ,2018-10-11 11:44:39,39
PRA ,2018-10-11 12:44:39,39
PRA ,2018-10-11 13:44:46,39
PRA ,2018-10-11 14:44:39,39
PRA ,2018-10-11 15:44:42,39
PRA ,2018-10-11 16:44:44,39
PRA ,2018-10-11 17:44:42,39
PRA ,2018-10-11 18:44:46,39
PRA ,2018-10-11 19:44:42,39
PRA ,2018-10-11 20:44:41,39
PRA ,2018-10-11 21:44:41,39
PRA ,2018-10-11 22:44:39,39
PRA ,2018-10-11 23:44:42,39
PRA ,2018-10-12 00:44:39,39
PRA ,2018-10-12 01:44:39,39
PRA ,2018-10-12 02:44:41,39
PRA ,2018-10-12 03:44:39,39
PRA ,2018-10-12 04:44:40,39
PRA ,2018-10-12 05:44:39,39
PRA ,2018-10-12 06:44:38,39
PRA ,2018-10-12 07:44:39,39
PRA ,2018-10-12 08:44:39,39
PRA ,2018-10-12 09:44:40,39
PRA ,2018-10-12 10:44:39,39
PRA ,2018-10-12 11:44:40,39
PRA ,2018-10-12 12:44:40,39
PRA ,2018-10-12 13:44:50,39
PRA ,2018-10-12 14:44:42,39
PRA ,2018-10-12 15:44:44,39
PRA ,2018-10-12 16:44:46,39
PRA ,2018-10-12 17:44:41,39
PRA ,2018-10-12 18:44:40,39
PRA ,2018-10-12 19:44:43,39
PRA ,2018-10-12 20:44:40,39
PRA ,2018-10-12 21:44:41,39
PRA ,2018-10-12 22:44:41,39
PRA ,2018-10-12 23:44:40,39
PRA ,2018-10-13 00:44:41,39
PRA ,2018-10-13 01:44:41,39
PRA ,2018-10-13 02:44:42,39
PRA ,2018-10-13 03:44:42,39
PRA ,2018-10-13 04:44:42,39
PRA ,2018-10-13 05:44:40,39
PRA ,2018-10-13 06:44:40,39
PRA ,2018-10-13 07:44:42,39
PRA ,2018-10-13 08:44:42,39
PRA ,2018-10-13 09:44:41,39
PRA ,2018-10-13 10:44:41,39
PRA ,2018-10-13 11:44:39,39
PRA ,2018-10-13 12:44:41,39
PRA ,2018-10-13 13:44:41,39
PRA ,2018-10-13 14:44:41,39
PRA ,2018-10-13 15:44:41,39
PRA ,2018-10-13 16:44:40,39
PRA ,2018-10-13 17:44:41,39
PRA ,2018-10-13 18:44:41,39
PRA ,2018-10-13 19:44:41,39
PRA ,2018-10-13 20:44:42,39
PRA ,2018-10-13 21:44:41,39
PRA ,2018-10-13 22:44:44,39
PRA ,2018-10-13 23:44:41,39
PRA ,2018-10-14 00:44:43,39
PRA ,2018-10-14 01:44:41,39
PRA ,2018-10-14 02:44:41,39
PRA ,2018-10-14 03:44:41,39
PRA ,2018-10-14 04:44:42,39
PRA ,2018-10-14 05:44:40,39
PRA ,2018-10-14 06:44:40,39
PRA ,2018-10-14 07:44:41,39
PRA ,2018-10-14 08:44:39,39
PRA ,2018-10-14 09:44:40,39
PRA ,2018-10-14 10:44:40,39
PRA ,2018-10-14 11:44:41,39
PRA ,2018-10-14 12:44:42,39
PRA ,2018-10-14 13:44:40,39
PRA ,2018-10-14 14:44:40,39
PRA ,2018-10-14 15:44:41,39
PRA ,2018-10-14 16:44:39,39
PRA ,2018-10-14 17:44:40,39
PRA ,2018-10-14 18:44:41,39
PRA ,2018-10-14 19:44:41,39
PRA ,2018-10-14 20:44:40,39
PRA ,2018-10-14 21:44:42,39
PRA ,2018-10-14 22:44:41,39
PRA ,2018-10-14 23:44:41,39
PRA ,2018-10-15 00:44:43,39
PRA ,2018-10-15 01:44:41,39
PRA ,2018-10-15 02:44:40,39
PRA ,2018-10-15 03:44:41,39
PRA ,2018-10-15 04:44:40,39
PRA ,2018-10-15 05:44:41,39
PRA ,2018-10-15 06:44:42,39
PRA ,2018-10-15 07:44:42,39
PRA ,2018-10-15 08:44:53,39
PRA ,2018-10-15 09:44:40,39
PRA ,2018-10-15 10:44:40,39
PRA ,2018-10-15 11:44:39,39
PRA ,2018-10-15 12:44:40,39
PRA ,2018-10-15 13:44:47,39
PRA ,2018-10-15 14:44:43,39
PRA ,2018-10-15 15:44:44,39
PRA ,2018-10-15 16:44:45,39
PRA ,2018-10-15 17:44:44,39
PRA ,2018-10-15 18:44:42,39
PRA ,2018-10-15 19:44:44,39
PRA ,2018-10-15 20:44:44,39
PRA ,2018-10-15 21:44:44,39
PRA ,2018-10-15 22:44:42,39
PRA ,2018-10-15 23:44:42,39
PRA ,2018-10-16 00:44:44,39
PRA ,2018-10-16 01:44:45,39
PRA ,2018-10-16 02:44:42,39
PRA ,2018-10-16 03:44:42,39
PRA ,2018-10-16 04:44:43,39
PRA ,2018-10-16 09:44:40,39
PRA ,2018-10-16 10:44:40,39
PRA ,2018-10-16 11:44:38,39
PRA ,2018-10-16 12:44:41,39
PRA ,2018-10-16 13:44:49,39
PRA ,2018-10-16 14:44:45,39
PRA ,2018-10-16 15:44:46,39
PRA ,2018-10-16 16:44:42,39
PRA ,2018-10-16 17:44:46,39
PRA ,2018-10-16 18:44:46,39
PRA ,2018-10-16 19:44:45,39
PRA ,2018-10-16 20:44:43,39
PRA ,2018-10-16 21:44:42,39
PRA ,2018-10-16 22:44:43,39
PRA ,2018-10-16 23:44:43,39
PRA ,2018-10-17 00:44:42,39
PRA ,2018-10-17 01:44:42,39
PRA ,2018-10-17 02:44:42,39
PRA ,2018-10-17 03:44:42,39
PRA ,2018-10-17 04:44:42,39
PRA ,2018-10-17 05:44:42,39
PRA ,2018-10-17 06:44:42,39
PRA ,2018-10-17 07:44:42,39
PRA ,2018-10-17 08:44:41,39
PRA ,2018-10-17 09:44:42,39
PRA ,2018-10-17 10:44:41,39
PRA ,2018-10-17 11:44:41,39
PRA ,2018-10-17 12:44:42,39
PRA ,2018-10-17 14:10:47,38
PRA ,2018-10-17 14:44:42,38
PRA ,2018-10-17 15:44:45,38
PRA ,2018-10-17 16:44:44,38
PRA ,2018-10-17 17:44:45,38
PRA ,2018-10-17 18:44:44,38
PRA ,2018-10-17 19:44:44,38
PRA ,2018-10-17 20:44:44,38
PRA ,2018-10-17 21:44:43,38
PRA ,2018-10-17 22:44:42,38
PRA ,2018-10-17 23:44:41,38
PRA ,2018-10-18 00:44:43,38
PRA ,2018-10-18 01:44:43,38
PRA ,2018-10-18 02:44:43,38
PRA ,2018-10-18 03:44:44,38
PRA ,2018-10-18 04:44:39,38
PRA ,2018-10-18 05:44:40,38
PRA ,2018-10-18 06:44:40,38
PRA ,2018-10-18 07:44:40,38
PRA ,2018-10-18 08:44:40,38
PRA ,2018-10-18 09:44:39,38
PRA ,2018-10-18 10:44:40,38
PRA ,2018-10-18 11:44:39,38
PRA ,2018-10-18 13:09:43,38
PRA ,2018-10-18 13:44:45,38
PRA ,2018-10-18 14:44:44,38
PRA ,2018-10-18 15:44:45,38
PRA ,2018-10-18 16:44:42,38
PRA ,2018-10-18 17:44:42,38
PRA ,2018-10-18 18:44:40,38
PRA ,2018-10-18 19:44:41,38
PRA ,2018-10-18 20:44:42,38
PRA ,2018-10-18 21:44:42,38
PRA ,2018-10-18 22:44:40,38
PRA ,2018-10-18 23:44:40,38
PRA ,2018-10-19 00:44:42,38
PRA ,2018-10-19 01:44:43,38
PRA ,2018-10-19 02:44:41,38
PRA ,2018-10-19 03:44:42,38
PRA ,2018-10-19 04:44:41,38
PRA ,2018-10-19 05:44:39,38
PRA ,2018-10-19 06:44:41,38
PRA ,2018-10-19 07:44:41,38
PRA ,2018-10-19 08:44:40,38
PRA ,2018-10-19 09:44:40,38
PRA ,2018-10-19 10:44:40,38
PRA ,2018-10-19 11:44:40,38
PRA ,2018-10-19 13:09:16,38
PRA ,2018-10-19 13:44:47,38
PRA ,2018-10-19 14:44:42,38
PRA ,2018-10-19 15:44:43,38
PRA ,2018-10-19 16:44:42,38
PRA ,2018-10-19 17:44:41,38
PRA ,2018-10-19 18:44:42,38
PRA ,2018-10-19 19:44:43,38
PRA ,2018-10-19 20:44:42,38
PRA ,2018-10-19 21:44:40,38
PRA ,2018-10-19 22:44:41,38
PRA ,2018-10-19 23:45:10,38
PRA ,2018-10-20 00:44:41,38
PRA ,2018-10-20 01:44:42,38
PRA ,2018-10-20 02:44:40,38
PRA ,2018-10-20 03:44:39,38
PRA ,2018-10-20 04:44:40,38
PRA ,2018-10-20 05:44:42,38
PRA ,2018-10-20 06:44:41,38
PRA ,2018-10-20 07:44:39,38
PRA ,2018-10-20 08:44:40,38
PRA ,2018-10-20 09:44:40,38
PRA ,2018-10-20 10:44:41,38
PRA ,2018-10-20 11:44:40,38
PRA ,2018-10-20 12:44:40,38
PRA ,2018-10-20 13:44:42,38
PRA ,2018-10-20 14:44:43,38
PRA ,2018-10-20 15:44:43,38
PRA ,2018-10-20 16:44:41,38
PRA ,2018-10-20 17:44:41,38
PRA ,2018-10-20 18:44:41,38
PRA ,2018-10-20 19:44:41,38
PRA ,2018-10-20 20:44:42,38
PRA ,2018-10-20 21:44:43,38
PRA ,2018-10-20 22:44:41,38
PRA ,2018-10-20 23:44:41,38
PRA ,2018-10-21 00:44:41,38
PRA ,2018-10-21 01:44:42,38
PRA ,2018-10-21 02:44:41,38
PRA ,2018-10-21 03:44:42,38
PRA ,2018-10-21 04:44:40,38
PRA ,2018-10-21 05:44:41,38
PRA ,2018-10-21 06:44:40,38
PRA ,2018-10-21 07:44:46,38
PRA ,2018-10-21 08:44:41,38
PRA ,2018-10-21 09:44:40,38
PRA ,2018-10-21 10:44:39,38
PRA ,2018-10-21 11:44:39,38
PRA ,2018-10-21 12:44:39,38
PRA ,2018-10-21 13:44:46,38
PRA ,2018-10-21 14:44:43,38
PRA ,2018-10-21 15:44:42,38
PRA ,2018-10-21 16:44:40,38
PRA ,2018-10-21 17:44:41,38
PRA ,2018-10-21 18:44:42,38
PRA ,2018-10-21 19:44:41,38
PRA ,2018-10-21 20:44:41,38
PRA ,2018-10-21 21:44:40,38
PRA ,2018-10-21 22:44:42,38
PRA ,2018-10-21 23:44:41,38
PRA ,2018-10-22 00:44:44,38
PRA ,2018-10-22 01:44:45,38
PRA ,2018-10-22 02:44:44,38
PRA ,2018-10-22 03:44:44,38
PRA ,2018-10-22 04:44:44,38
PRA ,2018-10-22 05:44:41,38
PRA ,2018-10-22 06:44:41,38
PRA ,2018-10-22 07:44:45,38
PRA ,2018-10-22 08:44:41,38
PRA ,2018-10-22 09:44:41,38
PRA ,2018-10-22 10:44:42,38
PRA ,2018-10-22 11:44:41,38
PRA ,2018-10-22 12:44:43,38
PRA ,2018-10-22 13:44:46,38
PRA ,2018-10-22 14:44:46,38
PRA ,2018-10-22 15:44:44,38
PRA ,2018-10-22 16:44:42,38
PRA ,2018-10-22 17:44:43,38
PRA ,2018-10-22 18:44:40,38
PRA ,2018-10-22 19:44:42,38
PRA ,2018-10-22 20:44:42,38
PRA ,2018-10-22 21:44:42,38
PRA ,2018-10-22 22:44:42,38
PRA ,2018-10-22 23:44:42,38
PRA ,2018-10-23 00:44:43,38
PRA ,2018-10-23 01:44:42,38
PRA ,2018-10-23 02:44:41,38
PRA ,2018-10-23 03:44:41,38
PRA ,2018-10-23 04:44:41,38
PRA ,2018-10-23 05:44:41,38
PRA ,2018-10-23 06:44:41,38
PRA ,2018-10-23 07:44:44,38
PRA ,2018-10-23 08:44:39,38
PRA ,2018-10-23 09:44:41,38
PRA ,2018-10-23 10:44:40,38
PRA ,2018-10-23 11:44:41,38
PRA ,2018-10-23 12:44:40,38
PRA ,2018-10-23 13:44:47,38
PRA ,2018-10-23 14:44:44,38
PRA ,2018-10-23 15:44:42,38
PRA ,2018-10-23 16:44:43,38
PRA ,2018-10-23 17:44:42,38
PRA ,2018-10-23 18:44:43,38
PRA ,2018-10-23 19:44:43,38
PRA ,2018-10-23 20:44:41,39
PRA ,2018-10-23 21:44:42,39
PRA ,2018-10-23 22:44:41,39
PRA ,2018-10-23 23:44:41,39
PRA ,2018-10-24 00:44:42,39
PRA ,2018-10-24 01:44:43,39
PRA ,2018-10-24 02:44:44,39
PRA ,2018-10-24 03:44:43,39
PRA ,2018-10-24 04:44:43,39
PRA ,2018-10-24 05:44:43,39
PRA ,2018-10-24 06:44:45,39
PRA ,2018-10-24 07:44:43,39
PRA ,2018-10-24 08:44:42,39
PRA ,2018-10-24 09:44:41,39
PRA ,2018-10-24 10:44:41,39
PRA ,2018-10-24 11:44:40,39
PRA ,2018-10-24 12:44:40,39
PRA ,2018-10-24 13:44:46,39
PRA ,2018-10-24 14:44:45,39
PRA ,2018-10-24 15:44:45,39
PRA ,2018-10-24 16:44:43,39
PRA ,2018-10-24 17:44:42,39
PRA ,2018-10-24 18:44:43,39
PRA ,2018-10-24 19:44:43,39
PRA ,2018-10-24 20:44:47,39
PRA ,2018-10-24 21:44:43,39
PRA ,2018-10-24 22:44:43,39
PRA ,2018-10-24 23:44:41,39
PRA ,2018-10-25 00:44:42,39
PRA ,2018-10-25 01:44:42,39
PRA ,2018-10-25 02:44:43,39
PRA ,2018-10-25 03:44:41,39
PRA ,2018-10-25 04:44:42,39
PRA ,2018-10-25 05:44:43,39
PRA ,2018-10-25 06:44:43,39
PRA ,2018-10-25 07:44:43,39
PRA ,2018-10-25 08:44:43,39
PRA ,2018-10-25 09:44:42,39
PRA ,2018-10-25 10:44:42,39
PRA ,2018-10-25 11:44:44,39
PRA ,2018-10-25 14:10:54,38
PRA ,2018-10-25 14:44:47,38
PRA ,2018-10-25 15:44:46,38
PRA ,2018-10-25 16:44:43,38
PRA ,2018-10-25 17:44:45,38
PRA ,2018-10-25 18:44:46,38
PRA ,2018-10-25 19:44:43,38
PRA ,2018-10-25 20:44:43,38
PRA ,2018-10-25 21:44:43,38
PRA ,2018-10-25 22:44:43,38
PRA ,2018-10-25 23:44:44,38
PRA ,2018-10-26 00:44:43,38
PRA ,2018-10-26 01:44:43,38
PRA ,2018-10-26 02:44:45,38
PRA ,2018-10-26 03:44:46,38
PRA ,2018-10-26 04:44:46,38
PRA ,2018-10-26 05:44:42,38
PRA ,2018-10-26 06:44:42,38
PRA ,2018-10-26 07:44:41,38
PRA ,2018-10-26 08:44:41,38
PRA ,2018-10-26 09:44:42,38
PRA ,2018-10-26 10:44:41,38
PRA ,2018-10-26 11:44:41,38
PRA ,2018-10-26 12:44:42,38
PRA ,2018-10-26 13:44:43,38
PRA ,2018-10-26 14:44:44,38
PRA ,2018-10-26 15:44:43,38
PRA ,2018-10-26 16:44:43,38
PRA ,2018-10-26 17:44:42,38
PRA ,2018-10-26 18:44:41,38
PRA ,2018-10-26 19:44:41,38
PRA ,2018-10-26 20:44:42,38
PRA ,2018-10-26 21:44:42,38
PRA ,2018-10-26 22:44:41,38
PRA ,2018-10-26 23:44:41,38
PRA ,2018-10-27 00:44:41,38
PRA ,2018-10-27 01:44:42,38
PRA ,2018-10-27 02:44:41,38
PRA ,2018-10-27 03:44:40,38
PRA ,2018-10-27 04:44:40,38
PRA ,2018-10-27 05:44:41,38
PRA ,2018-10-27 06:44:41,38
PRA ,2018-10-27 07:44:42,38
PRA ,2018-10-27 08:44:42,38
PRA ,2018-10-27 09:44:41,38
PRA ,2018-10-27 10:44:42,38
PRA ,2018-10-27 11:44:41,38
PRA ,2018-10-27 12:44:41,38
PRA ,2018-10-27 13:44:40,38
PRA ,2018-10-27 14:44:41,38
PRA ,2018-10-27 15:44:42,38
PRA ,2018-10-27 16:44:42,38
PRA ,2018-10-27 17:44:42,38
PRA ,2018-10-27 18:44:41,38
PRA ,2018-10-27 19:44:41,38
PRA ,2018-10-27 20:44:41,38
PRA ,2018-10-27 21:44:41,38
PRA ,2018-10-27 22:44:40,38
PRA ,2018-10-27 23:44:41,38
PRA ,2018-10-28 00:44:41,38
PRA ,2018-10-28 01:44:41,38
PRA ,2018-10-28 02:44:41,38
PRA ,2018-10-28 03:44:41,38
PRA ,2018-10-28 04:44:41,38
PRA ,2018-10-28 05:44:42,38
PRA ,2018-10-28 06:44:41,38
PRA ,2018-10-28 07:44:40,38
PRA ,2018-10-28 08:44:41,38
PRA ,2018-10-28 09:44:42,38
PRA ,2018-10-28 10:44:41,38
PRA ,2018-10-28 11:44:40,38
PRA ,2018-10-28 12:44:40,38
PRA ,2018-10-28 13:44:41,38
PRA ,2018-10-28 14:44:41,38
PRA ,2018-10-28 15:44:40,38
PRA ,2018-10-28 16:44:42,38
PRA ,2018-10-28 17:44:40,38
PRA ,2018-10-28 18:44:41,38
PRA ,2018-10-28 19:44:40,38
PRA ,2018-10-28 20:44:41,38
PRA ,2018-10-28 21:44:40,38
PRA ,2018-10-28 22:44:40,38
PRA ,2018-10-28 23:44:40,38
PRA ,2018-10-29 00:44:41,38
PRA ,2018-10-29 01:44:41,38
PRA ,2018-10-29 02:44:41,38
PRA ,2018-10-29 03:44:40,38
PRA ,2018-10-29 04:44:42,38
PRA ,2018-10-29 05:44:40,38
PRA ,2018-10-29 06:44:41,38
PRA ,2018-10-29 07:44:40,38
PRA ,2018-10-29 08:44:41,38
PRA ,2018-10-29 09:44:41,38
PRA ,2018-10-29 10:44:41,38
PRA ,2018-10-29 11:44:40,38
PRA ,2018-10-29 12:44:41,38
PRA ,2018-10-29 13:44:46,38
PRA ,2018-10-29 14:44:43,38
PRA ,2018-10-29 15:44:40,38
PRA ,2018-10-29 16:44:43,38
PRA ,2018-10-29 17:44:42,38
PRA ,2018-10-29 18:44:42,38
PRA ,2018-10-29 19:44:43,38
PRA ,2018-10-29 20:44:42,38
PRA ,2018-10-29 21:44:42,38
PRA ,2018-10-29 22:44:43,38
PRA ,2018-10-29 23:44:42,38
PRA ,2018-10-30 00:44:41,38
PRA ,2018-10-30 01:44:41,38
PRA ,2018-10-30 02:44:42,38
PRA ,2018-10-30 03:44:42,38
PRA ,2018-10-30 04:44:42,38
PRA ,2018-10-30 05:44:40,38
PRA ,2018-10-30 06:44:41,38
PRA ,2018-10-30 07:44:40,38
PRA ,2018-10-30 08:44:40,38
PRA ,2018-10-30 09:44:41,38
PRA ,2018-10-30 10:44:41,38
PRA ,2018-10-30 11:44:41,38
PRA ,2018-10-30 12:44:41,38
PRA ,2018-10-30 13:44:46,38
PRA ,2018-10-30 14:44:46,38
PRA ,2018-10-30 15:44:45,38
PRA ,2018-10-30 16:44:42,38
PRA ,2018-10-30 17:44:41,38
PRA ,2018-10-30 18:44:42,38
PRA ,2018-10-30 19:44:42,38
PRA ,2018-10-30 20:44:41,38
PRA ,2018-10-30 21:44:42,38
PRA ,2018-10-30 22:44:41,38
PRA ,2018-10-30 23:44:41,38
PRA ,2018-10-31 00:44:41,38
PRA ,2018-10-31 01:44:43,38
PRA ,2018-10-31 02:44:43,38
PRA ,2018-10-31 03:44:41,38
PRA ,2018-10-31 04:44:41,38
PRA ,2018-10-31 05:44:41,38
PRA ,2018-10-31 06:44:40,38
PRA ,2018-10-31 07:44:40,38
PRA ,2018-10-31 08:44:42,38
PRA ,2018-10-31 09:44:41,38
PRA ,2018-10-31 10:44:41,38
PRA ,2018-10-31 11:44:41,38
PRA ,2018-10-31 12:44:42,38
PRA ,2018-10-31 14:11:18,38
PRA ,2018-10-31 14:44:44,38
PRA ,2018-10-31 15:44:44,38
PRA ,2018-10-31 16:44:43,38
PRA ,2018-10-31 17:44:42,38
PRA ,2018-10-31 18:44:43,38
PRA ,2018-10-31 19:44:42,38
PRA ,2018-10-31 20:44:42,38
PRA ,2018-10-31 21:44:41,38
PRA ,2018-10-31 22:44:41,38
PRA ,2018-10-31 23:44:42,38
PRA ,2018-11-01 00:44:42,38
PRA ,2018-11-01 01:44:42,38
PRA ,2018-11-01 02:44:42,38
PRA ,2018-11-01 03:44:42,38
PRA ,2018-11-01 04:44:42,38
PRA ,2018-11-01 05:44:42,38
PRA ,2018-11-01 06:44:43,38
PRA ,2018-11-01 07:44:42,38
PRA ,2018-11-01 08:44:42,38
PRA ,2018-11-01 09:44:43,38
PRA ,2018-11-01 10:44:43,38
PRA ,2018-11-01 11:44:42,38
PRA ,2018-11-01 12:44:42,38
PRA ,2018-11-01 13:44:44,38
PRA ,2018-11-01 14:44:48,38
PRA ,2018-11-01 15:44:47,38
PRA ,2018-11-01 16:44:45,38
PRA ,2018-11-01 17:44:43,38
PRA ,2018-11-01 18:44:47,38
PRA ,2018-11-01 19:44:47,38
PRA ,2018-11-01 20:44:48,38
PRA ,2018-11-01 21:44:44,38
PRA ,2018-11-01 22:44:44,38
PRA ,2018-11-01 23:44:43,38
PRA ,2018-11-02 00:44:42,38
PRA ,2018-11-02 01:44:43,38
PRA ,2018-11-02 02:44:43,38
PRA ,2018-11-02 03:44:45,38
PRA ,2018-11-02 04:44:43,38
PRA ,2018-11-02 05:44:43,38
PRA ,2018-11-02 06:44:42,38
PRA ,2018-11-02 07:44:42,38
PRA ,2018-11-02 08:44:42,38
PRA ,2018-11-02 09:44:43,38
PRA ,2018-11-02 10:44:42,38
PRA ,2018-11-02 11:44:41,38
PRA ,2018-11-02 12:44:42,38
PRA ,2018-11-02 14:09:19,38
PRA ,2018-11-02 14:44:47,38
PRA ,2018-11-02 15:44:46,38
PRA ,2018-11-02 16:44:46,38
PRA ,2018-11-02 17:44:47,38
PRA ,2018-11-02 18:44:43,38
PRA ,2018-11-02 19:44:44,38
PRA ,2018-11-02 20:44:45,38
PRA ,2018-11-02 21:44:44,38
PRA ,2018-11-02 22:44:43,38
PRA ,2018-11-02 23:44:43,38
PRA ,2018-11-03 00:44:45,38
PRA ,2018-11-03 01:44:43,38
PRA ,2018-11-03 02:44:46,38
PRA ,2018-11-03 03:44:43,38
PRA ,2018-11-03 04:44:43,38
PRA ,2018-11-03 05:44:43,38
PRA ,2018-11-03 06:44:42,38
PRA ,2018-11-03 07:44:41,38
PRA ,2018-11-03 08:44:43,38
PRA ,2018-11-03 09:44:43,38
PRA ,2018-11-03 10:44:42,38
PRA ,2018-11-03 11:44:43,38
PRA ,2018-11-03 12:44:43,38
PRA ,2018-11-03 13:44:42,38
PRA ,2018-11-03 14:44:43,38
PRA ,2018-11-03 15:44:43,38
PRA ,2018-11-03 16:44:42,38
PRA ,2018-11-03 17:44:50,38
PRA ,2018-11-03 18:44:47,38
PRA ,2018-11-03 19:44:43,38
PRA ,2018-11-03 20:44:43,38
PRA ,2018-11-03 21:45:46,38
PRA ,2018-11-03 22:44:43,38
PRA ,2018-11-03 23:44:44,38
PRA ,2018-11-04 00:44:44,38
PRA ,2018-11-04 01:44:43,38
PRA ,2018-11-04 02:44:43,38
PRA ,2018-11-04 03:44:43,38
PRA ,2018-11-04 04:44:44,38
PRA ,2018-11-04 05:44:42,38
PRA ,2018-11-04 06:44:43,38
PRA ,2018-11-04 07:44:43,38
PRA ,2018-11-04 08:44:44,38
PRA ,2018-11-04 09:44:42,38
PRA ,2018-11-04 10:44:42,38
PRA ,2018-11-04 11:44:42,38
PRA ,2018-11-04 12:44:43,38
PRA ,2018-11-04 13:44:42,38
PRA ,2018-11-04 14:44:42,38
PRA ,2018-11-04 15:44:42,38
PRA ,2018-11-04 16:44:42,38
PRA ,2018-11-04 17:44:43,38
PRA ,2018-11-04 18:44:43,38
PRA ,2018-11-04 19:44:43,38
PRA ,2018-11-04 20:44:42,38
PRA ,2018-11-04 21:44:42,38
PRA ,2018-11-04 22:44:44,38
PRA ,2018-11-04 23:44:44,38
PRA ,2018-11-05 00:44:43,38
PRA ,2018-11-05 01:44:43,38
PRA ,2018-11-05 02:44:42,38
PRA ,2018-11-05 03:44:45,38
PRA ,2018-11-05 04:44:45,38
PRA ,2018-11-05 05:44:45,38
PRA ,2018-11-05 06:44:42,38
PRA ,2018-11-05 07:44:46,38
PRA ,2018-11-05 08:44:42,38
PRA ,2018-11-05 09:44:43,38
PRA ,2018-11-05 10:44:42,38
PRA ,2018-11-05 11:44:42,38
PRA ,2018-11-05 12:44:42,38
PRA ,2018-11-05 13:44:42,38
PRA ,2018-11-05 14:44:50,38
PRA ,2018-11-05 15:44:45,38
PRA ,2018-11-05 16:44:49,38
PRA ,2018-11-05 17:44:43,38
PRA ,2018-11-05 18:44:42,38
PRA ,2018-11-05 19:44:42,38
PRA ,2018-11-05 20:44:45,37
PRA ,2018-11-05 21:44:46,37
PRA ,2018-11-05 22:44:46,37
PRA ,2018-11-05 23:44:43,37
PRA ,2018-11-06 00:44:42,37
PRA ,2018-11-06 01:44:43,37
PRA ,2018-11-06 02:44:43,37
PRA ,2018-11-06 03:44:44,37
PRA ,2018-11-06 04:44:43,37
PRA ,2018-11-06 05:44:44,37
PRA ,2018-11-06 06:44:43,37
PRA ,2018-11-06 07:44:44,37
PRA ,2018-11-06 08:44:44,37
PRA ,2018-11-06 09:44:44,37
PRA ,2018-11-06 10:44:45,37
PRA ,2018-11-06 11:44:44,37
PRA ,2018-11-06 12:44:44,37
PRA ,2018-11-06 13:44:44,37
PRA ,2018-11-06 14:44:51,37
PRA ,2018-11-06 15:44:50,37
PRA ,2018-11-06 16:44:48,37
PRA ,2018-11-06 17:44:53,37
PRA ,2018-11-06 18:44:48,37
PRA ,2018-11-06 19:44:44,37
PRA ,2018-11-06 20:44:46,37
PRA ,2018-11-06 21:44:44,37
PRA ,2018-11-06 22:44:46,37
PRA ,2018-11-06 23:44:44,37
PRA ,2018-11-07 00:44:46,37
PRA ,2018-11-07 01:44:44,37
PRA ,2018-11-07 02:44:45,37
PRA ,2018-11-07 03:44:45,37
PRA ,2018-11-07 04:44:43,37
PRA ,2018-11-07 05:44:44,37
PRA ,2018-11-07 06:44:44,37
PRA ,2018-11-07 07:44:44,37
PRA ,2018-11-07 08:44:44,37
PRA ,2018-11-07 09:44:43,37
PRA ,2018-11-07 10:44:44,37
PRA ,2018-11-07 11:44:44,37
PRA ,2018-11-07 12:44:44,37
PRA ,2018-11-07 13:44:44,37
PRA ,2018-11-07 14:44:51,37
PRA ,2018-11-07 15:44:46,36
PRA ,2018-11-07 16:44:45,36
PRA ,2018-11-07 17:44:49,36
PRA ,2018-11-07 18:44:49,36
PRA ,2018-11-07 19:44:48,36
PRA ,2018-11-07 20:44:48,36
PRA ,2018-11-07 21:44:44,36
PRA ,2018-11-07 22:44:46,36
PRA ,2018-11-07 23:44:44,36
PRA ,2018-11-08 00:44:43,36
PRA ,2018-11-08 01:44:45,36
PRA ,2018-11-08 02:44:44,36
PRA ,2018-11-08 03:44:44,36
PRA ,2018-11-08 04:44:44,36
PRA ,2018-11-08 05:44:45,36
PRA ,2018-11-08 06:44:56,36
PRA ,2018-11-08 07:44:44,36
PRA ,2018-11-08 08:44:45,36
PRA ,2018-11-08 09:44:44,36
PRA ,2018-11-08 10:44:44,36
PRA ,2018-11-08 11:44:43,35
PRA ,2018-11-08 12:44:44,35
PRA ,2018-11-08 13:44:43,35
PRA ,2018-11-08 14:44:48,35
PRA ,2018-11-08 15:44:48,35
PRA ,2018-11-08 16:44:48,35
PRA ,2018-11-08 17:44:45,36
PRA ,2018-11-08 18:44:44,36
PRA ,2018-11-08 19:44:45,36
PRA ,2018-11-08 20:44:49,36
PRA ,2018-11-08 21:44:47,36
PRA ,2018-11-08 22:44:44,36
PRA ,2018-11-08 23:44:44,36
PRA ,2018-11-09 00:44:45,36
PRA ,2018-11-09 01:44:45,36
PRA ,2018-11-09 02:44:45,36
PRA ,2018-11-09 03:44:45,36
PRA ,2018-11-09 04:44:46,36
PRA ,2018-11-09 05:44:45,36
PRA ,2018-11-09 06:44:43,36
PRA ,2018-11-09 07:44:44,36
PRA ,2018-11-09 08:44:44,36
PRA ,2018-11-09 09:44:44,36
PRA ,2018-11-09 10:44:43,36
PRA ,2018-11-09 11:44:44,36
PRA ,2018-11-09 12:44:44,36
PRA ,2018-11-09 13:44:43,36
PRA ,2018-11-09 15:08:48,36
PRA ,2018-11-09 15:44:47,36
PRA ,2018-11-09 16:44:47,36
PRA ,2018-11-09 17:44:46,36
PRA ,2018-11-09 18:44:45,36
PRA ,2018-11-09 19:45:04,36
PRA ,2018-11-09 20:44:48,36
PRA ,2018-11-09 21:44:46,36
PRA ,2018-11-09 22:44:46,36
PRA ,2018-11-09 23:44:44,36
PRA ,2018-11-10 00:44:44,36
PRA ,2018-11-10 01:44:45,36
PRA ,2018-11-10 02:44:44,36
PRA ,2018-11-10 03:44:44,36
PRA ,2018-11-10 04:44:45,36
PRA ,2018-11-10 05:44:44,36
PRA ,2018-11-10 06:44:43,36
PRA ,2018-11-10 07:44:43,36
PRA ,2018-11-10 08:44:44,36
PRA ,2018-11-10 09:44:44,36
PRA ,2018-11-10 10:44:43,36
PRA ,2018-11-10 11:44:44,36
PRA ,2018-11-10 12:44:43,36
PRA ,2018-11-10 13:44:44,36
PRA ,2018-11-10 14:44:44,36
PRA ,2018-11-10 15:44:48,36
PRA ,2018-11-10 16:44:45,36
PRA ,2018-11-10 17:44:45,36
PRA ,2018-11-10 18:44:47,36
PRA ,2018-11-10 19:44:46,36
PRA ,2018-11-10 20:44:44,36
PRA ,2018-11-10 21:44:45,36
PRA ,2018-11-10 22:44:45,36
PRA ,2018-11-10 23:44:45,36
PRA ,2018-11-11 00:44:45,36
PRA ,2018-11-11 01:44:45,36
PRA ,2018-11-11 02:44:43,36
PRA ,2018-11-11 03:44:46,36
PRA ,2018-11-11 04:44:44,36
PRA ,2018-11-11 05:44:45,36
PRA ,2018-11-11 06:44:44,36
PRA ,2018-11-11 07:44:46,36
PRA ,2018-11-11 08:44:44,36
PRA ,2018-11-11 09:44:46,36
PRA ,2018-11-11 10:44:45,36
PRA ,2018-11-11 11:44:44,36
PRA ,2018-11-11 12:44:45,36
PRA ,2018-11-11 13:44:44,36
PRA ,2018-11-11 14:44:46,36
PRA ,2018-11-11 15:44:45,36
PRA ,2018-11-11 16:44:44,36
PRA ,2018-11-11 17:44:45,36
PRA ,2018-11-11 18:44:44,36
PRA ,2018-11-11 19:44:43,36
PRA ,2018-11-11 20:44:45,36
PRA ,2018-11-11 21:44:43,36
PRA ,2018-11-11 22:44:45,36
PRA ,2018-11-11 23:44:44,36
PRA ,2018-11-12 00:44:46,36
PRA ,2018-11-12 01:44:43,36
PRA ,2018-11-12 02:44:45,36
PRA ,2018-11-12 03:44:45,36
PRA ,2018-11-12 04:44:45,36
PRA ,2018-11-12 05:44:45,36
PRA ,2018-11-12 06:44:45,36
PRA ,2018-11-12 07:44:44,36
PRA ,2018-11-12 08:44:45,36
PRA ,2018-11-12 09:44:45,36
PRA ,2018-11-12 10:44:45,36
PRA ,2018-11-12 11:44:46,36
PRA ,2018-11-12 12:44:43,36
PRA ,2018-11-12 13:44:44,36
PRA ,2018-11-12 14:44:48,36
PRA ,2018-11-12 15:44:45,36
PRA ,2018-11-12 16:44:47,36
PRA ,2018-11-12 17:44:43,36
PRA ,2018-11-12 18:44:44,36
PRA ,2018-11-12 19:44:47,36
PRA ,2018-11-12 20:44:46,36
PRA ,2018-11-12 21:44:44,36
PRA ,2018-11-12 22:45:29,36
PRA ,2018-11-12 23:44:44,36
PRA ,2018-11-13 00:44:46,36
PRA ,2018-11-13 01:44:45,36
PRA ,2018-11-13 02:44:46,36
PRA ,2018-11-13 03:44:45,36
PRA ,2018-11-13 04:44:44,36
PRA ,2018-11-13 05:44:44,36
PRA ,2018-11-13 06:44:44,36
PRA ,2018-11-13 07:44:45,36
PRA ,2018-11-13 08:44:47,36
PRA ,2018-11-13 09:44:45,36
PRA ,2018-11-13 10:44:46,36
PRA ,2018-11-13 11:44:45,36
PRA ,2018-11-13 12:44:44,36
PRA ,2018-11-13 13:44:44,36
PRA ,2018-11-13 14:44:49,36
PRA ,2018-11-13 15:44:46,36
PRA ,2018-11-13 16:44:45,36
PRA ,2018-11-13 17:44:45,36
PRA ,2018-11-13 18:44:43,36
PRA ,2018-11-13 19:44:44,36
PRA ,2018-11-13 20:44:44,35
PRA ,2018-11-13 21:44:44,35
PRA ,2018-11-13 22:44:44,35
PRA ,2018-11-13 23:44:45,35
PRA ,2018-11-14 00:44:44,35
PRA ,2018-11-14 01:44:45,35
PRA ,2018-11-14 02:44:43,35
PRA ,2018-11-14 03:44:44,35
PRA ,2018-11-14 04:44:44,35
PRA ,2018-11-14 05:44:45,35
PRA ,2018-11-14 06:44:45,35
PRA ,2018-11-14 07:44:45,35
PRA ,2018-11-14 08:44:44,35
PRA ,2018-11-14 09:44:45,35
PRA ,2018-11-14 10:44:44,35
PRA ,2018-11-14 11:44:47,35
PRA ,2018-11-14 12:44:44,35
PRA ,2018-11-14 13:44:44,35
PRA ,2018-11-14 14:44:47,35
PRA ,2018-11-14 15:44:47,35
PRA ,2018-11-14 16:44:48,35
PRA ,2018-11-14 17:44:46,35
PRA ,2018-11-14 18:44:49,35
PRA ,2018-11-14 19:44:47,35
PRA ,2018-11-14 20:44:47,35
PRA ,2018-11-14 21:44:48,35
PRA ,2018-11-14 22:44:47,35
PRA ,2018-11-14 23:44:46,35
PRA ,2018-11-15 00:44:45,35
PRA ,2018-11-15 01:44:45,35
PRA ,2018-11-15 02:44:45,35
PRA ,2018-11-15 03:44:45,35
PRA ,2018-11-15 04:44:45,35
PRA ,2018-11-15 05:44:45,35
PRA ,2018-11-15 06:44:44,35
PRA ,2018-11-15 07:44:43,35
PRA ,2018-11-15 08:44:44,35
PRA ,2018-11-15 09:44:45,35
PRA ,2018-11-15 10:44:45,35
PRA ,2018-11-15 11:44:44,35
PRA ,2018-11-15 12:44:44,35
PRA ,2018-11-15 13:44:45,35
PRA ,2018-11-15 14:44:46,35
PRA ,2018-11-15 15:44:46,35
PRA ,2018-11-15 16:44:45,35
PRA ,2018-11-15 17:44:49,35
PRA ,2018-11-15 18:44:45,35
PRA ,2018-11-15 19:44:44,35
PRA ,2018-11-15 20:44:48,35
PRA ,2018-11-15 21:44:50,35
PRA ,2018-11-15 22:44:48,35
PRA ,2018-11-15 23:44:45,35
PRA ,2018-11-16 00:44:44,35
PRA ,2018-11-16 01:44:44,35
PRA ,2018-11-16 02:44:44,35
PRA ,2018-11-16 03:44:44,35
PRA ,2018-11-16 04:44:44,35
PRA ,2018-11-16 05:44:44,35
PRA ,2018-11-16 06:44:45,35
PRA ,2018-11-16 07:44:45,35
PRA ,2018-11-16 08:44:44,35
PRA ,2018-11-16 09:44:45,35
PRA ,2018-11-16 10:44:44,35
PRA ,2018-11-16 11:44:43,35
PRA ,2018-11-16 12:44:43,35
PRA ,2018-11-16 13:44:44,35
PRA ,2018-11-16 14:44:49,35
PRA ,2018-11-16 15:44:46,35
PRA ,2018-11-16 16:44:46,35
PRA ,2018-11-16 17:44:45,35
PRA ,2018-11-16 18:44:44,35
PRA ,2018-11-16 19:44:44,35
PRA ,2018-11-16 20:44:55,35
PRA ,2018-11-16 21:44:47,35
PRA ,2018-11-16 22:44:47,35
PRA ,2018-11-16 23:44:46,35
PRA ,2018-11-17 00:44:47,35
PRA ,2018-11-17 01:44:45,35
PRA ,2018-11-17 02:44:43,35
PRA ,2018-11-17 03:44:48,35
PRA ,2018-11-17 04:44:44,35
PRA ,2018-11-17 05:44:46,35
PRA ,2018-11-17 06:44:47,35
PRA ,2018-11-17 07:44:43,35
PRA ,2018-11-17 08:44:45,35
PRA ,2018-11-17 09:44:45,35
PRA ,2018-11-17 10:44:45,35
PRA ,2018-11-17 11:44:44,35
PRA ,2018-11-17 12:44:45,35
PRA ,2018-11-17 13:44:45,35
PRA ,2018-11-17 14:44:48,35
PRA ,2018-11-17 15:44:45,35
PRA ,2018-11-17 16:44:43,35
PRA ,2018-11-17 17:44:47,35
PRA ,2018-11-17 18:44:44,35
PRA ,2018-11-17 19:44:45,35
PRA ,2018-11-17 20:44:44,35
PRA ,2018-11-17 21:44:44,35
PRA ,2018-11-17 22:44:44,35
PRA ,2018-11-17 23:44:44,35
PRA ,2018-11-18 00:44:44,35
PRA ,2018-11-18 01:44:44,35
PRA ,2018-11-18 02:44:44,35
PRA ,2018-11-18 03:44:46,35
PRA ,2018-11-18 04:44:44,35
PRA ,2018-11-18 05:44:44,35
PRA ,2018-11-18 06:44:45,35
PRA ,2018-11-18 07:44:44,35
PRA ,2018-11-18 08:44:43,35
PRA ,2018-11-18 09:44:44,35
PRA ,2018-11-18 10:44:43,35
PRA ,2018-11-18 11:44:44,35
PRA ,2018-11-18 12:44:43,35
PRA ,2018-11-18 13:44:44,35
PRA ,2018-11-18 14:44:45,35
PRA ,2018-11-18 15:44:45,35
PRA ,2018-11-18 16:44:44,35
PRA ,2018-11-18 17:44:44,35
PRA ,2018-11-18 18:44:45,35
PRA ,2018-11-18 19:44:44,35
PRA ,2018-11-18 20:44:45,35
PRA ,2018-11-18 21:44:44,35
PRA ,2018-11-18 22:44:44,35
PRA ,2018-11-18 23:44:45,35
PRA ,2018-11-19 00:44:44,35
PRA ,2018-11-19 01:44:44,35
PRA ,2018-11-19 02:44:44,35
PRA ,2018-11-19 03:44:44,35
PRA ,2018-11-19 04:44:44,35
PRA ,2018-11-19 05:44:44,35
PRA ,2018-11-19 06:44:44,35
PRA ,2018-11-19 07:44:44,35
PRA ,2018-11-19 08:44:44,35
PRA ,2018-11-19 09:44:44,35
PRA ,2018-11-19 10:44:45,35
PRA ,2018-11-19 12:44:45,35
PRA ,2018-11-19 13:44:44,35
PRA ,2018-11-19 14:44:47,35
PRA ,2018-11-19 15:44:44,35
PRA ,2018-11-19 16:44:49,35
PRA ,2018-11-19 17:44:48,35
PRA ,2018-11-19 18:44:47,36
PRA ,2018-11-19 19:44:46,36
PRA ,2018-11-19 20:44:46,36
PRA ,2018-11-19 21:44:45,36
PRA ,2018-11-19 22:44:46,36
PRA ,2018-11-19 23:44:45,36
PRA ,2018-11-20 00:44:45,36
PRA ,2018-11-20 01:44:45,36
PRA ,2018-11-20 02:44:46,36
PRA ,2018-11-20 03:44:46,36
PRA ,2018-11-20 04:44:44,36
PRA ,2018-11-20 05:44:44,36
PRA ,2018-11-20 06:44:45,36
PRA ,2018-11-20 07:44:44,36
PRA ,2018-11-20 08:44:45,36
PRA ,2018-11-20 09:44:45,36
PRA ,2018-11-20 10:44:44,36
PRA ,2018-11-20 11:44:44,36
PRA ,2018-11-20 12:44:44,36
PRA ,2018-11-20 13:44:46,36
PRA ,2018-11-20 14:44:49,36
PRA ,2018-11-20 15:44:51,36
PRA ,2018-11-20 16:44:44,36
PRA ,2018-11-20 17:44:45,36
PRA ,2018-11-20 18:44:49,36
PRA ,2018-11-20 19:44:46,36
PRA ,2018-11-20 20:44:46,35
PRA ,2018-11-20 21:44:49,35
PRA ,2018-11-20 22:44:45,35
PRA ,2018-11-20 23:44:44,35
PRA ,2018-11-21 00:44:43,35
PRA ,2018-11-21 01:44:43,35
PRA ,2018-11-21 02:44:43,35
PRA ,2018-11-21 03:44:44,35
PRA ,2018-11-21 04:44:44,35
PRA ,2018-11-21 05:44:46,35
PRA ,2018-11-21 06:44:46,35
PRA ,2018-11-21 07:44:46,35
PRA ,2018-11-21 08:44:45,35
PRA ,2018-11-21 09:44:44,35
PRA ,2018-11-21 10:44:44,35
PRA ,2018-11-21 11:44:43,35
PRA ,2018-11-21 12:44:43,35
PRA ,2018-11-21 13:44:43,35
PRA ,2018-11-21 14:44:48,35
PRA ,2018-11-21 16:44:47,35
PRA ,2018-11-21 17:44:49,35
PRA ,2018-11-21 18:44:44,35
PRA ,2018-11-21 19:44:46,35
PRA ,2018-11-21 20:44:46,35
PRA ,2018-11-21 21:44:46,35
PRA ,2018-11-21 22:44:45,35
PRA ,2018-11-21 23:44:43,35
PRA ,2018-11-22 00:44:43,35
PRA ,2018-11-22 01:44:44,35
PRA ,2018-11-22 02:44:45,35
PRA ,2018-11-22 03:44:44,35
PRA ,2018-11-22 04:44:46,35
PRA ,2018-11-22 05:44:44,35
PRA ,2018-11-22 06:44:44,35
PRA ,2018-11-22 07:44:44,35
PRA ,2018-11-22 08:44:44,35
PRA ,2018-11-22 09:44:44,35
PRA ,2018-11-22 10:44:44,35
PRA ,2018-11-22 11:44:45,35
PRA ,2018-11-22 12:44:44,35
PRA ,2018-11-22 13:44:44,35
PRA ,2018-11-22 14:44:43,35
PRA ,2018-11-22 15:44:44,35
PRA ,2018-11-22 16:44:43,35
PRA ,2018-11-22 17:44:45,35
PRA ,2018-11-22 18:44:43,35
PRA ,2018-11-22 19:44:43,35
PRA ,2018-11-22 20:44:44,35
PRA ,2018-11-22 21:44:44,35
PRA ,2018-11-22 22:44:44,35
PRA ,2018-11-22 23:44:44,35
PRA ,2018-11-23 00:44:43,35
PRA ,2018-11-23 01:44:43,35
PRA ,2018-11-23 02:44:43,35
PRA ,2018-11-23 03:44:44,35
PRA ,2018-11-23 04:44:44,35
PRA ,2018-11-23 05:44:44,35
PRA ,2018-11-23 06:44:44,35
PRA ,2018-11-23 07:44:44,35
PRA ,2018-11-23 08:44:44,35
PRA ,2018-11-23 09:44:44,35
PRA ,2018-11-23 10:44:44,35
PRA ,2018-11-23 11:44:46,35
PRA ,2018-11-23 12:44:45,35
PRA ,2018-11-23 13:44:44,35
PRA ,2018-11-23 14:44:46,35
PRA ,2018-11-23 15:44:45,35
PRA ,2018-11-23 16:44:43,35
PRA ,2018-11-23 17:44:44,35
PRA ,2018-11-23 18:44:43,35
PRA ,2018-11-23 19:44:45,35
PRA ,2018-11-23 20:44:45,35
PRA ,2018-11-23 21:44:46,35
PRA ,2018-11-23 22:44:44,35
PRA ,2018-11-23 23:44:45,35
PRA ,2018-11-24 00:44:44,35
PRA ,2018-11-24 01:44:45,35
PRA ,2018-11-24 02:44:47,35
PRA ,2018-11-24 03:44:45,35
PRA ,2018-11-24 04:44:46,35
PRA ,2018-11-24 05:44:46,35
PRA ,2018-11-24 06:44:45,35
PRA ,2018-11-24 07:44:44,35
PRA ,2018-11-24 08:44:45,35
PRA ,2018-11-24 09:44:44,35
PRA ,2018-11-24 10:44:43,35
PRA ,2018-11-24 11:44:45,35
PRA ,2018-11-24 12:44:44,35
PRA ,2018-11-24 13:44:44,35
PRA ,2018-11-24 14:44:45,35
PRA ,2018-11-24 15:44:45,35
PRA ,2018-11-24 16:44:44,35
PRA ,2018-11-24 17:44:45,35
PRA ,2018-11-24 18:44:45,35
PRA ,2018-11-24 19:44:44,35
PRA ,2018-11-24 20:44:45,35
PRA ,2018-11-24 21:44:45,35
PRA ,2018-11-24 22:44:44,35
PRA ,2018-11-24 23:44:45,35
PRA ,2018-11-25 00:44:45,35
PRA ,2018-11-25 01:44:45,35
PRA ,2018-11-25 02:44:45,35
PRA ,2018-11-25 03:44:44,35
PRA ,2018-11-25 04:44:45,35
PRA ,2018-11-25 05:44:44,35
PRA ,2018-11-25 06:44:45,35
PRA ,2018-11-25 07:44:44,35
PRA ,2018-11-25 08:44:44,35
PRA ,2018-11-25 09:44:44,35
PRA ,2018-11-25 10:44:44,35
PRA ,2018-11-25 11:44:45,35
PRA ,2018-11-25 12:44:44,35
PRA ,2018-11-25 13:44:44,35
PRA ,2018-11-25 14:44:45,35
PRA ,2018-11-25 15:44:44,35
PRA ,2018-11-25 16:44:45,35
PRA ,2018-11-25 17:44:45,35
PRA ,2018-11-25 18:44:45,35
PRA ,2018-11-25 19:44:46,35
PRA ,2018-11-25 20:44:45,35
PRA ,2018-11-25 21:44:44,35
PRA ,2018-11-25 22:44:45,35
PRA ,2018-11-25 23:44:45,35
PRA ,2018-11-26 00:44:43,35
PRA ,2018-11-26 01:44:45,35
PRA ,2018-11-26 02:44:46,35
PRA ,2018-11-26 03:44:44,35
PRA ,2018-11-26 04:44:44,35
PRA ,2018-11-26 05:44:44,35
PRA ,2018-11-26 06:44:44,35
PRA ,2018-11-26 07:44:44,35
PRA ,2018-11-26 08:44:44,35
PRA ,2018-11-26 09:44:45,35
PRA ,2018-11-26 10:44:45,35
PRA ,2018-11-26 11:44:44,35
PRA ,2018-11-26 12:44:44,35
PRA ,2018-11-26 13:44:44,35
PRA ,2018-11-26 14:44:51,35
PRA ,2018-11-26 15:44:45,35
PRA ,2018-11-26 16:44:45,35
PRA ,2018-11-26 17:44:45,35
PRA ,2018-11-26 18:44:46,35
PRA ,2018-11-26 19:44:44,35
PRA ,2018-11-26 20:44:46,35
PRA ,2018-11-26 21:44:43,35
PRA ,2018-11-26 22:44:49,35
PRA ,2018-11-26 23:44:48,35
PRA ,2018-11-27 00:44:47,35
PRA ,2018-11-27 01:44:46,35
PRA ,2018-11-27 02:44:46,35
PRA ,2018-11-27 03:44:44,35
PRA ,2018-11-27 04:44:44,35
PRA ,2018-11-27 05:44:45,35
PRA ,2018-11-27 06:44:44,35
PRA ,2018-11-27 07:44:44,35
PRA ,2018-11-27 08:44:43,35
PRA ,2018-11-27 09:44:44,35
PRA ,2018-11-27 10:46:32,35
PRA ,2018-11-27 11:44:44,35
PRA ,2018-11-27 12:44:44,35
PRA ,2018-11-27 13:44:45,35
PRA ,2018-11-27 14:44:49,35
PRA ,2018-11-27 15:44:46,35
PRA ,2018-11-27 16:44:49,35
PRA ,2018-11-27 17:44:48,35
PRA ,2018-11-27 18:44:47,35
PRA ,2018-11-27 19:44:47,35
PRA ,2018-11-27 20:44:46,35
PRA ,2018-11-27 21:44:48,35
PRA ,2018-11-27 22:44:47,35
PRA ,2018-11-27 23:44:47,35
PRA ,2018-11-28 00:44:46,35
PRA ,2018-11-28 01:44:46,35
PRA ,2018-11-28 02:44:46,35
PRA ,2018-11-28 03:44:47,35
PRA ,2018-11-28 04:44:48,35
PRA ,2018-11-28 05:44:47,35
PRA ,2018-11-28 06:44:45,35
PRA ,2018-11-28 07:44:44,35
PRA ,2018-11-28 08:44:46,35
PRA ,2018-11-28 09:44:48,35
PRA ,2018-11-28 10:44:46,35
PRA ,2018-11-28 11:44:45,35
PRA ,2018-11-28 12:44:45,35
PRA ,2018-11-28 14:09:48,35
PRA ,2018-11-28 14:44:47,35
PRA ,2018-11-28 15:44:52,35
PRA ,2018-11-28 16:44:48,35
PRA ,2018-11-28 17:44:51,35
PRA ,2018-11-28 18:44:49,35
PRA ,2018-11-28 19:44:47,35
PRA ,2018-11-28 20:44:48,35
PRA ,2018-11-28 21:44:45,35
PRA ,2018-11-28 22:44:44,35
PRA ,2018-11-28 23:44:43,35
PRA ,2018-11-29 00:44:44,35
PRA ,2018-11-29 01:44:46,35
PRA ,2018-11-29 02:44:45,35
PRA ,2018-11-29 03:44:44,35
PRA ,2018-11-29 04:44:44,35
PRA ,2018-11-29 05:44:45,35
PRA ,2018-11-29 06:44:44,35
PRA ,2018-11-29 07:44:43,35
PRA ,2018-11-29 08:44:43,35
PRA ,2018-11-29 09:44:44,35
PRA ,2018-11-29 10:44:44,35
PRA ,2018-11-29 11:44:43,35
PRA ,2018-11-29 12:44:44,35
PRA ,2018-11-29 13:44:45,35
PRA ,2018-11-29 15:09:54,35
PRA ,2018-11-29 15:44:46,35
PRA ,2018-11-29 16:44:47,35
PRA ,2018-11-29 17:44:51,35
PRA ,2018-11-29 18:44:51,35
PRA ,2018-11-29 19:44:47,35
PRA ,2018-11-29 20:44:45,35
PRA ,2018-11-29 21:44:47,35
PRA ,2018-11-29 22:44:47,35
PRA ,2018-11-29 23:44:47,35
PRA ,2018-11-30 00:44:48,35
PRA ,2018-11-30 01:44:48,35
PRA ,2018-11-30 02:44:45,35
PRA ,2018-11-30 03:44:48,35
PRA ,2018-11-30 04:44:45,35
PRA ,2018-11-30 05:44:48,35
PRA ,2018-11-30 06:44:47,35
PRA ,2018-11-30 07:44:45,35
PRA ,2018-11-30 08:44:44,35
PRA ,2018-11-30 09:44:46,35
PRA ,2018-11-30 10:44:46,35
PRA ,2018-11-30 11:44:44,35
PRA ,2018-11-30 12:44:45,35
PRA ,2018-11-30 13:44:45,35
PRA ,2018-11-30 14:44:49,35
PRA ,2018-11-30 15:44:48,35
PRA ,2018-11-30 16:44:47,35
PRA ,2018-11-30 17:44:47,35
PRA ,2018-11-30 18:44:46,35
PRA ,2018-11-30 19:44:46,35
PRA ,2018-11-30 20:44:47,35
PRA ,2018-11-30 21:44:46,35
PRA ,2018-11-30 22:44:49,35
PRA ,2018-11-30 23:44:47,35
PRA ,2018-12-01 00:44:45,35
PRA ,2018-12-01 01:44:46,35
PRA ,2018-12-01 02:44:45,35
PRA ,2018-12-01 03:44:45,35
PRA ,2018-12-01 04:44:45,35
PRA ,2018-12-01 05:44:47,35
PRA ,2018-12-01 06:44:45,35
PRA ,2018-12-01 07:44:44,35
PRA ,2018-12-01 08:44:44,35
PRA ,2018-12-01 09:44:45,35
PRA ,2018-12-01 10:44:45,35
PRA ,2018-12-01 11:44:45,35
PRA ,2018-12-01 12:44:45,35
PRA ,2018-12-01 13:44:45,35
PRA ,2018-12-01 14:44:45,35
PRA ,2018-12-01 15:44:45,35
PRA ,2018-12-01 16:44:45,35
PRA ,2018-12-01 17:44:44,35
PRA ,2018-12-01 18:44:45,35
PRA ,2018-12-01 19:44:44,35
PRA ,2018-12-01 20:44:46,35
PRA ,2018-12-01 21:44:44,35
PRA ,2018-12-01 22:44:50,35
PRA ,2018-12-01 23:44:46,35
PRA ,2018-12-02 00:44:44,35
PRA ,2018-12-02 01:44:45,35
PRA ,2018-12-02 02:44:45,35
PRA ,2018-12-02 03:44:45,35
PRA ,2018-12-02 04:44:45,35
PRA ,2018-12-02 05:44:45,35
PRA ,2018-12-02 06:44:45,35
PRA ,2018-12-02 07:44:47,35
PRA ,2018-12-02 08:44:47,35
PRA ,2018-12-02 09:44:45,35
PRA ,2018-12-02 10:44:46,35
PRA ,2018-12-02 11:44:45,35
PRA ,2018-12-02 12:44:44,35
PRA ,2018-12-02 13:44:44,35
PRA ,2018-12-02 14:44:44,35
PRA ,2018-12-02 15:44:45,35
PRA ,2018-12-02 16:44:45,35
PRA ,2018-12-02 17:44:44,35
PRA ,2018-12-02 18:44:44,35
PRA ,2018-12-02 19:44:44,35
PRA ,2018-12-02 20:44:44,35
PRA ,2018-12-02 21:44:44,35
PRA ,2018-12-02 22:44:44,35
PRA ,2018-12-02 23:44:45,35
PRA ,2018-12-03 00:44:45,35
PRA ,2018-12-03 01:44:44,35
PRA ,2018-12-03 02:44:45,35
PRA ,2018-12-03 03:44:46,35
PRA ,2018-12-03 04:44:46,35
PRA ,2018-12-03 05:44:44,35
PRA ,2018-12-03 06:44:47,35
PRA ,2018-12-03 07:44:46,35
PRA ,2018-12-03 08:44:45,35
PRA ,2018-12-03 09:44:47,35
PRA ,2018-12-03 10:44:45,35
PRA ,2018-12-03 11:44:45,35
PRA ,2018-12-03 12:44:44,35
PRA ,2018-12-03 13:44:44,35
PRA ,2018-12-03 14:44:52,35
PRA ,2018-12-03 15:44:46,35
PRA ,2018-12-03 16:44:49,35
PRA ,2018-12-03 17:44:49,35
PRA ,2018-12-03 18:44:47,35
PRA ,2018-12-03 19:44:44,35
PRA ,2018-12-03 20:44:46,35
PRA ,2018-12-03 21:44:45,35
PRA ,2018-12-03 22:44:48,35
PRA ,2018-12-03 23:44:50,35
PRA ,2018-12-04 00:44:47,35
PRA ,2018-12-04 01:44:45,35
PRA ,2018-12-04 02:44:46,35
PRA ,2018-12-04 03:44:46,35
PRA ,2018-12-04 04:44:45,35
PRA ,2018-12-04 05:44:49,35
PRA ,2018-12-04 06:44:48,35
PRA ,2018-12-04 07:44:46,35
PRA ,2018-12-04 08:44:47,35
PRA ,2018-12-04 09:44:45,35
PRA ,2018-12-04 10:44:43,35
PRA ,2018-12-04 11:44:44,35
PRA ,2018-12-04 12:44:45,35
PRA ,2018-12-04 13:44:45,35
PRA ,2018-12-04 15:11:20,35
PRA ,2018-12-04 15:44:48,35
PRA ,2018-12-04 16:44:46,35
PRA ,2018-12-04 17:44:47,35
PRA ,2018-12-04 18:44:47,35
PRA ,2018-12-04 19:44:48,35
PRA ,2018-12-04 20:44:47,36
PRA ,2018-12-04 21:44:47,36
PRA ,2018-12-04 22:44:50,36
PRA ,2018-12-04 23:44:49,36
PRA ,2018-12-05 00:44:48,36
PRA ,2018-12-05 01:44:48,36
PRA ,2018-12-05 02:44:48,36
PRA ,2018-12-05 03:44:48,36
PRA ,2018-12-05 04:44:51,36
PRA ,2018-12-05 05:44:51,36
PRA ,2018-12-05 06:44:47,36
PRA ,2018-12-05 07:44:45,36
PRA ,2018-12-05 08:44:45,36
PRA ,2018-12-05 09:44:44,36
PRA ,2018-12-05 10:44:46,36
PRA ,2018-12-05 11:44:45,36
PRA ,2018-12-05 12:44:44,36
PRA ,2018-12-05 13:44:44,36
PRA ,2018-12-05 14:44:45,36
PRA ,2018-12-05 15:44:47,36
PRA ,2018-12-05 16:44:45,36
PRA ,2018-12-05 17:44:46,36
PRA ,2018-12-05 18:44:45,36
PRA ,2018-12-05 19:44:48,36
PRA ,2018-12-05 20:44:47,36
PRA ,2018-12-05 21:44:48,36
PRA ,2018-12-05 22:44:48,36
PRA ,2018-12-05 23:44:49,36
PRA ,2018-12-06 00:44:48,36
PRA ,2018-12-06 01:44:47,36
PRA ,2018-12-06 02:44:46,36
PRA ,2018-12-06 03:44:46,36
PRA ,2018-12-06 04:44:44,36
PRA ,2018-12-06 05:44:45,36
PRA ,2018-12-06 06:44:45,36
PRA ,2018-12-06 07:44:44,36
PRA ,2018-12-06 08:44:48,36
PRA ,2018-12-06 09:44:47,36
PRA ,2018-12-06 10:44:45,36
PRA ,2018-12-06 11:44:46,36
PRA ,2018-12-06 12:44:47,36
PRA ,2018-12-06 13:44:47,36
PRA ,2018-12-06 14:44:48,36
PRA ,2018-12-06 15:44:47,36
PRA ,2018-12-06 16:44:47,36
PRA ,2018-12-06 17:44:49,36
PRA ,2018-12-06 18:44:46,36
PRA ,2018-12-06 19:44:46,36
PRA ,2018-12-06 20:44:46,36
PRA ,2018-12-06 21:44:46,36
PRA ,2018-12-06 22:44:45,36
PRA ,2018-12-06 23:44:51,36
PRA ,2018-12-07 00:44:53,36
PRA ,2018-12-07 01:44:52,36
PRA ,2018-12-07 02:44:50,36
PRA ,2018-12-07 03:44:52,36
PRA ,2018-12-07 04:44:54,36
PRA ,2018-12-07 05:44:51,36
PRA ,2018-12-07 06:44:52,36
PRA ,2018-12-07 07:44:50,36
PRA ,2018-12-07 08:44:49,36
PRA ,2018-12-07 09:44:50,36
PRA ,2018-12-07 10:44:50,36
PRA ,2018-12-07 11:44:50,36
PRA ,2018-12-07 12:44:51,36
PRA ,2018-12-07 14:09:51,36
PRA ,2018-12-07 14:44:56,36
PRA ,2018-12-07 16:09:57,36
PRA ,2018-12-07 16:44:50,36
PRA ,2018-12-07 17:44:52,36
PRA ,2018-12-07 18:44:51,36
PRA ,2018-12-07 19:44:54,36
PRA ,2018-12-07 20:44:53,36
PRA ,2018-12-07 21:44:52,36
PRA ,2018-12-07 22:44:54,36
PRA ,2018-12-07 23:44:55,36
PRA ,2018-12-08 00:44:52,36
PRA ,2018-12-08 01:44:51,36
PRA ,2018-12-08 03:44:54,36
PRA ,2018-12-08 04:44:52,36
PRA ,2018-12-08 05:44:53,36
PRA ,2018-12-08 06:44:50,36
PRA ,2018-12-08 07:44:52,36
PRA ,2018-12-08 08:44:51,36
PRA ,2018-12-08 09:44:50,36
PRA ,2018-12-08 10:44:52,36
PRA ,2018-12-08 11:44:51,36
PRA ,2018-12-08 12:44:52,36
PRA ,2018-12-08 13:44:50,36
PRA ,2018-12-08 14:44:51,36
PRA ,2018-12-08 15:44:51,36
PRA ,2018-12-08 16:44:52,36
PRA ,2018-12-08 17:44:52,36
PRA ,2018-12-08 18:44:50,36
PRA ,2018-12-08 19:44:51,36
PRA ,2018-12-08 20:44:56,36
PRA ,2018-12-08 21:44:56,36
PRA ,2018-12-08 22:44:51,36
PRA ,2018-12-08 23:44:53,36
PRA ,2018-12-09 00:44:52,36
PRA ,2018-12-09 01:44:54,36
PRA ,2018-12-09 02:44:53,36
PRA ,2018-12-09 03:44:51,36
PRA ,2018-12-09 04:44:51,36
PRA ,2018-12-09 05:44:51,36
PRA ,2018-12-09 06:44:51,36
PRA ,2018-12-09 07:44:53,36
PRA ,2018-12-09 08:44:52,36
PRA ,2018-12-09 09:44:56,36
PRA ,2018-12-09 10:44:52,36
PRA ,2018-12-09 11:44:53,36
PRA ,2018-12-09 12:44:51,36
PRA ,2018-12-09 13:44:51,36
PRA ,2018-12-09 14:44:51,36
PRA ,2018-12-09 15:44:52,36
PRA ,2018-12-09 16:44:51,36
PRA ,2018-12-09 17:44:51,36
PRA ,2018-12-09 18:44:51,36
PRA ,2018-12-09 19:44:50,36
PRA ,2018-12-09 20:44:51,36
PRA ,2018-12-09 21:44:51,36
PRA ,2018-12-09 22:44:56,36
PRA ,2018-12-09 23:44:53,36
PRA ,2018-12-10 00:44:53,36
PRA ,2018-12-10 01:44:51,36
PRA ,2018-12-10 02:44:51,36
PRA ,2018-12-10 03:44:52,36
PRA ,2018-12-10 04:44:54,36
PRA ,2018-12-10 05:44:51,36
PRA ,2018-12-10 06:44:56,36
PRA ,2018-12-10 07:44:55,36
PRA ,2018-12-10 08:44:52,36
PRA ,2018-12-10 09:44:52,36
PRA ,2018-12-10 10:44:52,36
PRA ,2018-12-10 11:44:51,36
PRA ,2018-12-10 12:44:52,36
PRA ,2018-12-10 13:44:56,36
PRA ,2018-12-10 15:08:28,36
PRA ,2018-12-10 15:44:50,36
PRA ,2018-12-10 16:44:52,36
PRA ,2018-12-10 17:44:53,36
PRA ,2018-12-10 18:44:52,36
PRA ,2018-12-10 19:44:52,36
PRA ,2018-12-10 20:44:49,36
PRA ,2018-12-10 21:44:52,36
PRA ,2018-12-10 22:44:50,36
PRA ,2018-12-10 23:44:52,36
PRA ,2018-12-11 00:44:51,36
PRA ,2018-12-11 01:44:50,36
PRA ,2018-12-11 02:44:51,36
PRA ,2018-12-11 03:44:51,36
PRA ,2018-12-11 04:44:49,36
PRA ,2018-12-11 05:44:53,36
PRA ,2018-12-11 06:44:52,36
PRA ,2018-12-11 07:44:51,36
PRA ,2018-12-11 08:44:51,36
PRA ,2018-12-11 09:44:50,36
PRA ,2018-12-11 10:44:50,36
PRA ,2018-12-11 11:44:51,36
PRA ,2018-12-11 12:44:51,36
PRA ,2018-12-11 13:44:50,36
PRA ,2018-12-11 15:09:25,36
PRA ,2018-12-11 15:44:51,36
PRA ,2018-12-11 16:44:51,36
PRA ,2018-12-11 17:44:51,36
PRA ,2018-12-11 18:44:51,36
PRA ,2018-12-11 19:44:51,36
PRA ,2018-12-11 20:44:51,36
PRA ,2018-12-11 21:44:54,36
PRA ,2018-12-11 22:44:52,36
PRA ,2018-12-11 23:44:52,36
PRA ,2018-12-12 00:44:50,36
PRA ,2018-12-12 01:44:50,36
PRA ,2018-12-12 02:44:51,36
PRA ,2018-12-12 03:44:51,36
PRA ,2018-12-12 04:44:50,36
PRA ,2018-12-12 05:44:49,36
PRA ,2018-12-12 06:44:50,36
PRA ,2018-12-12 07:44:50,36
PRA ,2018-12-12 08:44:51,36
PRA ,2018-12-12 09:44:51,36
PRA ,2018-12-12 10:44:51,36
PRA ,2018-12-12 11:44:54,36
PRA ,2018-12-12 12:44:55,36
PRA ,2018-12-12 14:10:29,36
PRA ,2018-12-12 14:44:54,36
PRA ,2018-12-12 15:44:52,36
PRA ,2018-12-12 16:44:53,36
PRA ,2018-12-12 17:44:53,36
PRA ,2018-12-12 18:44:51,36
PRA ,2018-12-12 19:44:52,36
PRA ,2018-12-12 20:44:51,36
PRA ,2018-12-12 21:44:51,36
PRA ,2018-12-12 22:44:53,36
PRA ,2018-12-12 23:44:52,36
PRA ,2018-12-13 00:44:50,36
PRA ,2018-12-13 01:44:51,36
PRA ,2018-12-13 02:44:52,36
PRA ,2018-12-13 03:44:51,36
PRA ,2018-12-13 04:44:57,36
PRA ,2018-12-13 05:44:55,36
PRA ,2018-12-13 06:44:54,36
PRA ,2018-12-13 07:44:52,36
PRA ,2018-12-13 08:44:50,36
PRA ,2018-12-13 09:44:51,36
PRA ,2018-12-13 10:44:50,36
PRA ,2018-12-13 11:44:50,36
PRA ,2018-12-13 12:44:50,36
PRA ,2018-12-13 14:08:54,36
PRA ,2018-12-13 14:44:53,36
PRA ,2018-12-13 15:44:53,36
PRA ,2018-12-13 16:44:51,36
PRA ,2018-12-13 17:44:54,36
PRA ,2018-12-13 18:44:53,36
PRA ,2018-12-13 19:44:53,36
PRA ,2018-12-13 20:44:52,36
PRA ,2018-12-13 21:44:51,36
PRA ,2018-12-13 22:44:52,36
PRA ,2018-12-13 23:44:51,36
PRA ,2018-12-14 00:44:51,36
PRA ,2018-12-14 01:44:51,36
PRA ,2018-12-14 02:44:50,36
PRA ,2018-12-14 03:44:50,36
PRA ,2018-12-14 04:44:55,36
PRA ,2018-12-14 05:44:51,36
PRA ,2018-12-14 06:44:52,36
PRA ,2018-12-14 07:44:52,36
PRA ,2018-12-14 08:44:51,36
PRA ,2018-12-14 09:44:51,36
PRA ,2018-12-14 10:44:51,36
PRA ,2018-12-14 11:44:52,36
PRA ,2018-12-14 12:44:51,36
PRA ,2018-12-14 14:08:54,36
PRA ,2018-12-14 14:44:55,36
PRA ,2018-12-14 15:44:52,36
PRA ,2018-12-14 16:44:51,36
PRA ,2018-12-14 17:44:53,36
PRA ,2018-12-14 18:44:56,36
PRA ,2018-12-14 19:44:56,36
PRA ,2018-12-14 20:44:56,36
PRA ,2018-12-14 21:44:51,36
PRA ,2018-12-14 22:44:54,36
PRA ,2018-12-14 23:44:53,36
PRA ,2018-12-15 00:44:51,36
PRA ,2018-12-15 01:44:53,36
PRA ,2018-12-15 02:44:50,36
PRA ,2018-12-15 03:44:52,36
PRA ,2018-12-15 04:44:51,36
PRA ,2018-12-15 05:44:54,36
PRA ,2018-12-15 06:44:52,36
PRA ,2018-12-15 07:44:51,36
PRA ,2018-12-15 08:44:51,36
PRA ,2018-12-15 09:44:50,36
PRA ,2018-12-15 10:44:51,36
PRA ,2018-12-15 11:44:51,36
PRA ,2018-12-15 12:44:52,36
PRA ,2018-12-15 13:44:51,36
PRA ,2018-12-15 14:44:51,36
PRA ,2018-12-15 15:44:52,36
PRA ,2018-12-15 16:44:51,36
PRA ,2018-12-15 17:44:53,36
PRA ,2018-12-15 18:44:52,36
PRA ,2018-12-15 19:44:51,36
PRA ,2018-12-15 20:44:51,36
PRA ,2018-12-15 21:44:50,36
PRA ,2018-12-15 22:44:51,36
PRA ,2018-12-15 23:44:50,36
PRA ,2018-12-16 00:44:51,36
PRA ,2018-12-16 01:44:51,36
PRA ,2018-12-16 02:44:50,36
PRA ,2018-12-16 03:44:52,36
PRA ,2018-12-16 04:44:55,36
PRA ,2018-12-16 05:44:50,36
PRA ,2018-12-16 06:44:53,36
PRA ,2018-12-16 07:44:52,36
PRA ,2018-12-16 08:44:50,36
PRA ,2018-12-16 09:44:54,36
PRA ,2018-12-16 10:44:51,36
PRA ,2018-12-16 11:44:51,36
PRA ,2018-12-16 12:44:50,36
PRA ,2018-12-16 13:44:51,36
PRA ,2018-12-16 14:44:51,36
PRA ,2018-12-16 15:44:50,36
PRA ,2018-12-16 16:44:50,36
PRA ,2018-12-16 17:44:55,36
PRA ,2018-12-16 18:44:50,36
PRA ,2018-12-16 19:44:52,36
PRA ,2018-12-16 20:44:52,36
PRA ,2018-12-16 21:44:50,36
PRA ,2018-12-16 22:44:55,36
PRA ,2018-12-16 23:44:54,36
PRA ,2018-12-17 00:44:52,36
PRA ,2018-12-17 01:44:50,36
PRA ,2018-12-17 02:44:52,36
PRA ,2018-12-17 03:44:51,36
PRA ,2018-12-17 04:44:57,36
PRA ,2018-12-17 05:44:51,36
PRA ,2018-12-17 06:44:53,36
PRA ,2018-12-17 07:44:51,36
PRA ,2018-12-17 08:44:50,36
PRA ,2018-12-17 09:44:51,36
PRA ,2018-12-17 10:44:51,36
PRA ,2018-12-17 11:44:50,36
PRA ,2018-12-17 12:44:51,36
PRA ,2018-12-17 13:44:55,36
PRA ,2018-12-17 14:44:57,36
PRA ,2018-12-17 15:44:53,36
PRA ,2018-12-17 16:44:53,36
PRA ,2018-12-17 17:44:51,36
PRA ,2018-12-17 18:44:52,36
PRA ,2018-12-17 20:10:25,36
PRA ,2018-12-17 20:44:53,36
PRA ,2018-12-17 21:44:54,36
PRA ,2018-12-17 22:44:53,36
PRA ,2018-12-17 23:44:51,36
PRA ,2018-12-18 00:44:51,36
PRA ,2018-12-18 01:44:52,36
PRA ,2018-12-18 02:44:50,36
PRA ,2018-12-18 03:44:51,36
PRA ,2018-12-18 04:44:50,36
PRA ,2018-12-18 05:44:51,36
PRA ,2018-12-18 06:44:50,36
PRA ,2018-12-18 07:44:51,36
PRA ,2018-12-18 08:44:50,36
PRA ,2018-12-18 09:44:50,36
PRA ,2018-12-18 10:44:51,36
PRA ,2018-12-18 11:44:50,36
PRA ,2018-12-18 12:44:51,36
PRA ,2018-12-18 13:44:51,36
PRA ,2018-12-18 14:44:52,36
PRA ,2018-12-18 15:44:51,36
PRA ,2018-12-18 16:44:51,36
PRA ,2018-12-18 17:44:51,36
PRA ,2018-12-18 18:44:50,36
PRA ,2018-12-18 19:44:50,36
PRA ,2018-12-18 20:44:54,36
PRA ,2018-12-18 21:44:53,37
PRA ,2018-12-18 22:44:51,37
PRA ,2018-12-18 23:44:53,37
PRA ,2018-12-19 00:44:51,37
PRA ,2018-12-19 01:44:52,37
PRA ,2018-12-19 02:44:51,37
PRA ,2018-12-19 03:44:54,37
PRA ,2018-12-19 04:44:54,37
PRA ,2018-12-19 05:44:54,37
PRA ,2018-12-19 06:44:52,37
PRA ,2018-12-19 07:44:52,37
PRA ,2018-12-19 08:44:50,37
PRA ,2018-12-19 09:44:52,37
PRA ,2018-12-19 11:44:51,37
PRA ,2018-12-19 12:44:51,37
PRA ,2018-12-19 13:44:50,37
PRA ,2018-12-19 14:44:54,37
PRA ,2018-12-19 15:44:53,37
PRA ,2018-12-19 16:44:52,38
PRA ,2018-12-19 17:44:50,38
PRA ,2018-12-19 18:44:54,38
PRA ,2018-12-19 19:44:52,38
PRA ,2018-12-19 20:44:53,38
PRA ,2018-12-19 21:44:59,39
PRA ,2018-12-19 22:44:58,39
PRA ,2018-12-19 23:44:57,39
PRA ,2018-12-20 00:44:58,39
PRA ,2018-12-20 01:44:57,39
PRA ,2018-12-20 02:44:55,39
PRA ,2018-12-20 03:44:56,39
PRA ,2018-12-20 04:44:56,39
PRA ,2018-12-20 05:44:52,39
PRA ,2018-12-20 06:44:53,39
PRA ,2018-12-20 07:44:57,39
PRA ,2018-12-20 08:44:55,39
PRA ,2018-12-20 09:44:51,39
PRA ,2018-12-20 10:44:53,39
PRA ,2018-12-20 11:44:52,39
PRA ,2018-12-20 12:44:51,39
PRA ,2018-12-20 13:44:53,39
PRA ,2018-12-20 14:44:56,39
PRA ,2018-12-20 15:44:54,39
PRA ,2018-12-20 16:45:00,38
PRA ,2018-12-20 17:44:55,38
PRA ,2018-12-20 18:44:52,38
PRA ,2018-12-20 19:44:52,38
PRA ,2018-12-20 20:44:56,38
PRA ,2018-12-20 21:44:55,38
PRA ,2018-12-20 22:44:56,38
PRA ,2018-12-20 23:44:56,38
PRA ,2018-12-21 00:44:54,38
PRA ,2018-12-21 01:44:54,38
PRA ,2018-12-21 02:44:55,38
PRA ,2018-12-21 03:44:53,38
PRA ,2018-12-21 04:44:56,38
PRA ,2018-12-21 05:44:52,38
PRA ,2018-12-21 06:44:54,38
PRA ,2018-12-21 07:44:51,38
PRA ,2018-12-21 08:44:51,38
PRA ,2018-12-21 09:44:52,38
PRA ,2018-12-21 10:44:51,38
PRA ,2018-12-21 11:44:52,38
PRA ,2018-12-21 12:44:52,38
PRA ,2018-12-21 13:44:52,38
PRA ,2018-12-21 14:44:55,38
PRA ,2018-12-21 15:44:55,38
PRA ,2018-12-21 16:44:55,37
PRA ,2018-12-21 17:44:56,37
PRA ,2018-12-21 18:44:59,37
PRA ,2018-12-21 19:44:53,37
PRA ,2018-12-21 20:45:00,37
PRA ,2018-12-21 21:44:56,37
PRA ,2018-12-21 22:44:56,37
PRA ,2018-12-21 23:44:54,37
PRA ,2018-12-22 00:44:57,37
PRA ,2018-12-22 01:44:56,37
PRA ,2018-12-22 02:44:59,37
PRA ,2018-12-22 03:44:52,37
PRA ,2018-12-22 04:44:57,37
PRA ,2018-12-22 05:44:52,37
PRA ,2018-12-22 06:44:56,37
PRA ,2018-12-22 07:44:55,37
PRA ,2018-12-22 08:44:51,37
PRA ,2018-12-22 09:44:51,37
PRA ,2018-12-22 10:44:52,37
PRA ,2018-12-22 11:44:51,37
PRA ,2018-12-22 12:44:51,37
PRA ,2018-12-22 13:44:51,37
PRA ,2018-12-22 14:44:52,37
PRA ,2018-12-22 15:44:52,37
PRA ,2018-12-22 16:44:51,37
PRA ,2018-12-22 17:44:52,37
PRA ,2018-12-22 18:44:51,37
PRA ,2018-12-22 19:44:56,37
PRA ,2018-12-22 20:44:54,37
PRA ,2018-12-22 21:44:54,37
PRA ,2018-12-22 22:44:55,37
PRA ,2018-12-22 23:44:53,37
PRA ,2018-12-23 00:44:52,37
PRA ,2018-12-23 01:44:54,37
PRA ,2018-12-23 02:44:52,37
PRA ,2018-12-23 03:44:55,37
PRA ,2018-12-23 04:44:54,37
PRA ,2018-12-23 05:44:52,37
PRA ,2018-12-23 06:44:56,37
PRA ,2018-12-23 07:44:53,37
PRA ,2018-12-23 08:44:54,37
PRA ,2018-12-23 09:44:52,37
PRA ,2018-12-23 10:44:58,37
PRA ,2018-12-23 11:44:55,37
PRA ,2018-12-23 12:44:52,37
PRA ,2018-12-23 13:44:54,37
PRA ,2018-12-23 14:44:54,37
PRA ,2018-12-23 15:44:56,37
PRA ,2018-12-23 16:44:57,37
PRA ,2018-12-23 17:44:58,37
PRA ,2018-12-23 18:44:55,37
PRA ,2018-12-23 19:44:55,37
PRA ,2018-12-23 20:44:57,37
PRA ,2018-12-23 21:44:56,37
PRA ,2018-12-23 22:44:54,37
PRA ,2018-12-23 23:44:52,37
PRA ,2018-12-24 00:44:54,37
PRA ,2018-12-24 01:44:57,37
PRA ,2018-12-24 02:44:58,37
PRA ,2018-12-24 03:44:57,37
PRA ,2018-12-24 04:44:51,37
PRA ,2018-12-24 05:44:53,37
PRA ,2018-12-24 06:44:53,37
PRA ,2018-12-24 07:44:57,37
PRA ,2018-12-24 08:44:52,37
PRA ,2018-12-24 09:44:58,37
PRA ,2018-12-24 10:44:53,37
PRA ,2018-12-24 11:44:54,37
PRA ,2018-12-24 12:44:52,37
PRA ,2018-12-24 13:44:55,37
PRA ,2018-12-24 15:08:34,37
PRA ,2018-12-24 15:44:58,37
PRA ,2018-12-24 16:44:55,38
PRA ,2018-12-24 17:44:56,38
PRA ,2018-12-24 18:44:58,38
PRA ,2018-12-24 19:44:58,38
PRA ,2018-12-24 20:44:58,38
PRA ,2018-12-24 21:44:52,38
PRA ,2018-12-24 22:44:52,38
PRA ,2018-12-24 23:44:51,38
PRA ,2018-12-25 00:44:53,38
PRA ,2018-12-25 01:44:51,38
PRA ,2018-12-25 02:44:56,38
PRA ,2018-12-25 03:44:54,38
PRA ,2018-12-25 04:44:53,38
PRA ,2018-12-25 05:44:53,38
PRA ,2018-12-25 06:44:55,38
PRA ,2018-12-25 07:44:53,38
PRA ,2018-12-25 08:44:53,38
PRA ,2018-12-25 09:44:51,38
PRA ,2018-12-25 10:44:51,38
PRA ,2018-12-25 11:44:51,38
PRA ,2018-12-25 12:44:52,38
PRA ,2018-12-25 13:44:52,38
PRA ,2018-12-25 14:44:52,38
PRA ,2018-12-25 15:44:52,38
PRA ,2018-12-25 16:44:51,38
PRA ,2018-12-25 17:44:54,38
PRA ,2018-12-25 18:44:53,38
PRA ,2018-12-25 19:44:53,38
PRA ,2018-12-25 20:44:53,38
PRA ,2018-12-25 21:44:52,38
PRA ,2018-12-25 22:44:53,38
PRA ,2018-12-25 23:44:52,38
PRA ,2018-12-26 00:44:53,38
PRA ,2018-12-26 01:44:52,38
PRA ,2018-12-26 02:44:53,38
PRA ,2018-12-26 03:44:52,38
PRA ,2018-12-26 04:44:51,38
PRA ,2018-12-26 05:44:51,38
PRA ,2018-12-26 06:44:57,38
PRA ,2018-12-26 07:44:55,38
PRA ,2018-12-26 08:44:55,38
PRA ,2018-12-26 09:44:51,38
PRA ,2018-12-26 10:44:53,38
PRA ,2018-12-26 11:44:51,38
PRA ,2018-12-26 12:44:52,38
PRA ,2018-12-26 13:44:59,38
PRA ,2018-12-26 15:10:03,38
PRA ,2018-12-26 15:44:55,38
PRA ,2018-12-26 16:44:54,38
PRA ,2018-12-26 17:44:56,38
PRA ,2018-12-26 18:44:53,38
PRA ,2018-12-26 19:44:55,38
PRA ,2018-12-26 20:44:57,38
PRA ,2018-12-26 21:44:56,38
PRA ,2018-12-26 22:44:57,38
PRA ,2018-12-26 23:44:56,38
PRA ,2018-12-27 00:44:57,38
PRA ,2018-12-27 01:44:57,38
PRA ,2018-12-27 02:44:57,38
PRA ,2018-12-27 03:44:57,38
PRA ,2018-12-27 04:44:52,38
PRA ,2018-12-27 05:44:55,38
PRA ,2018-12-27 06:44:54,38
PRA ,2018-12-27 07:44:55,38
PRA ,2018-12-27 08:44:52,38
PRA ,2018-12-27 09:44:53,38
PRA ,2018-12-27 10:44:55,38
PRA ,2018-12-27 11:44:52,38
PRA ,2018-12-27 12:44:52,38
PRA ,2018-12-27 13:44:51,38
PRA ,2018-12-27 14:44:54,38
PRA ,2018-12-27 15:44:52,39
PRA ,2018-12-27 16:44:52,39
PRA ,2018-12-27 17:44:56,39
PRA ,2018-12-27 18:44:58,39
PRA ,2018-12-27 19:44:57,39
PRA ,2018-12-27 20:44:55,39
PRA ,2018-12-27 21:44:55,39
PRA ,2018-12-27 22:45:02,39
PRA ,2018-12-27 23:45:04,39
PRA ,2018-12-28 00:45:02,39
PRA ,2018-12-28 01:44:58,39
PRA ,2018-12-28 02:44:59,39
PRA ,2018-12-28 03:44:54,39
PRA ,2018-12-28 04:44:56,39
PRA ,2018-12-28 05:44:53,39
PRA ,2018-12-28 06:45:03,39
PRA ,2018-12-28 07:45:01,39
PRA ,2018-12-28 08:44:57,39
PRA ,2018-12-28 09:44:57,39
PRA ,2018-12-28 10:44:53,39
PRA ,2018-12-28 11:44:54,39
PRA ,2018-12-28 12:44:52,39
PRA ,2018-12-28 13:44:53,39
PRA ,2018-12-28 14:44:55,39
PRA ,2018-12-28 16:10:30,39
PRA ,2018-12-28 16:44:54,39
PRA ,2018-12-28 17:44:59,39
PRA ,2018-12-28 18:44:57,39
PRA ,2018-12-28 19:44:53,39
PRA ,2018-12-28 20:44:57,39
PRA ,2018-12-28 21:44:57,39
PRA ,2018-12-28 22:44:52,39
PRA ,2018-12-28 23:44:55,39
PRA ,2018-12-29 00:44:54,39
PRA ,2018-12-29 01:44:52,39
PRA ,2018-12-29 02:44:54,39
PRA ,2018-12-29 03:44:52,39
PRA ,2018-12-29 04:44:53,39
PRA ,2018-12-29 05:44:53,39
PRA ,2018-12-29 06:44:51,39
PRA ,2018-12-29 07:45:01,39
PRA ,2018-12-29 08:44:58,39
PRA ,2018-12-29 09:44:55,39
PRA ,2018-12-29 10:44:53,39
PRA ,2018-12-29 11:44:54,39
PRA ,2018-12-29 12:44:52,39
PRA ,2018-12-29 13:44:54,39
PRA ,2018-12-29 14:44:51,39
PRA ,2018-12-29 15:44:52,39
PRA ,2018-12-29 16:44:55,39
PRA ,2018-12-29 17:44:52,39
PRA ,2018-12-29 18:44:57,39
PRA ,2018-12-29 19:44:58,39
PRA ,2018-12-29 20:44:53,39
PRA ,2018-12-29 21:44:59,39
PRA ,2018-12-29 22:44:53,39
PRA ,2018-12-29 23:44:59,39
PRA ,2018-12-30 00:44:53,39
PRA ,2018-12-30 01:44:55,39
PRA ,2018-12-30 02:44:51,39
PRA ,2018-12-30 03:44:54,39
PRA ,2018-12-30 04:44:52,39
PRA ,2018-12-30 05:44:52,39
PRA ,2018-12-30 06:44:51,39
PRA ,2018-12-30 07:44:51,39
PRA ,2018-12-30 08:44:51,39
PRA ,2018-12-30 09:44:51,39
PRA ,2018-12-30 10:44:51,39
PRA ,2018-12-30 11:44:52,39
PRA ,2018-12-30 12:44:52,39
PRA ,2018-12-30 13:44:52,39
PRA ,2018-12-30 14:44:51,39
PRA ,2018-12-30 15:44:51,39
PRA ,2018-12-30 16:44:51,39
PRA ,2018-12-30 17:44:52,39
PRA ,2018-12-30 18:44:51,39
PRA ,2018-12-30 19:44:52,39
PRA ,2018-12-30 20:44:52,39
PRA ,2018-12-30 21:44:53,39
PRA ,2018-12-30 22:44:56,39
PRA ,2018-12-30 23:44:54,39
PRA ,2018-12-31 00:44:53,39
PRA ,2018-12-31 01:44:52,39
PRA ,2018-12-31 02:44:51,39
PRA ,2018-12-31 03:44:55,39
PRA ,2018-12-31 04:44:54,39
PRA ,2018-12-31 05:44:56,39
PRA ,2018-12-31 06:44:52,39
PRA ,2018-12-31 07:44:52,39
PRA ,2018-12-31 08:44:52,39
PRA ,2018-12-31 09:44:55,39
PRA ,2018-12-31 10:44:54,39
PRA ,2018-12-31 11:44:52,39
PRA ,2018-12-31 12:44:51,39
PRA ,2018-12-31 13:44:51,39
PRA ,2018-12-31 14:44:57,39
PRA ,2018-12-31 15:44:52,39
PRA ,2018-12-31 16:44:54,39
PRA ,2018-12-31 17:44:55,38
PRA ,2018-12-31 18:44:54,38
PRA ,2018-12-31 19:44:56,38
PRA ,2018-12-31 20:44:56,38
PRA ,2018-12-31 21:44:55,38
PRA ,2018-12-31 22:44:55,38
PRA ,2018-12-31 23:44:52,38
PRA ,2019-01-01 00:44:53,38
PRA ,2019-01-01 01:44:56,38
PRA ,2019-01-01 02:44:54,38
PRA ,2019-01-01 03:44:53,38
PRA ,2019-01-01 04:44:54,38
PRA ,2019-01-01 05:44:53,38
PRA ,2019-01-01 06:44:53,38
PRA ,2019-01-01 07:44:52,38
PRA ,2019-01-01 08:44:53,38
PRA ,2019-01-01 09:44:51,38
PRA ,2019-01-01 10:44:52,38
PRA ,2019-01-01 11:44:52,38
PRA ,2019-01-01 12:44:52,38
PRA ,2019-01-01 13:44:53,38
PRA ,2019-01-01 14:44:53,38
PRA ,2019-01-01 15:44:53,38
PRA ,2019-01-01 16:44:53,38
PRA ,2019-01-01 17:44:53,38
PRA ,2019-01-01 18:44:52,38
PRA ,2019-01-01 19:44:52,38
PRA ,2019-01-01 20:44:52,38
PRA ,2019-01-01 21:44:53,38
PRA ,2019-01-01 22:44:56,38
PRA ,2019-01-01 23:44:52,38
PRA ,2019-01-02 00:44:53,38
PRA ,2019-01-02 01:44:52,38
PRA ,2019-01-02 02:44:55,38
PRA ,2019-01-02 03:44:53,38
PRA ,2019-01-02 04:44:53,38
PRA ,2019-01-02 05:44:56,38
PRA ,2019-01-02 06:44:53,38
PRA ,2019-01-02 07:44:54,38
PRA ,2019-01-02 08:44:53,38
PRA ,2019-01-02 09:44:53,38
PRA ,2019-01-02 10:44:56,38
PRA ,2019-01-02 11:44:52,38
PRA ,2019-01-02 12:44:52,38
PRA ,2019-01-02 13:44:51,38
PRA ,2019-01-02 15:10:01,38
PRA ,2019-01-02 15:44:55,38
PRA ,2019-01-02 16:44:52,38
PRA ,2019-01-02 17:44:52,38
PRA ,2019-01-02 18:44:56,38
PRA ,2019-01-02 19:44:57,38
PRA ,2019-01-02 20:44:55,38
PRA ,2019-01-02 21:44:52,38
PRA ,2019-01-02 22:44:54,38
PRA ,2019-01-02 23:44:58,38
PRA ,2019-01-03 00:44:55,38
PRA ,2019-01-03 01:44:52,38
PRA ,2019-01-03 02:44:54,38
PRA ,2019-01-03 03:44:53,38
PRA ,2019-01-03 05:44:56,38
PRA ,2019-01-03 06:44:53,38
PRA ,2019-01-03 07:44:54,38
PRA ,2019-01-03 08:44:53,38
PRA ,2019-01-03 09:44:53,38
PRA ,2019-01-03 10:44:53,38
PRA ,2019-01-03 11:44:53,38
PRA ,2019-01-03 12:44:53,38
PRA ,2019-01-03 13:44:51,38
PRA ,2019-01-03 14:44:58,38
PRA ,2019-01-03 15:44:58,38
PRA ,2019-01-03 16:44:58,38
PRA ,2019-01-03 17:45:00,38
PRA ,2019-01-03 18:44:56,38
PRA ,2019-01-03 19:44:57,38
PRA ,2019-01-03 20:44:54,38
PRA ,2019-01-03 21:44:56,38
PRA ,2019-01-03 22:44:59,38
PRA ,2019-01-03 23:44:53,38
PRA ,2019-01-04 00:44:56,38
PRA ,2019-01-04 01:44:55,38
PRA ,2019-01-04 02:44:59,38
PRA ,2019-01-04 03:44:54,38
PRA ,2019-01-04 04:44:53,38
PRA ,2019-01-04 05:44:56,38
PRA ,2019-01-04 06:44:57,38
PRA ,2019-01-04 07:44:53,38
PRA ,2019-01-04 08:44:55,38
PRA ,2019-01-04 09:44:56,38
PRA ,2019-01-04 10:44:53,38
PRA ,2019-01-04 11:44:54,38
PRA ,2019-01-04 12:44:53,38
PRA ,2019-01-04 13:44:53,38
PRA ,2019-01-04 15:09:47,38
PRA ,2019-01-04 15:44:58,38
PRA ,2019-01-04 16:44:55,38
PRA ,2019-01-04 17:44:54,38
PRA ,2019-01-04 18:44:57,38
PRA ,2019-01-04 19:44:57,38
PRA ,2019-01-04 20:44:56,38
PRA ,2019-01-04 21:44:56,38
PRA ,2019-01-04 22:44:52,38
PRA ,2019-01-04 23:44:55,38
PRA ,2019-01-05 00:44:58,38
PRA ,2019-01-05 01:44:54,38
PRA ,2019-01-05 02:44:56,38
PRA ,2019-01-05 03:44:53,38
PRA ,2019-01-05 04:44:54,38
PRA ,2019-01-05 05:44:53,38
PRA ,2019-01-05 06:44:52,38
PRA ,2019-01-05 07:44:53,38
PRA ,2019-01-05 08:44:56,38
PRA ,2019-01-05 09:44:56,38
PRA ,2019-01-05 10:44:53,38
PRA ,2019-01-05 11:44:52,38
PRA ,2019-01-05 12:44:52,38
PRA ,2019-01-05 13:44:53,38
PRA ,2019-01-05 14:44:52,38
PRA ,2019-01-05 15:44:52,38
PRA ,2019-01-05 16:44:52,38
PRA ,2019-01-05 17:44:53,38
PRA ,2019-01-05 18:44:53,38
PRA ,2019-01-05 19:44:59,38
PRA ,2019-01-05 20:44:54,38
PRA ,2019-01-05 21:44:55,38
PRA ,2019-01-05 22:44:53,38
PRA ,2019-01-05 23:44:52,38
PRA ,2019-01-06 00:44:53,38
PRA ,2019-01-06 01:44:53,38
PRA ,2019-01-06 02:44:52,38
PRA ,2019-01-06 03:44:53,38
PRA ,2019-01-06 04:44:53,38
PRA ,2019-01-06 05:44:53,38
PRA ,2019-01-06 06:44:52,38
PRA ,2019-01-06 07:44:54,38
PRA ,2019-01-06 08:44:51,38
PRA ,2019-01-06 09:44:51,38
PRA ,2019-01-06 10:44:52,38
PRA ,2019-01-06 11:44:52,38
PRA ,2019-01-06 12:44:53,38
PRA ,2019-01-06 13:44:52,38
PRA ,2019-01-06 14:44:52,38
PRA ,2019-01-06 15:44:53,38
PRA ,2019-01-06 16:44:52,38
PRA ,2019-01-06 17:44:53,38
PRA ,2019-01-06 18:44:52,38
PRA ,2019-01-06 19:44:52,38
PRA ,2019-01-06 20:44:52,38
PRA ,2019-01-06 21:44:52,38
PRA ,2019-01-06 22:44:52,38
PRA ,2019-01-06 23:44:53,38
PRA ,2019-01-07 00:44:52,38
PRA ,2019-01-07 01:44:52,38
PRA ,2019-01-07 02:44:55,38
PRA ,2019-01-07 03:44:54,38
PRA ,2019-01-07 04:44:53,38
PRA ,2019-01-07 05:44:52,38
PRA ,2019-01-07 06:44:53,38
PRA ,2019-01-07 07:44:52,38
PRA ,2019-01-07 08:44:52,38
PRA ,2019-01-07 09:44:54,38
PRA ,2019-01-07 10:44:56,38
PRA ,2019-01-07 11:44:54,38
PRA ,2019-01-07 12:44:54,38
PRA ,2019-01-07 14:10:25,38
PRA ,2019-01-07 14:44:55,38
PRA ,2019-01-07 15:44:57,38
PRA ,2019-01-07 16:44:58,38
PRA ,2019-01-07 17:44:58,38
PRA ,2019-01-07 18:44:56,38
PRA ,2019-01-07 19:44:53,38
PRA ,2019-01-07 20:44:58,38
PRA ,2019-01-07 21:44:56,38
PRA ,2019-01-07 22:44:54,38
PRA ,2019-01-07 23:44:59,38
PRA ,2019-01-08 00:44:51,38
PRA ,2019-01-08 01:44:54,38
PRA ,2019-01-08 02:44:57,38
PRA ,2019-01-08 03:44:55,38
PRA ,2019-01-08 04:44:54,38
PRA ,2019-01-08 05:44:54,38
PRA ,2019-01-08 06:44:53,38
PRA ,2019-01-08 07:44:53,38
PRA ,2019-01-08 08:44:54,38
PRA ,2019-01-08 09:44:53,38
PRA ,2019-01-08 10:44:55,38
PRA ,2019-01-08 11:44:55,38
PRA ,2019-01-08 12:44:54,38
PRA ,2019-01-08 13:44:56,38
PRA ,2019-01-08 14:44:59,38
PRA ,2019-01-08 15:44:57,38
PRA ,2019-01-08 16:44:55,38
PRA ,2019-01-08 17:44:54,38
PRA ,2019-01-08 18:44:55,38
PRA ,2019-01-08 19:44:54,38
PRA ,2019-01-08 20:44:52,38
PRA ,2019-01-08 21:44:55,38
PRA ,2019-01-08 22:44:53,38
PRA ,2019-01-08 23:44:56,38
PRA ,2019-01-09 00:44:56,38
PRA ,2019-01-09 01:44:54,38
PRA ,2019-01-09 02:45:47,38
PRA ,2019-01-09 04:44:57,38
PRA ,2019-01-09 05:44:57,38
PRA ,2019-01-09 06:44:54,38
PRA ,2019-01-09 07:45:01,38
PRA ,2019-01-09 08:45:00,38
PRA ,2019-01-09 09:44:54,38
PRA ,2019-01-09 10:44:55,38
PRA ,2019-01-09 11:44:53,38
PRA ,2019-01-09 12:44:52,38
PRA ,2019-01-09 14:10:26,38
PRA ,2019-01-09 14:44:59,38
PRA ,2019-01-09 15:44:56,38
PRA ,2019-01-09 16:44:58,38
PRA ,2019-01-09 17:44:55,39
PRA ,2019-01-09 18:44:56,39
PRA ,2019-01-09 19:44:56,39
PRA ,2019-01-09 20:45:01,39
PRA ,2019-01-09 21:44:56,39
PRA ,2019-01-09 22:44:55,39
PRA ,2019-01-09 23:44:54,39
PRA ,2019-01-10 00:44:52,39
PRA ,2019-01-10 01:44:52,39
PRA ,2019-01-10 02:44:53,39
PRA ,2019-01-10 03:44:52,39
PRA ,2019-01-10 04:44:52,39
PRA ,2019-01-10 05:44:53,39
PRA ,2019-01-10 06:44:51,39
PRA ,2019-01-10 07:44:54,39
PRA ,2019-01-10 08:44:53,39
PRA ,2019-01-10 09:44:52,39
PRA ,2019-01-10 10:44:52,39
PRA ,2019-01-10 11:44:51,39
PRA ,2019-01-10 12:44:51,39
PRA ,2019-01-10 13:44:53,39
PRA ,2019-01-10 15:09:31,39
PRA ,2019-01-10 15:44:57,39
PRA ,2019-01-10 16:44:56,39
PRA ,2019-01-10 17:44:55,39
PRA ,2019-01-10 18:44:53,39
PRA ,2019-01-10 19:44:53,39
PRA ,2019-01-10 20:44:57,39
PRA ,2019-01-10 21:44:56,39
PRA ,2019-01-10 22:44:53,39
PRA ,2019-01-10 23:44:54,39
PRA ,2019-01-11 00:44:54,39
PRA ,2019-01-11 01:44:53,39
PRA ,2019-01-11 02:44:55,39
PRA ,2019-01-11 03:44:54,39
PRA ,2019-01-11 04:44:54,39
PRA ,2019-01-11 05:44:55,39
PRA ,2019-01-11 06:44:52,39
PRA ,2019-01-11 07:44:58,39
PRA ,2019-01-11 08:44:54,39
PRA ,2019-01-11 09:44:54,39
PRA ,2019-01-11 10:44:53,39
PRA ,2019-01-11 11:44:53,39
PRA ,2019-01-11 12:44:54,39
PRA ,2019-01-11 13:44:53,39
PRA ,2019-01-11 14:44:58,39
PRA ,2019-01-11 15:44:58,39
PRA ,2019-01-11 16:44:53,39
PRA ,2019-01-11 17:44:54,39
PRA ,2019-01-11 18:44:53,39
PRA ,2019-01-11 19:44:58,39
PRA ,2019-01-11 20:44:56,39
PRA ,2019-01-11 21:44:52,39
PRA ,2019-01-11 22:44:54,39
PRA ,2019-01-11 23:44:52,39
PRA ,2019-01-12 00:44:53,39
PRA ,2019-01-12 01:44:56,39
PRA ,2019-01-12 02:44:52,39
PRA ,2019-01-12 03:44:54,39
PRA ,2019-01-12 04:44:51,39
PRA ,2019-01-12 05:44:51,39
PRA ,2019-01-12 06:44:53,39
PRA ,2019-01-12 07:44:50,39
PRA ,2019-01-12 08:44:51,39
PRA ,2019-01-12 09:44:52,39
PRA ,2019-01-12 10:44:52,39
PRA ,2019-01-12 11:44:51,39
PRA ,2019-01-12 12:44:51,39
PRA ,2019-01-12 13:44:51,39
PRA ,2019-01-12 14:44:52,39
PRA ,2019-01-12 15:44:51,39
PRA ,2019-01-12 16:44:54,39
PRA ,2019-01-12 17:44:53,39
PRA ,2019-01-12 18:44:50,39
PRA ,2019-01-12 19:44:55,39
PRA ,2019-01-12 20:44:53,39
PRA ,2019-01-12 21:44:52,39
PRA ,2019-01-12 22:44:52,39
PRA ,2019-01-12 23:44:58,39
PRA ,2019-01-13 00:44:52,39
PRA ,2019-01-13 01:44:51,39
PRA ,2019-01-13 02:44:52,39
PRA ,2019-01-13 03:44:52,39
PRA ,2019-01-13 04:44:54,39
PRA ,2019-01-13 05:44:53,39
PRA ,2019-01-13 06:44:52,39
PRA ,2019-01-13 07:44:52,39
PRA ,2019-01-13 08:44:51,39
PRA ,2019-01-13 09:44:54,39
PRA ,2019-01-13 10:45:00,39
PRA ,2019-01-13 11:44:56,39
PRA ,2019-01-13 12:44:52,39
PRA ,2019-01-13 13:44:52,39
PRA ,2019-01-13 14:44:51,39
PRA ,2019-01-13 15:44:53,39
PRA ,2019-01-13 16:44:52,39
PRA ,2019-01-13 17:44:52,39
PRA ,2019-01-13 18:44:52,39
PRA ,2019-01-13 19:44:52,39
PRA ,2019-01-13 20:44:54,39
PRA ,2019-01-13 21:44:52,39
PRA ,2019-01-13 22:44:53,39
PRA ,2019-01-13 23:44:52,39
PRA ,2019-01-14 00:44:52,39
PRA ,2019-01-14 01:44:53,39
PRA ,2019-01-14 02:44:52,39
PRA ,2019-01-14 03:44:52,39
PRA ,2019-01-14 04:44:53,39
PRA ,2019-01-14 05:44:53,39
PRA ,2019-01-14 06:44:51,39
PRA ,2019-01-14 07:44:51,39
PRA ,2019-01-14 08:44:52,39
PRA ,2019-01-14 09:44:52,39
PRA ,2019-01-14 10:44:53,39
PRA ,2019-01-14 11:44:52,39
PRA ,2019-01-14 12:44:52,39
PRA ,2019-01-14 13:44:53,39
PRA ,2019-01-14 14:44:54,39
PRA ,2019-01-14 15:44:56,39
PRA ,2019-01-14 16:44:54,39
PRA ,2019-01-14 17:44:52,39
PRA ,2019-01-14 18:44:54,39
PRA ,2019-01-14 19:44:56,39
PRA ,2019-01-14 20:44:52,39
PRA ,2019-01-14 21:44:53,39
PRA ,2019-01-14 22:44:52,39
PRA ,2019-01-14 23:44:52,39
PRA ,2019-01-15 00:44:52,39
PRA ,2019-01-15 01:44:51,39
PRA ,2019-01-15 02:44:52,39
PRA ,2019-01-15 03:44:52,39
PRA ,2019-01-15 04:44:57,39
PRA ,2019-01-15 05:44:51,39
PRA ,2019-01-15 06:44:51,39
PRA ,2019-01-15 07:44:51,39
PRA ,2019-01-15 08:44:51,39
PRA ,2019-01-15 09:44:51,39
PRA ,2019-01-15 10:44:51,39
PRA ,2019-01-15 11:44:51,39
PRA ,2019-01-15 12:44:52,39
PRA ,2019-01-15 13:44:51,39
PRA ,2019-01-15 14:44:58,39
PRA ,2019-01-15 15:44:54,39
PRA ,2019-01-15 16:44:56,39
PRA ,2019-01-15 17:44:52,39
PRA ,2019-01-15 18:44:53,39
PRA ,2019-01-15 19:44:52,39
PRA ,2019-01-15 20:44:54,39
PRA ,2019-01-15 21:44:53,39
PRA ,2019-01-15 22:44:54,39
PRA ,2019-01-15 23:44:55,39
PRA ,2019-01-16 00:44:52,39
PRA ,2019-01-16 01:45:01,39
PRA ,2019-01-16 02:44:53,39
PRA ,2019-01-16 03:44:51,39
PRA ,2019-01-16 04:44:52,39
PRA ,2019-01-16 05:44:51,39
PRA ,2019-01-16 06:44:51,39
PRA ,2019-01-16 07:44:51,39
PRA ,2019-01-16 08:44:50,39
PRA ,2019-01-16 09:44:51,39
PRA ,2019-01-16 10:44:51,39
PRA ,2019-01-16 11:44:50,39
PRA ,2019-01-16 12:44:50,39
PRA ,2019-01-16 14:11:27,39
PRA ,2019-01-16 15:10:27,39
PRA ,2019-01-16 15:44:55,39
PRA ,2019-01-16 16:44:53,39
PRA ,2019-01-16 17:44:52,39
PRA ,2019-01-16 18:44:58,39
PRA ,2019-01-16 19:44:54,39
PRA ,2019-01-16 20:44:52,39
PRA ,2019-01-16 21:44:53,39
PRA ,2019-01-16 22:44:52,39
PRA ,2019-01-16 23:44:51,39
PRA ,2019-01-17 00:44:52,39
PRA ,2019-01-17 01:44:53,39
PRA ,2019-01-17 02:44:56,39
PRA ,2019-01-17 03:44:53,39
PRA ,2019-01-17 04:44:54,39
PRA ,2019-01-17 05:44:52,39
PRA ,2019-01-17 06:44:52,39
PRA ,2019-01-17 07:44:52,39
PRA ,2019-01-17 08:44:51,39
PRA ,2019-01-17 09:44:53,39
PRA ,2019-01-17 10:44:53,39
PRA ,2019-01-17 11:44:53,39
PRA ,2019-01-17 12:44:52,39
PRA ,2019-01-17 13:44:51,39
PRA ,2019-01-17 15:10:59,40
PRA ,2019-01-17 15:44:56,40
PRA ,2019-01-17 16:44:52,40
PRA ,2019-01-17 17:44:52,40
PRA ,2019-01-17 18:44:53,40
PRA ,2019-01-17 19:44:56,40
PRA ,2019-01-17 20:44:55,40
PRA ,2019-01-17 21:44:52,40
PRA ,2019-01-17 22:44:52,40
PRA ,2019-01-17 23:44:51,40
PRA ,2019-01-18 00:44:53,40
PRA ,2019-01-18 01:44:53,40
PRA ,2019-01-18 02:44:52,40
PRA ,2019-01-18 03:44:56,40
PRA ,2019-01-18 04:44:53,40
PRA ,2019-01-18 05:44:52,40
PRA ,2019-01-18 06:44:52,40
PRA ,2019-01-18 07:44:52,40
PRA ,2019-01-18 08:44:51,40
PRA ,2019-01-18 09:44:53,40
PRA ,2019-01-18 10:44:52,40
PRA ,2019-01-18 11:44:51,40
PRA ,2019-01-18 12:44:53,40
PRA ,2019-01-18 13:44:52,40
PRA ,2019-01-18 14:44:57,40
PRA ,2019-01-18 15:44:57,41
PRA ,2019-01-18 16:44:55,41
PRA ,2019-01-18 17:44:55,41
PRA ,2019-01-18 18:44:54,41
PRA ,2019-01-18 19:44:52,41
PRA ,2019-01-18 20:44:55,41
PRA ,2019-01-18 21:44:53,41
PRA ,2019-01-18 22:44:52,41
PRA ,2019-01-18 23:44:52,41
PRA ,2019-01-19 00:44:52,41
PRA ,2019-01-19 01:44:53,41
PRA ,2019-01-19 02:44:53,41
PRA ,2019-01-19 03:44:52,41
PRA ,2019-01-19 04:44:53,41
PRA ,2019-01-19 05:44:52,41
PRA ,2019-01-19 06:44:52,41
PRA ,2019-01-19 07:44:51,41
PRA ,2019-01-19 08:44:52,41
PRA ,2019-01-19 09:44:52,41
PRA ,2019-01-19 10:44:53,41
PRA ,2019-01-19 11:44:51,41
PRA ,2019-01-19 12:44:50,41
PRA ,2019-01-19 13:44:52,41
PRA ,2019-01-19 14:44:51,41
PRA ,2019-01-19 15:44:54,41
PRA ,2019-01-19 16:44:52,41
PRA ,2019-01-19 17:44:52,41
PRA ,2019-01-19 18:44:51,41
PRA ,2019-01-19 19:44:51,41
PRA ,2019-01-19 20:44:51,41
PRA ,2019-01-19 21:44:52,41
PRA ,2019-01-19 22:44:52,41
PRA ,2019-01-19 23:44:53,41
PRA ,2019-01-20 00:44:53,41
PRA ,2019-01-20 01:44:51,41
PRA ,2019-01-20 02:44:53,41
PRA ,2019-01-20 03:44:52,41
PRA ,2019-01-20 04:44:55,41
PRA ,2019-01-20 05:44:52,41
PRA ,2019-01-20 06:44:52,41
PRA ,2019-01-20 07:44:52,41
PRA ,2019-01-20 08:44:52,41
PRA ,2019-01-20 09:44:52,41
PRA ,2019-01-20 10:44:51,41
PRA ,2019-01-20 11:44:52,41
PRA ,2019-01-20 12:44:52,41
PRA ,2019-01-20 13:44:52,41
PRA ,2019-01-20 14:44:52,41
PRA ,2019-01-20 15:44:52,41
PRA ,2019-01-20 16:44:53,41
PRA ,2019-01-20 17:44:52,41
PRA ,2019-01-20 18:44:52,41
PRA ,2019-01-20 19:44:52,41
PRA ,2019-01-20 20:44:52,41
PRA ,2019-01-20 21:44:52,41
PRA ,2019-01-20 22:44:52,41
PRA ,2019-01-20 23:44:53,41
PRA ,2019-01-21 00:44:52,41
PRA ,2019-01-21 01:44:52,41
PRA ,2019-01-21 02:44:53,41
PRA ,2019-01-21 03:44:52,41
PRA ,2019-01-21 04:44:53,41
PRA ,2019-01-21 05:44:52,41
PRA ,2019-01-21 06:44:51,41
PRA ,2019-01-21 07:44:51,41
PRA ,2019-01-21 08:44:52,41
PRA ,2019-01-21 09:44:53,41
PRA ,2019-01-21 10:44:52,41
PRA ,2019-01-21 11:44:51,41
PRA ,2019-01-21 12:44:52,41
PRA ,2019-01-21 13:44:51,41
PRA ,2019-01-21 14:44:51,41
PRA ,2019-01-21 15:44:51,41
PRA ,2019-01-21 16:44:51,41
PRA ,2019-01-21 17:44:51,41
PRA ,2019-01-21 18:44:51,41
PRA ,2019-01-21 19:44:51,41
PRA ,2019-01-21 20:44:52,41
PRA ,2019-01-21 21:44:51,41
PRA ,2019-01-21 22:44:52,41
PRA ,2019-01-21 23:44:51,41
PRA ,2019-01-22 00:44:52,41
PRA ,2019-01-22 01:44:50,41
PRA ,2019-01-22 02:44:52,41
PRA ,2019-01-22 03:44:52,41
PRA ,2019-01-22 04:44:55,41
PRA ,2019-01-22 05:44:54,41
PRA ,2019-01-22 06:44:51,41
PRA ,2019-01-22 07:44:51,41
PRA ,2019-01-22 08:44:52,41
PRA ,2019-01-22 09:44:51,41
PRA ,2019-01-22 10:44:51,41
PRA ,2019-01-22 11:44:51,41
PRA ,2019-01-22 12:44:51,41
PRA ,2019-01-22 13:44:51,41
PRA ,2019-01-22 14:44:52,41
PRA ,2019-01-22 15:44:52,41
PRA ,2019-01-22 16:44:52,41
PRA ,2019-01-22 17:44:52,41
PRA ,2019-01-22 18:44:52,41
PRA ,2019-01-22 19:44:54,41
PRA ,2019-01-22 20:44:53,41
PRA ,2019-01-22 21:44:54,41
PRA ,2019-01-22 22:44:51,41
PRA ,2019-01-22 23:44:52,41
PRA ,2019-01-23 00:44:52,41
PRA ,2019-01-23 01:44:52,41
PRA ,2019-01-23 02:44:51,41
PRA ,2019-01-23 03:44:53,41
PRA ,2019-01-23 04:44:52,41
PRA ,2019-01-23 05:44:52,41
PRA ,2019-01-23 06:44:54,41
PRA ,2019-01-23 07:44:53,41
PRA ,2019-01-23 08:44:53,41
PRA ,2019-01-23 09:44:55,41
PRA ,2019-01-23 10:44:53,41
PRA ,2019-01-23 11:44:51,41
PRA ,2019-01-23 12:44:51,41
PRA ,2019-01-23 13:44:52,41
PRA ,2019-01-23 15:08:55,41
PRA ,2019-01-23 15:44:52,41
PRA ,2019-01-23 16:44:51,41
PRA ,2019-01-23 17:44:52,41
PRA ,2019-01-23 18:44:52,41
PRA ,2019-01-23 19:44:52,41
PRA ,2019-01-23 20:44:51,41
PRA ,2019-01-23 21:44:52,41
PRA ,2019-01-23 22:44:51,41
PRA ,2019-01-23 23:44:52,41
PRA ,2019-01-30 08:16:57,41
PRA ,2019-01-30 08:22:59,41
PRA ,2019-01-30 08:49:51,41
PRA ,2019-01-30 08:49:56,41
PRA ,2019-01-30 09:49:45,41
PRA ,2019-01-30 09:49:57,41
PRA ,2019-01-30 10:49:49,41
PRA ,2019-01-30 10:49:53,41
PRA ,2019-01-30 11:49:46,41
PRA ,2019-01-30 11:49:58,41
PRA ,2019-01-30 12:49:51,41
PRA ,2019-01-30 12:49:56,41
PRA ,2019-01-30 13:49:48,41
PRA ,2019-01-30 13:49:52,41
PRA ,2019-01-30 14:49:46,41
PRA ,2019-01-30 14:49:58,41
PRA ,2019-01-30 15:49:52,41
PRA ,2019-01-30 15:49:57,41
PRA ,2019-01-30 16:49:49,41
PRA ,2019-01-30 16:49:53,41
PRA ,2019-01-30 17:49:51,41
PRA ,2019-01-30 17:49:57,41
PRA ,2019-01-30 18:49:49,41
PRA ,2019-01-30 18:49:57,41
PRA ,2019-01-30 19:49:55,41
PRA ,2019-01-30 19:49:59,41
PRA ,2019-01-30 20:46:02,41
PRA ,2019-01-30 21:49:51,41
PRA ,2019-01-30 21:49:55,41
PRA ,2019-01-30 22:49:51,41
PRA ,2019-01-30 22:49:55,41
PRA ,2019-01-30 23:49:54,41
PRA ,2019-01-30 23:49:58,41
PRA ,2019-01-31 00:49:54,41
PRA ,2019-01-31 00:49:59,41
PRA ,2019-01-31 01:49:50,41
PRA ,2019-01-31 01:49:54,41
PRA ,2019-01-31 02:49:52,41
PRA ,2019-01-31 02:49:56,41
PRA ,2019-01-31 03:49:55,41
PRA ,2019-01-31 03:49:56,41
PRA ,2019-01-31 04:49:49,41
PRA ,2019-01-31 04:49:54,41
PRA ,2019-01-31 05:49:55,41
PRA ,2019-01-31 05:49:56,41
PRA ,2019-01-31 06:49:52,41
PRA ,2019-01-31 06:49:56,41
PRA ,2019-01-31 08:18:24,41
PRA ,2019-01-31 08:44:59,41
PRA ,2019-01-31 10:08:32,41
PRA ,2019-01-31 10:44:59,41
PRA ,2019-01-31 11:44:58,41
PRA ,2019-01-31 12:44:57,41
PRA ,2019-01-31 13:44:59,41
PRA ,2019-01-31 15:45:00,41
PRA ,2019-01-31 16:45:04,41
PRA ,2019-01-31 17:45:01,41
PRA ,2019-01-31 18:45:01,41
PRA ,2019-01-31 19:45:03,41
PRA ,2019-01-31 20:45:01,40
PRA ,2019-01-31 21:45:00,40
PRA ,2019-01-31 22:44:58,40
PRA ,2019-01-31 23:44:57,40
PRA ,2019-02-01 00:44:58,40
PRA ,2019-02-01 01:45:00,40
PRA ,2019-02-01 02:45:02,40
PRA ,2019-02-01 03:45:01,40
PRA ,2019-02-01 04:44:59,40
PRA ,2019-02-01 05:44:59,40
PRA ,2019-02-01 06:44:59,40
PRA ,2019-02-01 07:45:01,40
PRA ,2019-02-01 08:44:59,40
PRA ,2019-02-01 09:44:59,40
PRA ,2019-02-01 10:44:59,40
PRA ,2019-02-01 11:44:59,40
PRA ,2019-02-01 12:44:58,40
PRA ,2019-02-01 13:45:00,40
PRA ,2019-02-01 14:45:01,40
PRA ,2019-02-01 15:45:00,40
PRA ,2019-02-01 16:45:01,40
PRA ,2019-02-01 17:44:59,40
PRA ,2019-02-01 18:45:06,40
PRA ,2019-02-01 19:45:03,40
PRA ,2019-02-01 20:44:59,40
PRA ,2019-02-01 21:45:03,40
PRA ,2019-02-01 22:45:02,40
PRA ,2019-02-02 00:10:04,40
PRA ,2019-02-02 00:45:00,40
PRA ,2019-02-02 01:45:00,40
PRA ,2019-02-02 02:45:00,40
PRA ,2019-02-02 03:44:59,40
PRA ,2019-02-02 04:44:59,40
PRA ,2019-02-02 05:44:59,40
PRA ,2019-02-02 06:44:59,40
PRA ,2019-02-02 07:44:59,40
PRA ,2019-02-02 08:44:58,40
PRA ,2019-02-02 09:44:58,40
PRA ,2019-02-02 10:44:58,40
PRA ,2019-02-02 11:44:58,40
PRA ,2019-02-02 12:44:59,40
PRA ,2019-02-02 13:45:00,40
PRA ,2019-02-02 14:45:00,40
PRA ,2019-02-02 15:44:59,40
PRA ,2019-02-02 16:45:05,40
PRA ,2019-02-02 17:45:02,40
PRA ,2019-02-02 18:45:01,40
PRA ,2019-02-02 19:44:59,40
PRA ,2019-02-02 20:45:01,40
PRA ,2019-02-02 21:44:59,40
PRA ,2019-02-02 22:45:00,40
PRA ,2019-02-02 23:45:00,40
PRA ,2019-02-03 00:45:00,40
PRA ,2019-02-03 01:45:00,40
PRA ,2019-02-03 02:45:01,40
PRA ,2019-02-03 03:45:01,40
PRA ,2019-02-03 04:45:00,40
PRA ,2019-02-03 05:44:57,40
PRA ,2019-02-03 06:44:59,40
PRA ,2019-02-03 07:44:59,40
PRA ,2019-02-03 08:44:58,40
PRA ,2019-02-03 09:44:59,40
PRA ,2019-02-03 10:44:57,40
PRA ,2019-02-03 11:45:00,40
PRA ,2019-02-03 12:45:00,40
PRA ,2019-02-03 13:45:00,40
PRA ,2019-02-03 14:45:01,40
PRA ,2019-02-03 15:44:58,40
PRA ,2019-02-03 16:45:00,40
PRA ,2019-02-03 17:45:00,40
PRA ,2019-02-03 18:45:03,40
PRA ,2019-02-03 19:44:58,40
PRA ,2019-02-03 20:45:00,40
PRA ,2019-02-03 21:45:03,40
PRA ,2019-02-03 22:45:03,40
PRA ,2019-02-03 23:45:02,40
PRA ,2019-02-04 00:45:01,40
PRA ,2019-02-04 01:44:59,40
PRA ,2019-02-04 02:45:02,40
PRA ,2019-02-04 03:45:01,40
PRA ,2019-02-04 04:45:01,40
PRA ,2019-02-04 05:44:58,40
PRA ,2019-02-04 06:44:59,40
PRA ,2019-02-04 07:44:58,40
PRA ,2019-02-04 08:44:58,40
PRA ,2019-02-04 09:44:59,40
PRA ,2019-02-04 10:45:00,40
PRA ,2019-02-04 11:45:00,40
PRA ,2019-02-04 12:44:57,40
PRA ,2019-02-04 13:44:59,40
PRA ,2019-02-04 14:45:01,40
PRA ,2019-02-04 15:45:02,40
PRA ,2019-02-04 16:45:00,40
PRA ,2019-02-04 17:45:00,40
PRA ,2019-02-04 18:45:02,40
PRA ,2019-02-04 19:44:59,40
PRA ,2019-02-04 20:45:03,40
PRA ,2019-02-04 21:45:02,40
PRA ,2019-02-04 22:45:01,40
PRA ,2019-02-04 23:45:01,40
PRA ,2019-02-05 00:45:01,40
PRA ,2019-02-05 01:45:05,40
PRA ,2019-02-05 02:45:02,40
PRA ,2019-02-05 03:45:02,40
PRA ,2019-02-05 04:45:18,40
PRA ,2019-02-05 05:45:01,40
PRA ,2019-02-05 06:45:01,40
PRA ,2019-02-05 07:45:00,40
PRA ,2019-02-05 08:45:03,40
PRA ,2019-02-05 09:45:00,40
PRA ,2019-02-05 10:45:01,40
PRA ,2019-02-05 11:44:59,40
PRA ,2019-02-05 12:44:59,40
PRA ,2019-02-05 13:45:00,40
PRA ,2019-02-05 14:45:02,40
PRA ,2019-02-05 15:45:00,42
PRA ,2019-02-05 16:45:04,44
PRA ,2019-02-05 17:45:02,49
PRA ,2019-02-05 18:45:06,48
PRA ,2019-02-05 19:45:04,49
PRA ,2019-02-05 20:45:02,49
PRA ,2019-02-05 21:45:01,49
PRA ,2019-02-05 22:45:03,49
PRA ,2019-02-05 23:45:06,49
PRA ,2019-02-06 00:45:02,49
PRA ,2019-02-06 01:45:01,49
PRA ,2019-02-06 02:45:01,49
PRA ,2019-02-06 03:45:03,49
PRA ,2019-02-06 04:45:01,49
PRA ,2019-02-06 05:45:01,49
PRA ,2019-02-06 06:45:05,49
PRA ,2019-02-06 07:45:03,49
PRA ,2019-02-06 08:44:56,49
PRA ,2019-02-06 09:44:56,49
PRA ,2019-02-07 02:45:10,47
PRA ,2019-02-07 03:45:00,47
PRA ,2019-02-07 04:45:00,47
PRA ,2019-02-07 05:45:00,47
PRA ,2019-02-07 06:44:58,47
PRA ,2019-02-07 07:44:58,47
PRA ,2019-02-07 08:44:59,47
PRA ,2019-02-07 09:44:59,47
PRA ,2019-02-07 10:45:03,47
PRA ,2019-02-07 11:45:04,47
PRA ,2019-02-07 12:45:02,47
PRA ,2019-02-07 13:45:03,47
PRA ,2019-02-07 15:08:34,46
PRA ,2019-02-07 15:45:04,46
PRA ,2019-02-07 16:45:06,45
PRA ,2019-02-07 17:45:02,45
PRA ,2019-02-07 18:45:08,44
PRA ,2019-02-07 19:45:07,43
PRA ,2019-02-07 20:45:04,43
PRA ,2019-02-07 21:45:03,43
PRA ,2019-02-07 22:45:02,43
PRA ,2019-02-07 23:45:03,43
PRA ,2019-02-08 00:45:33,43
PRA ,2019-02-08 01:45:02,43
PRA ,2019-02-08 02:45:03,43
PRA ,2019-02-08 03:45:08,43
PRA ,2019-02-08 04:45:02,43
PRA ,2019-02-08 05:45:02,43
PRA ,2019-02-08 06:45:00,43
PRA ,2019-02-08 07:45:00,43
PRA ,2019-02-08 08:45:00,43
PRA ,2019-02-08 09:45:03,43
PRA ,2019-02-08 10:45:02,43
PRA ,2019-02-08 11:45:03,43
PRA ,2019-02-08 12:45:04,43
PRA ,2019-02-08 13:45:03,43
PRA ,2019-02-08 15:09:36,43
PRA ,2019-02-08 15:45:00,43
PRA ,2019-02-08 16:45:02,43
PRA ,2019-02-08 17:45:06,43
PRA ,2019-02-08 18:45:07,42
PRA ,2019-02-08 19:45:08,42
PRA ,2019-02-08 20:45:06,42
PRA ,2019-02-08 21:45:04,42
PRA ,2019-02-08 22:45:02,42
PRA ,2019-02-08 23:45:02,42
PRA ,2019-02-09 00:45:03,42
PRA ,2019-02-09 01:45:01,42
PRA ,2019-02-09 02:45:02,42
PRA ,2019-02-09 03:45:01,42
PRA ,2019-02-09 04:45:05,42
PRA ,2019-02-09 05:45:03,42
PRA ,2019-02-09 06:45:03,42
PRA ,2019-02-09 07:45:02,42
PRA ,2019-02-09 08:45:00,42
PRA ,2019-02-09 09:45:01,42
PRA ,2019-02-09 10:45:02,42
PRA ,2019-02-09 11:45:00,42
PRA ,2019-02-09 12:45:04,42
PRA ,2019-02-09 13:45:02,42
PRA ,2019-02-09 14:45:03,42
PRA ,2019-02-09 15:45:05,42
PRA ,2019-02-09 16:45:04,42
PRA ,2019-02-09 17:45:05,42
PRA ,2019-02-09 18:45:03,42
PRA ,2019-02-09 19:45:04,42
PRA ,2019-02-09 20:45:03,42
PRA ,2019-02-09 21:45:05,42
PRA ,2019-02-09 22:45:03,42
PRA ,2019-02-09 23:45:04,42
PRA ,2019-02-10 00:45:02,42
PRA ,2019-02-10 01:45:04,42
PRA ,2019-02-10 02:45:04,42
PRA ,2019-02-10 03:45:02,42
PRA ,2019-02-10 04:45:08,42
PRA ,2019-02-10 05:45:08,42
PRA ,2019-02-10 06:45:06,42
PRA ,2019-02-10 07:45:02,42
PRA ,2019-02-10 08:45:02,42
PRA ,2019-02-10 09:45:02,42
PRA ,2019-02-10 10:45:01,42
PRA ,2019-02-10 11:45:01,42
PRA ,2019-02-10 12:45:02,42
PRA ,2019-02-10 13:45:03,42
PRA ,2019-02-10 14:45:04,42
PRA ,2019-02-10 15:45:07,42
PRA ,2019-02-10 16:45:07,42
PRA ,2019-02-10 17:45:04,42
PRA ,2019-02-10 18:45:04,42
PRA ,2019-02-10 19:45:06,42
PRA ,2019-02-10 20:45:05,42
PRA ,2019-02-10 21:45:03,42
PRA ,2019-02-10 22:45:05,42
PRA ,2019-02-10 23:45:07,42
PRA ,2019-02-11 00:45:06,42
PRA ,2019-02-11 01:45:05,42
PRA ,2019-02-11 02:45:09,42
PRA ,2019-02-11 03:45:07,42
PRA ,2019-02-11 04:45:09,42
PRA ,2019-02-11 05:45:06,42
PRA ,2019-02-11 06:45:06,42
PRA ,2019-02-11 07:45:03,42
PRA ,2019-02-11 08:45:03,42
PRA ,2019-02-11 09:45:02,42
PRA ,2019-02-11 10:45:06,42
PRA ,2019-02-11 11:45:01,42
PRA ,2019-02-11 12:45:02,42
PRA ,2019-02-11 13:45:03,42
PRA ,2019-02-11 14:45:03,42
PRA ,2019-02-11 15:45:03,42
PRA ,2019-02-11 16:45:05,42
PRA ,2019-02-11 17:45:05,42
PRA ,2019-02-11 18:45:05,42
PRA ,2019-02-11 19:45:04,42
PRA ,2019-02-11 20:45:04,42
PRA ,2019-02-11 21:45:02,42
PRA ,2019-02-11 22:45:02,42
PRA ,2019-02-11 23:45:04,42
PRA ,2019-02-12 00:45:03,42
PRA ,2019-02-12 01:45:01,42
PRA ,2019-02-12 02:45:08,42
PRA ,2019-02-12 03:45:03,42
PRA ,2019-02-12 04:45:05,42
PRA ,2019-02-12 05:45:04,42
PRA ,2019-02-12 06:45:04,42
PRA ,2019-02-12 07:45:04,42
PRA ,2019-02-12 08:45:03,42
PRA ,2019-02-12 09:45:05,42
PRA ,2019-02-12 10:45:05,42
PRA ,2019-02-12 11:45:06,42
PRA ,2019-02-12 12:45:04,42
PRA ,2019-02-12 13:45:05,42
PRA ,2019-02-12 14:45:04,42
PRA ,2019-02-12 15:45:09,42
PRA ,2019-02-12 16:45:04,42
PRA ,2019-02-12 17:45:04,42
PRA ,2019-02-12 18:45:04,42
PRA ,2019-02-12 19:45:05,42
PRA ,2019-02-12 20:45:04,42
PRA ,2019-02-12 21:45:05,42
PRA ,2019-02-12 22:45:05,42
PRA ,2019-02-12 23:45:04,42
PRA ,2019-02-13 00:45:06,42
PRA ,2019-02-13 01:45:07,42
PRA ,2019-02-13 02:45:05,42
PRA ,2019-02-13 03:45:05,42
PRA ,2019-02-13 04:45:06,42
PRA ,2019-02-13 05:45:06,42
PRA ,2019-02-13 06:45:05,42
PRA ,2019-02-13 07:45:04,42
PRA ,2019-02-13 08:45:03,42
PRA ,2019-02-13 09:45:03,42
PRA ,2019-02-13 10:45:04,42
PRA ,2019-02-13 11:45:03,42
PRA ,2019-02-13 12:45:06,42
PRA ,2019-02-13 13:45:03,42
PRA ,2019-02-13 14:45:03,42
PRA ,2019-02-13 15:45:05,42
PRA ,2019-02-13 16:45:02,42
PRA ,2019-02-13 17:45:06,42
PRA ,2019-02-13 18:45:02,42
PRA ,2019-02-13 19:45:02,42
PRA ,2019-02-13 20:45:03,41
PRA ,2019-02-13 21:45:02,41
PRA ,2019-02-13 22:45:07,41
PRA ,2019-02-13 23:45:05,41
PRA ,2019-02-14 00:45:03,41
PRA ,2019-02-14 01:45:06,41
PRA ,2019-02-14 02:45:06,41
PRA ,2019-02-14 03:45:08,41
PRA ,2019-02-14 04:45:04,41
PRA ,2019-02-14 05:45:08,41
PRA ,2019-02-14 06:45:03,41
PRA ,2019-02-14 07:45:04,41
PRA ,2019-02-14 08:45:02,41
PRA ,2019-02-14 09:45:01,41
PRA ,2019-02-14 10:45:03,41
PRA ,2019-02-14 11:45:05,41
PRA ,2019-02-14 12:45:03,41
PRA ,2019-02-14 13:45:04,41
PRA ,2019-02-14 14:45:05,41
PRA ,2019-02-14 15:45:06,41
PRA ,2019-02-14 16:45:01,41
PRA ,2019-02-14 17:45:04,41
PRA ,2019-02-14 18:45:05,40
PRA ,2019-02-14 19:45:04,40
PRA ,2019-02-14 20:45:06,40
PRA ,2019-02-14 21:45:04,40
PRA ,2019-02-14 22:45:07,40
PRA ,2019-02-15 00:45:07,40
PRA ,2019-02-15 01:45:08,40
PRA ,2019-02-15 02:45:09,40
PRA ,2019-02-15 03:45:11,40
PRA ,2019-02-15 04:45:11,40
PRA ,2019-02-15 05:45:05,40
PRA ,2019-02-15 06:45:02,40
PRA ,2019-02-15 07:45:06,40
PRA ,2019-02-15 08:45:03,40
PRA ,2019-02-15 09:45:05,40
PRA ,2019-02-15 10:45:05,40
PRA ,2019-02-15 11:45:06,40
PRA ,2019-02-15 12:45:04,40
PRA ,2019-02-15 14:10:08,40
PRA ,2019-02-15 14:45:07,40
PRA ,2019-02-15 15:45:17,40
PRA ,2019-02-15 16:45:10,39
PRA ,2019-02-15 17:45:05,39
PRA ,2019-02-15 18:45:11,39
PRA ,2019-02-15 19:45:09,40
PRA ,2019-02-15 20:45:05,40
PRA ,2019-02-15 21:45:07,40
PRA ,2019-02-15 22:45:08,40
PRA ,2019-02-15 23:45:08,40
PRA ,2019-02-16 00:45:10,40
PRA ,2019-02-16 01:45:15,40
PRA ,2019-02-16 02:45:13,40
PRA ,2019-02-16 03:45:11,40
PRA ,2019-02-16 04:45:05,40
PRA ,2019-02-16 05:45:08,40
PRA ,2019-02-16 06:45:05,40
PRA ,2019-02-16 07:45:04,40
PRA ,2019-02-16 08:45:05,40
PRA ,2019-02-16 09:45:08,40
PRA ,2019-02-16 10:45:06,40
PRA ,2019-02-16 11:45:05,40
PRA ,2019-02-16 12:45:06,40
PRA ,2019-02-16 13:45:11,40
PRA ,2019-02-16 14:45:07,40
PRA ,2019-02-16 15:45:14,40
PRA ,2019-02-16 16:45:04,40
PRA ,2019-02-16 17:45:05,40
PRA ,2019-02-16 18:45:05,40
PRA ,2019-02-16 19:45:04,40
PRA ,2019-02-16 20:45:07,40
PRA ,2019-02-16 21:45:06,40
PRA ,2019-02-16 22:45:05,40
PRA ,2019-02-16 23:45:04,40
PRA ,2019-02-17 00:45:06,40
PRA ,2019-02-17 01:45:04,40
PRA ,2019-02-17 02:45:02,40
PRA ,2019-02-17 03:45:09,40
PRA ,2019-02-17 04:45:04,40
PRA ,2019-02-17 05:45:06,40
PRA ,2019-02-17 06:45:04,40
PRA ,2019-02-17 07:45:05,40
PRA ,2019-02-17 08:45:04,40
PRA ,2019-02-17 09:45:01,40
PRA ,2019-02-17 10:45:04,40
PRA ,2019-02-17 11:45:03,40
PRA ,2019-02-17 12:45:00,40
PRA ,2019-02-17 13:45:05,40
PRA ,2019-02-17 14:45:03,40
PRA ,2019-02-17 15:45:08,40
PRA ,2019-02-17 16:45:04,40
PRA ,2019-02-17 17:45:05,40
PRA ,2019-02-17 18:45:05,40
PRA ,2019-02-17 19:45:06,40
PRA ,2019-02-17 20:45:07,40
PRA ,2019-02-17 21:45:03,40
PRA ,2019-02-17 22:45:04,40
PRA ,2019-02-17 23:45:04,40
PRA ,2019-02-18 00:45:04,40
PRA ,2019-02-18 01:45:06,40
PRA ,2019-02-18 02:45:08,40
PRA ,2019-02-18 03:45:07,40
PRA ,2019-02-18 04:45:03,40
PRA ,2019-02-18 05:45:04,40
PRA ,2019-02-18 06:45:02,40
PRA ,2019-02-18 07:45:04,40
PRA ,2019-02-18 08:45:03,40
PRA ,2019-02-18 09:45:05,40
PRA ,2019-02-18 10:45:02,40
PRA ,2019-02-18 11:45:02,40
PRA ,2019-02-18 12:45:03,40
PRA ,2019-02-18 13:45:07,40
PRA ,2019-02-18 14:45:05,40
PRA ,2019-02-18 15:45:07,40
PRA ,2019-02-18 16:45:06,40
PRA ,2019-02-18 17:45:07,40
PRA ,2019-02-18 18:45:05,40
PRA ,2019-02-18 19:45:05,40
PRA ,2019-02-18 20:45:08,40
PRA ,2019-02-18 21:45:04,40
PRA ,2019-02-18 22:45:03,40
PRA ,2019-02-18 23:45:04,40
PRA ,2019-02-19 00:45:04,40
PRA ,2019-02-19 01:45:07,40
PRA ,2019-02-19 02:45:05,40
PRA ,2019-02-19 03:45:05,40
PRA ,2019-02-19 04:45:05,40
PRA ,2019-02-19 05:45:04,40
PRA ,2019-02-19 06:45:03,40
PRA ,2019-02-19 07:45:02,40
PRA ,2019-02-19 08:45:03,40
PRA ,2019-02-19 09:45:00,40
PRA ,2019-02-19 10:45:00,40
PRA ,2019-02-19 11:44:58,40
PRA ,2019-02-19 12:44:59,40
PRA ,2019-02-19 14:09:35,40
PRA ,2019-02-19 14:45:04,40
PRA ,2019-02-19 15:45:07,40
PRA ,2019-02-19 16:45:06,40
PRA ,2019-02-19 17:45:07,39
PRA ,2019-02-19 18:45:11,39
PRA ,2019-02-19 19:45:08,39
PRA ,2019-02-19 20:45:11,39
PRA ,2019-02-19 21:45:09,39
PRA ,2019-02-19 22:45:10,39
PRA ,2019-02-19 23:45:08,39
PRA ,2019-02-20 00:45:16,39
PRA ,2019-02-20 01:45:10,39
PRA ,2019-02-20 02:45:10,39
PRA ,2019-02-20 03:45:17,39
PRA ,2019-02-20 04:45:11,39
PRA ,2019-02-20 05:45:07,39
PRA ,2019-02-20 06:45:07,39
PRA ,2019-02-20 07:45:04,39
PRA ,2019-02-20 08:45:08,39
PRA ,2019-02-20 09:45:07,39
PRA ,2019-02-20 10:45:05,39
PRA ,2019-02-20 11:45:08,39
PRA ,2019-02-20 12:45:07,39
PRA ,2019-02-20 13:45:07,39
PRA ,2019-02-20 14:45:10,39
PRA ,2019-02-20 15:45:11,39
PRA ,2019-02-20 16:45:09,39
PRA ,2019-02-20 17:45:09,39
PRA ,2019-02-20 18:45:09,39
PRA ,2019-02-20 19:45:11,39
PRA ,2019-02-20 20:45:12,39
PRA ,2019-02-20 21:45:10,39
PRA ,2019-02-20 22:45:11,39
PRA ,2019-02-20 23:45:06,39
PRA ,2019-02-21 00:45:08,39
PRA ,2019-02-21 01:45:10,39
PRA ,2019-02-21 02:45:13,39
PRA ,2019-02-21 03:45:10,39
PRA ,2019-02-21 04:45:08,39
PRA ,2019-02-21 05:45:08,39
PRA ,2019-02-21 06:45:05,39
PRA ,2019-02-21 07:45:05,39
PRA ,2019-02-21 08:45:02,39
PRA ,2019-02-21 09:45:04,39
PRA ,2019-02-21 10:45:04,39
PRA ,2019-02-21 11:45:05,39
PRA ,2019-02-21 12:45:03,39
PRA ,2019-02-21 13:45:04,39
PRA ,2019-02-21 14:45:07,39
PRA ,2019-02-21 15:45:11,39
PRA ,2019-02-21 17:09:07,40
PRA ,2019-02-21 17:45:04,40
PRA ,2019-02-21 18:45:04,40
PRA ,2019-02-21 19:45:06,40
PRA ,2019-02-21 20:45:09,40
PRA ,2019-02-21 21:45:04,41
PRA ,2019-02-21 22:45:05,41
PRA ,2019-02-21 23:45:05,41
PRA ,2019-02-22 00:45:06,41
PRA ,2019-02-22 01:45:09,41
PRA ,2019-02-22 02:45:07,41
PRA ,2019-02-22 03:45:08,41
PRA ,2019-02-22 04:45:07,41
PRA ,2019-02-22 05:45:05,41
PRA ,2019-02-22 06:45:05,41
PRA ,2019-02-22 07:45:09,41
PRA ,2019-02-22 08:45:09,41
PRA ,2019-02-22 09:45:07,41
PRA ,2019-02-22 10:45:05,41
PRA ,2019-02-22 11:45:06,41
PRA ,2019-02-22 12:45:05,41
PRA ,2019-02-22 13:45:03,41
PRA ,2019-02-22 14:45:08,41
PRA ,2019-02-22 15:45:08,40
PRA ,2019-02-22 16:45:07,40
PRA ,2019-02-22 17:45:06,40
PRA ,2019-02-22 18:45:08,39
PRA ,2019-02-22 19:45:06,39
PRA ,2019-02-22 20:45:04,39
PRA ,2019-02-22 21:45:10,40
PRA ,2019-02-22 22:45:05,40
PRA ,2019-02-22 23:45:09,40
PRA ,2019-02-23 00:45:03,40
PRA ,2019-02-23 01:45:08,40
PRA ,2019-02-23 02:45:11,40
PRA ,2019-02-23 03:45:11,40
PRA ,2019-02-23 04:45:09,40
PRA ,2019-02-23 05:45:08,40
PRA ,2019-02-23 06:45:04,40
PRA ,2019-02-23 07:45:05,40
PRA ,2019-02-23 08:45:06,40
PRA ,2019-02-23 09:45:05,40
PRA ,2019-02-23 10:45:05,40
PRA ,2019-02-23 11:45:06,40
PRA ,2019-02-23 12:45:05,40
PRA ,2019-02-23 13:45:04,40
PRA ,2019-02-23 14:45:06,40
PRA ,2019-02-23 15:45:06,40
PRA ,2019-02-23 16:45:04,40
PRA ,2019-02-23 17:45:05,40
PRA ,2019-02-23 18:45:07,40
PRA ,2019-02-23 19:45:06,40
PRA ,2019-02-23 20:45:06,40
PRA ,2019-02-23 21:45:08,40
PRA ,2019-02-23 22:45:04,40
PRA ,2019-02-23 23:45:06,40
PRA ,2019-02-24 00:45:07,40
PRA ,2019-02-24 01:45:06,40
PRA ,2019-02-24 02:45:07,40
PRA ,2019-02-24 03:45:07,40
PRA ,2019-02-24 04:45:06,40
PRA ,2019-02-24 05:45:08,40
PRA ,2019-02-24 06:45:06,40
PRA ,2019-02-24 07:45:06,40
PRA ,2019-02-24 08:45:05,40
PRA ,2019-02-24 09:45:05,40
PRA ,2019-02-24 10:45:03,40
PRA ,2019-02-24 11:45:04,40
PRA ,2019-02-24 12:45:04,40
PRA ,2019-02-24 13:45:04,40
PRA ,2019-02-24 14:45:04,40
PRA ,2019-02-24 15:45:06,40
PRA ,2019-02-24 16:45:05,40
PRA ,2019-02-24 17:45:09,40
PRA ,2019-02-24 18:45:07,40
PRA ,2019-02-24 19:45:07,40
PRA ,2019-02-24 20:45:04,40
PRA ,2019-02-24 21:45:04,40
PRA ,2019-02-24 22:45:06,40
PRA ,2019-02-24 23:45:06,40
PRA ,2019-02-25 00:45:07,40
PRA ,2019-02-25 01:45:05,40
PRA ,2019-02-25 02:45:06,40
PRA ,2019-02-25 03:45:08,40
PRA ,2019-02-25 04:45:06,40
PRA ,2019-02-25 05:45:03,40
PRA ,2019-02-25 06:45:02,40
PRA ,2019-02-25 07:45:04,40
PRA ,2019-02-25 08:45:04,40
PRA ,2019-02-25 09:45:05,40
PRA ,2019-02-25 10:45:02,40
PRA ,2019-02-25 11:45:05,40
PRA ,2019-02-25 12:45:03,40
PRA ,2019-02-25 14:10:09,40
PRA ,2019-02-25 14:45:06,40
PRA ,2019-02-25 15:45:08,40
PRA ,2019-02-25 16:45:07,40
PRA ,2019-02-25 17:45:08,40
PRA ,2019-02-25 18:45:10,41
PRA ,2019-02-25 19:45:05,41
PRA ,2019-02-25 20:45:07,41
PRA ,2019-02-25 21:45:07,43
PRA ,2019-02-25 22:45:05,43
PRA ,2019-02-25 23:45:07,43
PRA ,2019-02-26 00:45:08,43
PRA ,2019-02-26 01:45:06,43
PRA ,2019-02-26 02:45:10,43
PRA ,2019-02-26 03:45:11,43
PRA ,2019-02-26 04:45:10,43
PRA ,2019-02-26 05:45:06,43
PRA ,2019-02-26 06:45:10,43
PRA ,2019-02-26 07:45:09,43
PRA ,2019-02-26 08:45:07,43
PRA ,2019-02-26 09:45:06,43
PRA ,2019-02-26 10:45:03,43
PRA ,2019-02-26 11:45:06,43
PRA ,2019-02-26 12:45:04,43
PRA ,2019-02-26 13:45:06,43
PRA ,2019-02-26 14:45:08,43
PRA ,2019-02-26 15:45:12,43
PRA ,2019-02-26 16:45:08,43
PRA ,2019-02-26 17:45:08,43
PRA ,2019-02-26 18:45:05,43
PRA ,2019-02-26 19:45:13,43
PRA ,2019-02-26 20:45:08,43
PRA ,2019-02-26 21:45:06,43
PRA ,2019-02-26 22:45:10,43
PRA ,2019-02-26 23:45:09,43
PRA ,2019-02-27 00:45:12,43
PRA ,2019-02-27 01:45:12,43
PRA ,2019-02-27 03:45:39,43
PRA ,2019-02-27 04:45:11,43
PRA ,2019-02-27 05:45:08,43
PRA ,2019-02-27 06:45:10,43
PRA ,2019-02-27 07:45:08,43
PRA ,2019-02-27 08:45:06,43
PRA ,2019-02-27 09:45:03,43
PRA ,2019-02-27 10:45:05,43
PRA ,2019-02-27 11:45:09,43
PRA ,2019-02-27 12:45:11,43
PRA ,2019-02-27 13:45:06,43
PRA ,2019-02-27 14:45:10,43
PRA ,2019-02-27 15:45:13,41
PRA ,2019-02-27 16:45:06,41
PRA ,2019-02-27 17:45:06,41
PRA ,2019-02-27 18:45:11,41
PRA ,2019-02-27 19:45:09,41
PRA ,2019-02-27 20:45:07,41
PRA ,2019-02-27 21:45:08,41
PRA ,2019-02-27 22:45:10,41
PRA ,2019-02-27 23:45:06,41
PRA ,2019-02-28 00:45:54,41
PRA ,2019-02-28 01:45:05,41
PRA ,2019-02-28 02:45:09,41
PRA ,2019-02-28 04:45:08,41
PRA ,2019-02-28 05:45:07,41
PRA ,2019-02-28 06:45:04,41
PRA ,2019-02-28 07:45:06,41
PRA ,2019-02-28 08:45:07,41
PRA ,2019-02-28 09:45:05,41
PRA ,2019-02-28 10:45:07,41
PRA ,2019-02-28 11:45:07,41
PRA ,2019-02-28 12:45:07,41
PRA ,2019-02-28 13:45:08,41
PRA ,2019-02-28 15:09:13,41
PRA ,2019-02-28 15:45:02,41
PRA ,2019-02-28 16:45:09,41
PRA ,2019-02-28 17:45:09,41
PRA ,2019-02-28 18:45:12,41
PRA ,2019-02-28 19:45:10,41
PRA ,2019-02-28 20:45:06,41
PRA ,2019-02-28 21:45:06,41
PRA ,2019-02-28 22:45:08,41
PRA ,2019-02-28 23:45:06,41
PRA ,2019-03-01 00:45:06,41
PRA ,2019-03-01 01:45:08,41
PRA ,2019-03-01 02:45:10,41
PRA ,2019-03-01 03:45:14,41
PRA ,2019-03-01 04:45:09,41
PRA ,2019-03-01 05:45:10,41
PRA ,2019-03-01 06:45:08,41
PRA ,2019-03-01 07:45:09,41
PRA ,2019-03-01 08:45:07,41
PRA ,2019-03-01 09:45:04,41
PRA ,2019-03-01 10:45:07,41
PRA ,2019-03-01 11:45:05,41
PRA ,2019-03-01 12:45:04,41
PRA ,2019-03-01 13:45:13,41
PRA ,2019-03-01 14:45:12,41
PRA ,2019-03-01 15:45:09,41
PRA ,2019-03-01 16:45:08,41
PRA ,2019-03-01 17:45:07,41
PRA ,2019-03-01 18:45:10,42
PRA ,2019-03-01 19:45:10,42
PRA ,2019-03-01 20:45:13,42
PRA ,2019-03-01 21:45:13,41
PRA ,2019-03-01 22:45:12,41
PRA ,2019-03-01 23:45:13,41
PRA ,2019-03-02 07:45:09,41
PRA ,2019-03-02 08:45:07,41
PRA ,2019-03-02 09:45:04,41
PRA ,2019-03-02 10:45:05,41
PRA ,2019-03-02 11:45:08,41
PRA ,2019-03-02 15:45:13,41
PRA ,2019-03-02 16:45:09,41
PRA ,2019-03-02 17:45:08,41
PRA ,2019-03-04 02:45:11,41
PRA ,2019-03-04 07:45:10,41
PRA ,2019-03-04 10:45:06,41
PRA ,2019-03-04 11:45:05,41
PRA ,2019-03-04 12:45:02,41
PRA ,2019-03-04 13:45:00,41
PRA ,2019-03-04 14:45:09,41
PRA ,2019-03-04 15:45:05,41
PRA ,2019-03-04 16:45:08,41
PRA ,2019-03-04 17:45:08,41
PRA ,2019-03-04 18:45:05,41
PRA ,2019-03-04 19:45:11,41
PRA ,2019-03-04 20:45:09,41
PRA ,2019-03-04 21:45:07,41
PRA ,2019-03-04 22:45:09,41
PRA ,2019-03-04 23:45:08,41
PRA ,2019-03-05 00:45:10,41
PRA ,2019-03-05 01:45:08,41
PRA ,2019-03-05 02:45:12,41
PRA ,2019-03-05 03:45:12,41
PRA ,2019-03-05 04:45:09,41
PRA ,2019-03-05 05:45:07,41
PRA ,2019-03-05 06:45:05,41
PRA ,2019-03-05 07:45:06,41
PRA ,2019-03-05 08:45:05,41
PRA ,2019-03-05 09:45:07,41
PRA ,2019-03-05 10:45:04,41
PRA ,2019-03-05 11:45:02,41
PRA ,2019-03-05 12:45:05,41
PRA ,2019-03-05 14:10:18,41
PRA ,2019-03-05 14:45:07,41
PRA ,2019-03-05 15:45:12,41
PRA ,2019-03-05 16:45:11,41
PRA ,2019-03-05 17:45:10,41
PRA ,2019-03-05 18:45:09,41
PRA ,2019-03-05 19:45:09,41
PRA ,2019-03-05 20:45:09,41
PRA ,2019-03-05 21:45:09,41
PRA ,2019-03-05 22:45:11,41
PRA ,2019-03-05 23:45:11,41
PRA ,2019-03-06 00:45:11,41
PRA ,2019-03-06 01:45:10,41
PRA ,2019-03-06 02:45:09,41
PRA ,2019-03-06 03:45:12,41
PRA ,2019-03-06 04:45:14,41
PRA ,2019-03-06 05:45:11,41
PRA ,2019-03-06 06:45:13,41
PRA ,2019-03-06 07:45:08,41
PRA ,2019-03-06 08:45:05,41
PRA ,2019-03-06 09:45:07,41
PRA ,2019-03-06 10:45:10,41
PRA ,2019-03-06 11:46:11,41
PRA ,2019-03-06 12:45:32,41
PRA ,2019-03-06 14:10:13,41
PRA ,2019-03-06 14:45:48,41
PRA ,2019-03-06 15:45:40,41
PRA ,2019-03-06 16:45:05,41
PRA ,2019-03-06 17:45:15,41
PRA ,2019-03-06 18:45:13,41
PRA ,2019-03-06 19:45:10,41
PRA ,2019-03-06 20:45:10,41
PRA ,2019-03-06 21:45:09,41
PRA ,2019-03-06 22:45:09,41
PRA ,2019-03-06 23:45:09,41
PRA ,2019-03-07 00:45:09,41
PRA ,2019-03-07 01:45:12,41
PRA ,2019-03-07 02:45:13,41
PRA ,2019-03-07 04:45:20,41
PRA ,2019-03-07 05:45:13,41
PRA ,2019-03-07 06:45:08,41
PRA ,2019-03-07 07:45:10,41
PRA ,2019-03-07 08:45:11,41
PRA ,2019-03-07 09:45:09,41
PRA ,2019-03-07 10:45:07,41
PRA ,2019-03-07 11:45:09,41
PRA ,2019-03-07 12:45:08,41
PRA ,2019-03-07 13:45:09,41
PRA ,2019-03-07 14:45:12,41
PRA ,2019-03-07 15:45:07,41
PRA ,2019-03-07 16:45:10,43
PRA ,2019-03-07 17:45:14,43
PRA ,2019-03-07 18:45:11,44
PRA ,2019-03-07 20:09:43,44
PRA ,2019-03-07 20:45:09,44
PRA ,2019-03-07 21:45:11,44
PRA ,2019-03-07 22:45:15,44
PRA ,2019-03-07 23:45:07,44
PRA ,2019-03-08 00:45:10,44
PRA ,2019-03-08 01:45:11,44
PRA ,2019-03-08 02:45:09,44
PRA ,2019-03-08 04:45:08,44
PRA ,2019-03-08 05:45:08,44
PRA ,2019-03-08 06:45:08,44
PRA ,2019-03-08 07:45:08,44
PRA ,2019-03-08 08:45:07,44
PRA ,2019-03-08 09:45:07,44
PRA ,2019-03-08 10:45:06,44
PRA ,2019-03-08 11:45:06,44
PRA ,2019-03-08 12:45:08,44
PRA ,2019-03-08 14:10:14,44
PRA ,2019-03-08 14:45:06,44
PRA ,2019-03-08 15:45:13,44
PRA ,2019-03-08 16:45:07,44
PRA ,2019-03-08 17:45:07,44
PRA ,2019-03-08 18:45:11,44
PRA ,2019-03-08 19:45:11,44
PRA ,2019-03-08 20:45:05,43
PRA ,2019-03-08 21:45:14,43
PRA ,2019-03-08 22:45:06,43
PRA ,2019-03-08 23:45:12,43
PRA ,2019-03-09 00:45:17,43
PRA ,2019-03-09 01:45:11,43
PRA ,2019-03-09 02:45:08,43
PRA ,2019-03-09 03:45:11,43
PRA ,2019-03-09 04:45:10,43
PRA ,2019-03-09 05:45:08,43
PRA ,2019-03-09 06:45:06,43
PRA ,2019-03-09 07:45:07,43
PRA ,2019-03-09 08:45:05,43
PRA ,2019-03-09 09:45:02,43
PRA ,2019-03-09 10:45:05,43
PRA ,2019-03-09 11:45:04,43
PRA ,2019-03-09 12:45:05,43
PRA ,2019-03-09 13:45:04,43
PRA ,2019-03-09 14:45:08,43
PRA ,2019-03-09 15:45:10,43
PRA ,2019-03-09 16:45:07,43
PRA ,2019-03-09 17:45:07,43
PRA ,2019-03-09 18:45:07,43
PRA ,2019-03-09 19:45:07,43
PRA ,2019-03-09 20:45:07,43
PRA ,2019-03-09 21:45:05,43
PRA ,2019-03-09 22:45:08,43
PRA ,2019-03-09 23:45:07,43
PRA ,2019-03-10 00:45:08,43
PRA ,2019-03-10 01:45:08,43
PRA ,2019-03-10 02:45:10,43
PRA ,2019-03-10 03:45:07,43
PRA ,2019-03-10 04:45:06,43
PRA ,2019-03-10 05:45:06,43
PRA ,2019-03-10 06:45:08,43
PRA ,2019-03-10 07:45:04,43
PRA ,2019-03-10 08:45:02,43
PRA ,2019-03-10 09:45:06,43
PRA ,2019-03-10 10:45:03,43
PRA ,2019-03-10 11:45:05,43
PRA ,2019-03-10 12:45:06,43
PRA ,2019-03-10 13:45:04,43
PRA ,2019-03-10 14:45:04,43
PRA ,2019-03-10 15:45:11,43
PRA ,2019-03-10 16:45:07,43
PRA ,2019-03-10 17:45:11,43
PRA ,2019-03-10 18:45:13,43
PRA ,2019-03-10 19:45:07,43
PRA ,2019-03-10 20:45:06,43
PRA ,2019-03-10 21:45:06,43
PRA ,2019-03-10 22:45:05,43
PRA ,2019-03-10 23:45:07,43
PRA ,2019-03-11 00:45:07,43
PRA ,2019-03-11 01:45:09,43
PRA ,2019-03-11 02:45:07,43
PRA ,2019-03-11 03:45:06,43
PRA ,2019-03-11 04:45:07,43
PRA ,2019-03-11 05:45:07,43
PRA ,2019-03-11 06:45:05,43
PRA ,2019-03-11 07:45:06,43
PRA ,2019-03-11 08:45:03,43
PRA ,2019-03-11 09:45:06,43
PRA ,2019-03-11 10:45:07,43
PRA ,2019-03-11 11:45:04,43
PRA ,2019-03-11 12:45:10,43
PRA ,2019-03-11 13:45:09,43
PRA ,2019-03-11 14:45:09,43
PRA ,2019-03-11 15:45:07,43
PRA ,2019-03-11 16:45:07,44
PRA ,2019-03-11 17:45:07,44
PRA ,2019-03-11 18:45:08,44
PRA ,2019-03-11 19:45:06,44
PRA ,2019-03-11 20:45:07,44
PRA ,2019-03-11 21:45:09,44
PRA ,2019-03-11 22:45:06,44
PRA ,2019-03-11 23:45:10,44
PRA ,2019-03-12 00:45:12,44
PRA ,2019-03-12 01:45:07,44
PRA ,2019-03-12 02:45:07,44
PRA ,2019-03-12 03:45:10,44
PRA ,2019-03-12 04:45:08,44
PRA ,2019-03-12 05:45:09,44
PRA ,2019-03-12 06:45:09,44
PRA ,2019-03-12 07:45:05,44
PRA ,2019-03-12 08:45:06,44
PRA ,2019-03-12 09:45:05,44
PRA ,2019-03-12 10:45:09,44
PRA ,2019-03-12 11:45:06,44
PRA ,2019-03-12 12:45:08,44
PRA ,2019-03-12 13:45:08,44
PRA ,2019-03-12 14:45:06,44
PRA ,2019-03-12 15:45:07,44
PRA ,2019-03-12 16:45:07,45
PRA ,2019-03-12 17:45:06,45
PRA ,2019-03-12 18:45:07,45
PRA ,2019-03-12 19:45:05,45
PRA ,2019-03-12 20:45:07,45
PRA ,2019-03-12 21:45:06,45
PRA ,2019-03-12 22:45:09,45
PRA ,2019-03-12 23:45:11,45
PRA ,2019-03-13 00:45:09,45
PRA ,2019-03-13 01:45:09,45
PRA ,2019-03-13 02:45:07,45
PRA ,2019-03-13 03:45:10,45
PRA ,2019-03-13 04:45:10,45
PRA ,2019-03-13 05:45:08,45
PRA ,2019-03-13 06:45:07,45
PRA ,2019-03-13 07:45:10,45
PRA ,2019-03-13 08:45:06,45
PRA ,2019-03-13 09:45:06,45
PRA ,2019-03-13 10:45:04,45
PRA ,2019-03-13 11:45:04,45
PRA ,2019-03-13 13:09:08,45
PRA ,2019-03-13 13:45:07,45
PRA ,2019-03-13 14:45:06,43
PRA ,2019-03-13 15:45:07,43
PRA ,2019-03-13 16:45:09,43
PRA ,2019-03-13 17:45:09,43
PRA ,2019-03-13 18:45:04,43
PRA ,2019-03-13 19:45:08,43
PRA ,2019-03-13 20:45:06,44
PRA ,2019-03-13 21:45:08,44
PRA ,2019-03-13 22:45:05,44
PRA ,2019-03-13 23:45:08,44
PRA ,2019-03-14 00:45:05,44
PRA ,2019-03-14 01:45:09,44
PRA ,2019-03-14 02:45:09,44
PRA ,2019-03-14 03:45:06,44
PRA ,2019-03-14 04:45:08,44
PRA ,2019-03-14 05:45:05,44
PRA ,2019-03-14 06:45:07,44
PRA ,2019-03-14 07:45:06,44
PRA ,2019-03-14 08:45:04,44
PRA ,2019-03-14 09:45:03,44
PRA ,2019-03-14 10:45:09,44
PRA ,2019-03-14 11:45:06,44
PRA ,2019-03-14 13:09:40,43
PRA ,2019-03-14 13:45:06,43
PRA ,2019-03-14 14:45:08,43
PRA ,2019-03-14 15:45:08,43
PRA ,2019-03-14 16:45:07,43
PRA ,2019-03-14 17:45:08,43
PRA ,2019-03-14 18:45:06,44
PRA ,2019-03-14 19:45:13,44
PRA ,2019-03-14 20:45:07,43
PRA ,2019-03-14 21:45:09,43
PRA ,2019-03-14 22:45:12,43
PRA ,2019-03-14 23:45:12,43
PRA ,2019-03-15 00:45:08,43
PRA ,2019-03-15 01:45:09,43
PRA ,2019-03-15 02:45:10,43
PRA ,2019-03-15 03:45:09,43
PRA ,2019-03-15 04:45:07,43
PRA ,2019-03-15 05:45:06,43
PRA ,2019-03-15 06:45:03,43
PRA ,2019-03-15 07:45:07,43
PRA ,2019-03-15 08:45:09,43
PRA ,2019-03-15 09:45:09,43
PRA ,2019-03-15 10:45:11,43
PRA ,2019-03-15 11:45:09,43
PRA ,2019-03-15 12:45:08,43
PRA ,2019-03-15 13:45:11,43
PRA ,2019-03-15 14:45:09,43
PRA ,2019-03-15 15:45:14,44
PRA ,2019-03-15 16:45:11,45
PRA ,2019-03-15 17:45:12,45
PRA ,2019-03-15 18:45:10,45
PRA ,2019-03-15 19:45:09,45
PRA ,2019-03-15 20:45:09,45
PRA ,2019-03-15 21:45:07,45
PRA ,2019-03-15 22:45:07,45
PRA ,2019-03-15 23:45:11,45
PRA ,2019-03-16 00:45:09,45
PRA ,2019-03-16 01:45:07,45
PRA ,2019-03-16 02:45:10,45
PRA ,2019-03-16 03:45:11,45
PRA ,2019-03-16 04:45:12,45
PRA ,2019-03-16 05:45:11,45
PRA ,2019-03-16 06:45:09,45
PRA ,2019-03-16 07:45:09,45
PRA ,2019-03-16 08:45:12,45
PRA ,2019-03-16 09:45:08,45
PRA ,2019-03-16 10:45:07,45
PRA ,2019-03-16 11:45:08,45
PRA ,2019-03-16 12:45:08,45
PRA ,2019-03-16 13:45:10,45
PRA ,2019-03-16 14:45:07,45
PRA ,2019-03-16 15:45:09,45
PRA ,2019-03-16 16:45:08,45
PRA ,2019-03-16 17:45:08,45
PRA ,2019-03-16 18:45:07,45
PRA ,2019-03-16 19:45:07,45
PRA ,2019-03-16 20:45:10,45
PRA ,2019-03-16 21:45:11,45
PRA ,2019-03-16 22:45:10,45
PRA ,2019-03-16 23:45:08,45
PRA ,2019-03-17 00:45:10,45
PRA ,2019-03-17 01:45:08,45
PRA ,2019-03-17 02:45:14,45
PRA ,2019-03-17 03:45:11,45
PRA ,2019-03-17 04:45:10,45
PRA ,2019-03-17 05:45:11,45
PRA ,2019-03-17 06:45:09,45
PRA ,2019-03-17 07:45:07,45
PRA ,2019-03-17 08:45:05,45
PRA ,2019-03-17 09:45:09,45
PRA ,2019-03-17 10:45:05,45
PRA ,2019-03-17 11:45:06,45
PRA ,2019-03-17 12:45:06,45
PRA ,2019-03-17 13:45:06,45
PRA ,2019-03-17 14:45:06,45
PRA ,2019-03-17 15:45:05,45
PRA ,2019-03-17 16:45:04,45
PRA ,2019-03-17 17:45:05,45
PRA ,2019-03-17 18:45:07,45
PRA ,2019-03-17 19:45:07,45
PRA ,2019-03-17 20:45:05,45
PRA ,2019-03-17 21:45:04,45
PRA ,2019-03-17 22:45:05,45
PRA ,2019-03-17 23:45:07,45
PRA ,2019-03-18 00:45:07,45
PRA ,2019-03-18 01:45:06,45
PRA ,2019-03-18 02:45:07,45
PRA ,2019-03-18 03:45:08,45
PRA ,2019-03-18 04:45:08,45
PRA ,2019-03-18 05:45:05,45
PRA ,2019-03-18 06:45:06,45
PRA ,2019-03-18 07:45:08,45
PRA ,2019-03-18 08:45:06,45
PRA ,2019-03-18 09:45:07,45
PRA ,2019-03-18 10:45:06,45
PRA ,2019-03-18 11:45:04,45
PRA ,2019-03-18 12:45:09,45
PRA ,2019-03-18 13:45:11,45
PRA ,2019-03-18 14:45:10,45
PRA ,2019-03-18 15:45:15,45
PRA ,2019-03-18 16:45:08,45
PRA ,2019-03-18 17:45:13,45
PRA ,2019-03-18 18:45:13,45
PRA ,2019-03-18 19:45:12,45
PRA ,2019-03-18 20:45:10,45
PRA ,2019-03-18 21:45:10,45
PRA ,2019-03-18 22:45:14,45
PRA ,2019-03-18 23:45:12,45
PRA ,2019-03-19 00:45:16,45
PRA ,2019-03-19 01:45:14,45
PRA ,2019-03-19 02:45:13,45
PRA ,2019-03-19 03:45:10,45
PRA ,2019-03-19 04:45:09,45
PRA ,2019-03-19 05:45:07,45
PRA ,2019-03-19 06:45:16,45
PRA ,2019-03-19 07:45:10,45
PRA ,2019-03-19 08:45:07,45
PRA ,2019-03-19 09:45:10,45
PRA ,2019-03-19 10:45:11,45
PRA ,2019-03-19 11:45:10,45
PRA ,2019-03-19 12:45:11,45
PRA ,2019-03-19 13:45:10,45
PRA ,2019-03-19 14:45:11,45
PRA ,2019-03-19 15:45:13,45
PRA ,2019-03-19 16:45:09,45
PRA ,2019-03-19 17:45:17,45
PRA ,2019-03-19 18:45:12,45
PRA ,2019-03-19 19:45:17,45
PRA ,2019-03-19 20:45:14,45
PRA ,2019-03-19 21:45:20,45
PRA ,2019-03-19 22:45:17,45
PRA ,2019-03-19 23:45:13,45
PRA ,2019-03-20 00:45:19,45
PRA ,2019-03-20 01:45:16,45
PRA ,2019-03-20 02:45:17,45
PRA ,2019-03-20 03:45:18,45
PRA ,2019-03-20 04:45:15,45
PRA ,2019-03-20 05:45:13,45
PRA ,2019-03-20 06:45:20,45
PRA ,2019-03-20 07:45:19,45
PRA ,2019-03-20 08:45:16,45
PRA ,2019-03-20 09:45:14,45
PRA ,2019-03-20 10:45:14,45
PRA ,2019-03-20 11:45:14,45
PRA ,2019-03-20 13:09:21,45
PRA ,2019-03-20 13:45:14,45
PRA ,2019-03-20 14:45:15,45
PRA ,2019-03-20 15:45:18,45
PRA ,2019-03-20 16:45:12,45
PRA ,2019-03-20 17:45:14,45
PRA ,2019-03-20 18:45:11,45
PRA ,2019-03-20 19:45:11,45
PRA ,2019-03-20 20:45:08,46
PRA ,2019-03-20 21:45:08,46
PRA ,2019-03-20 22:45:09,46
PRA ,2019-03-20 23:45:08,46
PRA ,2019-03-21 00:45:10,46
PRA ,2019-03-21 01:45:07,46
PRA ,2019-03-21 02:45:11,46
PRA ,2019-03-21 03:45:12,46
PRA ,2019-03-21 04:45:09,46
PRA ,2019-03-21 05:45:13,46
PRA ,2019-03-21 06:45:07,46
PRA ,2019-03-21 07:45:07,46
PRA ,2019-03-21 08:45:04,46
PRA ,2019-03-21 09:45:07,46
PRA ,2019-03-21 10:45:10,46
PRA ,2019-03-21 11:45:08,46
PRA ,2019-03-21 13:10:09,46
PRA ,2019-03-21 13:45:06,46
PRA ,2019-03-21 14:45:08,46
PRA ,2019-03-21 15:45:08,46
PRA ,2019-03-21 16:45:05,46
PRA ,2019-03-21 17:45:06,46
PRA ,2019-03-21 18:45:10,46
PRA ,2019-03-21 19:45:07,46
PRA ,2019-03-21 20:45:01,47
PRA ,2019-03-21 21:45:03,46
PRA ,2019-03-21 22:45:03,46
PRA ,2019-03-21 23:45:04,46
PRA ,2019-03-22 00:45:04,46
PRA ,2019-03-22 01:45:04,46
PRA ,2019-03-22 02:45:13,46
PRA ,2019-03-22 03:45:05,46
PRA ,2019-03-22 04:45:03,46
PRA ,2019-03-22 05:45:04,46
PRA ,2019-03-22 06:45:01,46
PRA ,2019-03-22 07:45:02,46
PRA ,2019-03-22 08:45:14,46
PRA ,2019-03-22 09:45:05,46
PRA ,2019-03-22 10:45:03,46
PRA ,2019-03-22 11:45:02,46
PRA ,2019-03-22 12:45:12,46
PRA ,2019-03-22 13:45:02,46
PRA ,2019-03-22 14:45:03,46
PRA ,2019-03-22 15:45:04,46
PRA ,2019-03-22 16:45:05,46
PRA ,2019-03-22 17:45:08,46
PRA ,2019-03-22 18:45:04,46
PRA ,2019-03-22 19:45:03,46
PRA ,2019-03-22 20:45:04,46
PRA ,2019-03-22 21:45:02,46
PRA ,2019-03-22 22:45:04,46
PRA ,2019-03-22 23:45:02,46
PRA ,2019-03-23 00:45:04,46
PRA ,2019-03-23 01:45:14,46
PRA ,2019-03-23 02:45:05,46
PRA ,2019-03-23 03:45:04,46
PRA ,2019-03-23 04:45:03,46
PRA ,2019-03-23 05:45:04,46
PRA ,2019-03-23 06:45:03,46
PRA ,2019-03-23 07:45:10,46
PRA ,2019-03-23 08:45:03,46
PRA ,2019-03-23 09:45:05,46
PRA ,2019-03-23 10:45:02,46
PRA ,2019-03-23 11:45:04,46
PRA ,2019-03-23 12:45:04,46
PRA ,2019-03-23 13:45:08,46
PRA ,2019-03-23 14:45:05,46
PRA ,2019-03-23 15:45:05,46
PRA ,2019-03-23 16:45:03,46
PRA ,2019-03-23 17:45:04,46
PRA ,2019-03-23 18:45:05,46
PRA ,2019-03-23 19:45:10,46
PRA ,2019-03-23 20:45:06,46
PRA ,2019-03-23 21:45:05,46
PRA ,2019-03-23 22:45:03,46
PRA ,2019-03-23 23:45:04,46
PRA ,2019-03-24 00:45:05,46
PRA ,2019-03-24 01:45:06,46
PRA ,2019-03-24 02:45:05,46
PRA ,2019-03-24 03:45:07,46
PRA ,2019-03-24 04:45:14,46
PRA ,2019-03-24 05:45:06,46
PRA ,2019-03-24 06:45:06,46
PRA ,2019-03-24 07:45:05,46
PRA ,2019-03-24 08:45:05,46
PRA ,2019-03-24 09:45:12,46
PRA ,2019-03-24 10:45:08,46
PRA ,2019-03-24 11:45:02,46
PRA ,2019-03-24 12:45:03,46
PRA ,2019-03-24 13:45:09,46
PRA ,2019-03-24 14:45:04,46
PRA ,2019-03-24 15:45:05,46
PRA ,2019-03-24 16:45:04,46
PRA ,2019-03-24 17:45:04,46
PRA ,2019-03-24 18:45:05,46
PRA ,2019-03-24 19:45:05,46
PRA ,2019-03-24 20:45:07,46
PRA ,2019-03-24 21:45:13,46
PRA ,2019-03-24 22:45:07,46
PRA ,2019-03-24 23:45:06,46
PRA ,2019-03-25 00:45:05,46
PRA ,2019-03-25 01:45:06,46
PRA ,2019-03-25 02:45:08,46
PRA ,2019-03-25 03:45:17,46
PRA ,2019-03-25 04:45:05,46
PRA ,2019-03-25 05:45:06,46
PRA ,2019-03-25 06:45:04,46
PRA ,2019-03-25 07:45:05,46
PRA ,2019-03-25 08:45:07,46
PRA ,2019-03-25 09:45:04,46
PRA ,2019-03-25 10:45:05,46
PRA ,2019-03-25 11:45:16,46
PRA ,2019-03-25 13:09:10,46
PRA ,2019-03-25 13:45:12,46
PRA ,2019-03-25 14:45:05,46
PRA ,2019-03-25 15:45:06,46
PRA ,2019-03-25 16:45:05,46
PRA ,2019-03-25 17:45:07,46
PRA ,2019-03-25 18:45:08,46
PRA ,2019-03-25 19:45:12,46
PRA ,2019-03-25 20:45:05,46
PRA ,2019-03-25 21:45:04,46
PRA ,2019-03-25 22:45:20,46
PRA ,2019-03-25 23:45:16,46
PRA ,2019-03-26 00:45:08,46
PRA ,2019-03-26 01:45:08,46
PRA ,2019-03-26 02:45:10,46
PRA ,2019-03-26 03:45:07,46
PRA ,2019-03-26 04:45:05,46
PRA ,2019-03-26 05:45:08,46
PRA ,2019-03-26 06:45:04,46
PRA ,2019-03-26 07:45:04,46
PRA ,2019-03-26 08:45:02,46
PRA ,2019-03-26 09:45:03,46
PRA ,2019-03-26 10:45:09,46
PRA ,2019-03-26 11:45:05,46
PRA ,2019-03-26 12:45:08,46
PRA ,2019-03-26 13:45:15,46
PRA ,2019-03-26 14:45:03,46
PRA ,2019-03-26 15:45:15,46
PRA ,2019-03-26 16:45:11,46
PRA ,2019-03-26 17:45:06,46
PRA ,2019-03-26 18:45:11,46
PRA ,2019-03-26 19:45:17,46
PRA ,2019-03-26 20:45:08,46
PRA ,2019-03-26 21:45:06,46
PRA ,2019-03-26 22:45:06,46
PRA ,2019-03-26 23:45:06,46
PRA ,2019-03-27 00:45:13,46
PRA ,2019-03-27 01:45:06,46
PRA ,2019-03-27 02:45:04,46
PRA ,2019-03-27 03:45:15,46
PRA ,2019-03-27 04:45:10,46
PRA ,2019-03-27 05:45:07,46
PRA ,2019-03-27 06:45:15,46
PRA ,2019-03-27 07:45:05,46
PRA ,2019-03-27 08:45:05,46
PRA ,2019-03-27 09:45:06,46
PRA ,2019-03-27 10:45:12,46
PRA ,2019-03-27 11:45:05,46
PRA ,2019-03-27 13:09:50,46
PRA ,2019-03-27 13:45:07,46
PRA ,2019-03-27 14:45:15,46
PRA ,2019-03-27 15:45:06,46
PRA ,2019-03-27 16:45:09,47
PRA ,2019-03-27 17:45:20,47
PRA ,2019-03-27 18:45:06,47
PRA ,2019-03-27 19:45:04,47
PRA ,2019-03-27 20:45:10,47
PRA ,2019-03-27 21:45:07,47
PRA ,2019-03-27 22:45:21,47
PRA ,2019-03-27 23:45:11,47
PRA ,2019-03-28 00:45:09,47
PRA ,2019-03-28 01:45:07,47
PRA ,2019-03-28 02:45:20,47
PRA ,2019-03-28 03:45:09,47
PRA ,2019-03-28 04:45:13,47
PRA ,2019-03-28 05:45:06,47
PRA ,2019-03-28 06:45:03,47
PRA ,2019-03-28 07:45:04,47
PRA ,2019-03-28 08:45:03,47
PRA ,2019-03-28 09:45:04,47
PRA ,2019-03-28 10:45:04,47
PRA ,2019-03-28 11:45:03,47
PRA ,2019-03-28 13:09:41,47
PRA ,2019-03-28 13:45:13,47
PRA ,2019-03-28 14:45:07,46
PRA ,2019-03-28 15:45:09,46
PRA ,2019-03-28 16:45:11,46
PRA ,2019-03-28 17:45:08,46
PRA ,2019-03-28 18:45:09,46
PRA ,2019-03-28 19:45:08,46
PRA ,2019-03-28 20:45:11,46
PRA ,2019-03-28 21:45:09,46
PRA ,2019-03-28 22:45:07,46
PRA ,2019-03-28 23:45:08,46
PRA ,2019-03-29 00:45:07,46
PRA ,2019-03-29 01:45:25,46
PRA ,2019-03-29 02:45:15,46
PRA ,2019-03-29 03:45:19,46
PRA ,2019-03-29 04:45:11,46
PRA ,2019-03-29 05:45:05,46
PRA ,2019-03-29 06:45:03,46
PRA ,2019-03-29 07:45:05,46
PRA ,2019-03-29 08:45:12,46
PRA ,2019-03-29 09:45:06,46
PRA ,2019-03-29 10:45:07,46
PRA ,2019-03-29 11:45:10,46
PRA ,2019-03-29 13:10:10,46
PRA ,2019-03-29 13:45:08,46
PRA ,2019-03-29 14:45:11,46
PRA ,2019-03-29 15:45:09,46
PRA ,2019-03-29 16:45:02,46
PRA ,2019-03-29 17:45:13,45
PRA ,2019-03-29 18:45:28,45
PRA ,2019-03-29 19:45:12,45
PRA ,2019-03-29 20:45:12,46
PRA ,2019-03-29 21:45:10,46
PRA ,2019-03-29 22:45:18,46
PRA ,2019-03-29 23:45:25,46
PRA ,2019-03-30 00:45:17,46
PRA ,2019-03-30 01:45:15,46
PRA ,2019-03-30 02:45:19,46
PRA ,2019-03-30 03:45:17,46
PRA ,2019-03-30 04:45:18,46
PRA ,2019-03-30 05:45:11,46
PRA ,2019-03-30 06:45:10,46
PRA ,2019-03-30 07:45:11,46
PRA ,2019-03-30 08:45:36,46
PRA ,2019-03-30 09:45:12,46
PRA ,2019-03-30 10:45:13,46
PRA ,2019-03-30 11:45:11,46
PRA ,2019-03-30 12:45:20,46
PRA ,2019-03-30 13:45:05,46
PRA ,2019-03-30 14:45:05,46
PRA ,2019-03-30 15:45:04,46
PRA ,2019-03-30 16:45:04,46
PRA ,2019-03-30 17:45:14,46
PRA ,2019-03-30 18:45:04,46
PRA ,2019-03-30 19:45:05,46
PRA ,2019-03-30 20:45:04,46
PRA ,2019-03-30 21:45:05,46
PRA ,2019-03-30 22:45:14,46
PRA ,2019-03-30 23:45:05,46
PRA ,2019-03-31 00:45:06,46
PRA ,2019-03-31 01:45:09,46
PRA ,2019-03-31 02:45:15,46
PRA ,2019-03-31 03:45:08,46
PRA ,2019-03-31 04:45:05,46
PRA ,2019-03-31 05:45:04,46
PRA ,2019-03-31 06:45:14,46
PRA ,2019-03-31 07:45:06,46
PRA ,2019-03-31 08:45:04,46
PRA ,2019-03-31 09:45:04,46
PRA ,2019-03-31 10:45:09,46
PRA ,2019-03-31 11:45:05,46
PRA ,2019-03-31 12:45:06,46
PRA ,2019-03-31 13:45:10,46
PRA ,2019-03-31 14:45:04,46
PRA ,2019-03-31 15:45:05,46
PRA ,2019-03-31 16:45:08,46
PRA ,2019-03-31 17:45:18,46
PRA ,2019-03-31 18:45:06,46
PRA ,2019-03-31 19:45:06,46
PRA ,2019-03-31 20:45:06,46
PRA ,2019-03-31 21:45:06,46
PRA ,2019-03-31 22:45:05,46
PRA ,2019-03-31 23:45:10,46
PRA ,2019-04-01 00:45:16,46
PRA ,2019-04-01 01:45:10,46
PRA ,2019-04-01 02:45:14,46
PRA ,2019-04-01 03:45:26,46
PRA ,2019-04-01 04:45:08,46
PRA ,2019-04-01 05:45:08,46
PRA ,2019-04-01 06:45:06,46
PRA ,2019-04-01 07:45:13,46
PRA ,2019-04-01 08:45:06,46
PRA ,2019-04-01 09:45:08,46
PRA ,2019-04-01 10:45:15,46
PRA ,2019-04-01 11:45:14,46
PRA ,2019-04-01 13:45:22,46
PRA ,2019-04-01 14:45:16,46
PRA ,2019-04-01 15:45:26,46
PRA ,2019-04-01 16:45:20,46
PRA ,2019-04-01 17:45:12,46
PRA ,2019-04-01 18:45:07,46
PRA ,2019-04-01 19:45:24,46
PRA ,2019-04-01 20:45:10,46
PRA ,2019-04-01 21:45:06,46
PRA ,2019-04-01 22:45:12,46
PRA ,2019-04-01 23:45:11,46
PRA ,2019-04-02 00:45:19,46
PRA ,2019-04-02 01:45:39,46
PRA ,2019-04-02 02:45:12,46
PRA ,2019-04-02 03:45:20,46
PRA ,2019-04-02 04:45:10,46
PRA ,2019-04-02 05:45:07,46
PRA ,2019-04-02 06:45:06,46
PRA ,2019-04-02 07:45:13,46
PRA ,2019-04-02 08:45:07,46
PRA ,2019-04-02 09:45:15,46
PRA ,2019-04-02 10:45:06,46
PRA ,2019-04-02 11:45:05,46
PRA ,2019-04-02 13:09:49,46
PRA ,2019-04-02 13:45:10,46
PRA ,2019-04-02 14:45:07,46
PRA ,2019-04-02 15:45:20,46
PRA ,2019-04-02 16:45:09,46
PRA ,2019-04-02 17:45:18,46
PRA ,2019-04-02 18:45:12,46
PRA ,2019-04-02 19:45:14,45
PRA ,2019-04-02 20:45:20,44
PRA ,2019-04-02 21:45:11,44
PRA ,2019-04-02 22:45:10,44
PRA ,2019-04-02 23:45:11,44
PRA ,2019-04-03 00:45:29,44
PRA ,2019-04-03 01:45:12,44
PRA ,2019-04-03 02:45:11,44
PRA ,2019-04-03 03:45:13,44
PRA ,2019-04-03 04:45:15,44
PRA ,2019-04-03 05:45:14,44
PRA ,2019-04-03 06:45:17,44
PRA ,2019-04-03 07:45:10,44
PRA ,2019-04-03 08:45:10,44
PRA ,2019-04-03 09:45:27,44
PRA ,2019-04-03 10:45:20,44
PRA ,2019-04-03 11:45:13,44
PRA ,2019-04-03 13:09:50,44
PRA ,2019-04-03 13:45:12,44
PRA ,2019-04-03 14:45:19,46
PRA ,2019-04-03 15:45:20,46
PRA ,2019-04-03 16:45:08,47
PRA ,2019-04-03 17:45:07,47
PRA ,2019-04-03 18:45:08,47
PRA ,2019-04-03 19:45:10,47
PRA ,2019-04-03 20:45:12,47
PRA ,2019-04-03 21:45:08,47
PRA ,2019-04-03 22:45:05,47
PRA ,2019-04-03 23:45:15,47
PRA ,2019-04-04 00:45:05,47
PRA ,2019-04-04 01:45:09,47
PRA ,2019-04-04 02:45:08,47
PRA ,2019-04-04 03:45:15,47
PRA ,2019-04-04 04:45:05,47
PRA ,2019-04-04 05:45:04,47
PRA ,2019-04-04 06:45:04,47
PRA ,2019-04-04 07:45:07,47
PRA ,2019-04-04 08:45:13,47
PRA ,2019-04-04 09:45:05,47
PRA ,2019-04-04 10:45:06,47
PRA ,2019-04-04 11:45:14,47
PRA ,2019-04-04 12:45:07,47
PRA ,2019-04-04 13:45:07,47
PRA ,2019-04-04 14:45:18,45
PRA ,2019-04-04 15:45:10,45
PRA ,2019-04-04 16:45:19,45
PRA ,2019-04-04 17:45:06,45
PRA ,2019-04-04 18:45:14,45
PRA ,2019-04-04 19:45:08,45
PRA ,2019-04-04 20:45:06,45
PRA ,2019-04-04 21:45:11,45
PRA ,2019-04-04 22:45:22,45
PRA ,2019-04-04 23:45:07,45
PRA ,2019-04-05 00:45:09,45
PRA ,2019-04-05 01:45:06,45
PRA ,2019-04-05 02:45:06,45
PRA ,2019-04-05 03:45:24,45
PRA ,2019-04-05 04:45:08,45
PRA ,2019-04-05 05:45:06,45
PRA ,2019-04-05 06:45:05,45
PRA ,2019-04-05 07:45:07,45
PRA ,2019-04-05 08:45:21,45
PRA ,2019-04-05 09:45:08,45
PRA ,2019-04-05 10:45:17,45
PRA ,2019-04-05 11:45:08,45
PRA ,2019-04-05 13:09:17,45
PRA ,2019-04-05 13:45:12,45
PRA ,2019-04-05 14:45:12,45
PRA ,2019-04-05 15:45:17,45
PRA ,2019-04-05 16:45:06,45
PRA ,2019-04-05 17:45:07,45
PRA ,2019-04-05 18:45:11,45
PRA ,2019-04-05 19:45:08,45
PRA ,2019-04-05 20:45:08,46
PRA ,2019-04-05 21:45:15,46
PRA ,2019-04-05 22:45:09,46
PRA ,2019-04-05 23:45:13,46
PRA ,2019-04-06 00:45:11,46
PRA ,2019-04-06 01:45:26,46
PRA ,2019-04-06 02:45:15,46
PRA ,2019-04-06 03:45:14,46
PRA ,2019-04-06 04:45:20,46
PRA ,2019-04-06 05:45:11,46
PRA ,2019-04-06 06:45:10,46
PRA ,2019-04-06 07:45:12,46
PRA ,2019-04-06 08:45:22,46
PRA ,2019-04-06 09:45:09,46
PRA ,2019-04-06 10:45:09,46
PRA ,2019-04-06 11:45:12,46
PRA ,2019-04-06 12:45:11,46
PRA ,2019-04-06 13:45:07,46
PRA ,2019-04-06 14:45:06,46
PRA ,2019-04-06 15:45:16,46
PRA ,2019-04-06 16:45:07,46
PRA ,2019-04-06 17:45:07,46
PRA ,2019-04-06 18:45:09,46
PRA ,2019-04-06 19:45:08,46
PRA ,2019-04-06 20:45:05,46
PRA ,2019-04-06 21:45:20,46
PRA ,2019-04-06 22:45:08,46
PRA ,2019-04-06 23:45:08,46
PRA ,2019-04-07 00:45:07,46
PRA ,2019-04-07 01:45:05,46
PRA ,2019-04-07 02:45:10,46
PRA ,2019-04-07 03:45:18,46
PRA ,2019-04-07 04:45:10,46
PRA ,2019-04-07 05:45:10,46
PRA ,2019-04-07 06:45:12,46
PRA ,2019-04-07 07:45:21,46
PRA ,2019-04-07 08:45:11,46
PRA ,2019-04-07 09:45:15,46
PRA ,2019-04-07 10:45:07,46
PRA ,2019-04-07 11:45:16,46
PRA ,2019-04-07 12:45:11,46
PRA ,2019-04-07 13:45:18,46
PRA ,2019-04-07 14:45:09,46
PRA ,2019-04-07 15:45:13,46
PRA ,2019-04-07 16:45:16,46
PRA ,2019-04-07 17:45:09,46
PRA ,2019-04-07 18:45:09,46
PRA ,2019-04-07 19:45:08,46
PRA ,2019-04-07 20:45:17,46
PRA ,2019-04-07 21:45:07,46
PRA ,2019-04-07 22:45:08,46
PRA ,2019-04-07 23:45:06,46
PRA ,2019-04-08 00:45:21,46
PRA ,2019-04-08 01:45:13,46
PRA ,2019-04-08 02:45:09,46
PRA ,2019-04-08 03:45:09,46
PRA ,2019-04-08 04:45:05,46
PRA ,2019-04-08 05:45:18,46
PRA ,2019-04-08 06:45:05,46
PRA ,2019-04-08 07:45:05,46
PRA ,2019-04-08 08:45:06,46
PRA ,2019-04-08 09:45:09,46
PRA ,2019-04-08 10:45:07,46
PRA ,2019-04-08 11:45:23,46
PRA ,2019-04-08 12:45:07,46
PRA ,2019-04-08 13:45:18,46
PRA ,2019-04-08 14:45:06,46
PRA ,2019-04-08 15:45:13,46
PRA ,2019-04-08 16:45:26,46
PRA ,2019-04-08 17:45:10,46
PRA ,2019-04-08 18:45:09,46
PRA ,2019-04-08 19:45:10,46
PRA ,2019-04-08 20:45:09,46
PRA ,2019-04-08 21:45:12,46
PRA ,2019-04-08 22:45:11,46
PRA ,2019-04-08 23:45:09,46
PRA ,2019-04-09 00:45:18,46
PRA ,2019-04-09 01:45:11,46
PRA ,2019-04-09 02:45:13,46
PRA ,2019-04-09 03:45:11,46
PRA ,2019-04-09 04:45:10,46
PRA ,2019-04-09 05:45:15,46
PRA ,2019-04-09 06:45:10,46
PRA ,2019-04-09 07:45:08,46
PRA ,2019-04-09 08:45:13,46
PRA ,2019-04-09 09:45:25,46
PRA ,2019-04-09 10:45:08,46
PRA ,2019-04-09 11:45:11,46
PRA ,2019-04-09 13:10:31,46
PRA ,2019-04-09 13:45:09,46
PRA ,2019-04-09 14:45:09,46
PRA ,2019-04-09 15:45:27,46
PRA ,2019-04-09 16:45:12,46
PRA ,2019-04-09 17:45:11,46
PRA ,2019-04-09 18:45:12,46
PRA ,2019-04-09 19:45:11,46
PRA ,2019-04-09 20:45:11,46
PRA ,2019-04-09 21:45:11,46
PRA ,2019-04-09 22:45:11,46
PRA ,2019-04-09 23:45:20,46
PRA ,2019-04-10 00:45:12,46
PRA ,2019-04-10 01:45:14,46
PRA ,2019-04-10 02:45:14,46
PRA ,2019-04-10 03:45:18,46
PRA ,2019-04-10 04:45:21,46
PRA ,2019-04-10 05:45:10,46
PRA ,2019-04-10 06:45:10,46
PRA ,2019-04-10 07:45:10,46
PRA ,2019-04-10 08:45:21,46
PRA ,2019-04-10 09:45:12,46
PRA ,2019-04-10 10:45:11,46
PRA ,2019-04-10 11:45:15,46
PRA ,2019-04-10 12:45:23,46
PRA ,2019-04-10 13:45:25,46
PRA ,2019-04-10 14:45:12,46
PRA ,2019-04-10 15:45:15,45
PRA ,2019-04-10 16:45:13,45
PRA ,2019-04-10 17:45:21,45
PRA ,2019-04-10 18:45:18,45
PRA ,2019-04-10 19:45:14,45
PRA ,2019-04-10 20:45:10,45
PRA ,2019-04-10 21:45:08,45
PRA ,2019-04-10 22:45:08,45
PRA ,2019-04-10 23:45:21,45
PRA ,2019-04-11 00:45:10,45
PRA ,2019-04-11 01:45:08,45
PRA ,2019-04-11 02:45:12,45
PRA ,2019-04-11 03:45:15,45
PRA ,2019-04-11 04:45:14,45
PRA ,2019-04-11 05:45:12,45
PRA ,2019-04-11 06:45:07,45
PRA ,2019-04-11 18:45:19,45
PRA ,2019-04-11 19:45:30,45
PRA ,2019-04-11 20:45:11,45
PRA ,2019-04-11 21:45:11,45
PRA ,2019-04-11 22:45:10,45
PRA ,2019-04-11 23:45:11,45
PRA ,2019-04-12 00:45:10,45
PRA ,2019-04-12 01:45:13,45
PRA ,2019-04-12 02:45:20,45
PRA ,2019-04-12 03:45:13,45
PRA ,2019-04-12 04:45:12,45
PRA ,2019-04-12 05:45:11,45
PRA ,2019-04-12 06:45:09,45
PRA ,2019-04-12 07:45:09,45
PRA ,2019-04-12 08:45:11,45
PRA ,2019-04-12 09:45:17,45
PRA ,2019-04-12 10:45:10,45
PRA ,2019-04-12 11:45:09,45
PRA ,2019-04-12 13:08:55,45
PRA ,2019-04-12 13:45:13,45
PRA ,2019-04-12 14:45:09,45
PRA ,2019-04-12 15:45:18,45
PRA ,2019-04-12 16:45:15,45
PRA ,2019-04-12 17:45:11,45
PRA ,2019-04-12 18:45:10,45
PRA ,2019-04-12 19:45:10,45
PRA ,2019-04-12 20:45:10,45
PRA ,2019-04-12 21:45:09,45
PRA ,2019-04-12 22:45:23,45
PRA ,2019-04-12 23:45:09,45
PRA ,2019-04-13 00:45:13,45
PRA ,2019-04-13 01:45:11,45
PRA ,2019-04-13 02:45:13,45
PRA ,2019-04-13 03:45:28,45
PRA ,2019-04-13 04:45:14,45
PRA ,2019-04-13 05:45:11,45
PRA ,2019-04-13 06:45:12,45
PRA ,2019-04-13 07:45:07,45
PRA ,2019-04-13 08:45:11,45
PRA ,2019-04-13 09:45:16,45
PRA ,2019-04-13 10:45:07,45
PRA ,2019-04-13 11:45:12,45
PRA ,2019-04-13 12:45:10,45
PRA ,2019-04-13 13:45:12,45
PRA ,2019-04-13 14:45:15,45
PRA ,2019-04-13 15:45:14,45
PRA ,2019-04-13 16:45:12,45
PRA ,2019-04-13 17:45:09,45
PRA ,2019-04-13 18:45:11,45
PRA ,2019-04-13 19:45:12,45
PRA ,2019-04-13 20:45:10,45
PRA ,2019-04-13 21:45:17,45
PRA ,2019-04-13 22:45:10,45
PRA ,2019-04-13 23:45:09,45
PRA ,2019-04-14 00:45:12,45
PRA ,2019-04-14 01:45:15,45
PRA ,2019-04-14 02:45:10,45
PRA ,2019-04-14 03:45:11,45
PRA ,2019-04-14 04:45:21,45
PRA ,2019-04-14 05:45:10,45
PRA ,2019-04-14 06:45:11,45
PRA ,2019-04-14 07:45:15,45
PRA ,2019-04-14 08:45:10,45
PRA ,2019-04-14 09:45:12,45
PRA ,2019-04-14 10:45:07,45
PRA ,2019-04-14 11:45:15,45
PRA ,2019-04-14 12:45:08,45
PRA ,2019-04-14 13:45:13,45
PRA ,2019-04-14 14:45:20,45
PRA ,2019-04-14 15:45:15,45
PRA ,2019-04-14 16:45:16,45
PRA ,2019-04-14 17:45:12,45
PRA ,2019-04-14 18:45:42,45
PRA ,2019-04-14 19:45:14,45
PRA ,2019-04-14 20:45:17,45
PRA ,2019-04-14 21:45:24,45
PRA ,2019-04-14 22:45:11,45
PRA ,2019-04-14 23:45:13,45
PRA ,2019-04-15 00:45:11,45
PRA ,2019-04-15 01:45:10,45
PRA ,2019-04-15 02:45:11,45
PRA ,2019-04-15 03:45:26,45
PRA ,2019-04-15 04:45:12,45
PRA ,2019-04-15 05:45:12,45
PRA ,2019-04-15 06:45:08,45
PRA ,2019-04-15 07:45:10,45
PRA ,2019-04-15 08:45:16,45
PRA ,2019-04-15 09:45:08,45
PRA ,2019-04-15 10:45:08,45
PRA ,2019-04-15 11:45:09,45
PRA ,2019-04-15 13:10:53,45
PRA ,2019-04-15 13:45:09,45
PRA ,2019-04-15 14:45:13,45
PRA ,2019-04-15 15:45:21,45
PRA ,2019-04-15 16:45:11,45
PRA ,2019-04-15 17:45:18,45
PRA ,2019-04-15 18:45:17,45
PRA ,2019-04-15 19:45:36,45
PRA ,2019-04-15 20:45:11,44
PRA ,2019-04-15 21:45:12,44
PRA ,2019-04-15 22:45:13,44
PRA ,2019-04-15 23:45:18,44
PRA ,2019-04-16 00:45:14,44
PRA ,2019-04-16 01:45:11,44
PRA ,2019-04-16 02:45:14,44
PRA ,2019-04-16 03:45:19,44
PRA ,2019-04-16 04:45:12,44
PRA ,2019-04-16 05:45:10,44
PRA ,2019-04-16 06:45:10,44
PRA ,2019-04-16 07:45:09,44
PRA ,2019-04-16 08:45:25,44
PRA ,2019-04-16 09:45:10,44
PRA ,2019-04-16 10:45:19,44
PRA ,2019-04-16 11:45:09,44
PRA ,2019-04-16 13:09:13,44
PRA ,2019-04-16 13:45:11,44
PRA ,2019-04-16 14:45:17,44
PRA ,2019-04-16 15:45:09,44
PRA ,2019-04-16 16:45:09,44
PRA ,2019-04-16 17:45:07,44
PRA ,2019-04-16 18:45:19,44
PRA ,2019-04-16 19:45:10,44
PRA ,2019-04-16 20:45:11,44
PRA ,2019-04-16 21:45:07,44
PRA ,2019-04-16 22:45:08,44
PRA ,2019-04-16 23:45:08,44
PRA ,2019-04-17 00:45:09,44
PRA ,2019-04-17 01:45:12,44
PRA ,2019-04-17 02:45:19,44
PRA ,2019-04-17 03:45:09,44
PRA ,2019-04-17 04:45:10,44
PRA ,2019-04-17 05:45:10,44
PRA ,2019-04-17 06:45:27,44
PRA ,2019-04-17 07:45:11,44
PRA ,2019-04-17 08:45:09,44
PRA ,2019-04-17 09:45:18,44
PRA ,2019-04-17 10:45:08,44
PRA ,2019-04-17 11:45:10,44
PRA ,2019-04-17 13:10:18,44
PRA ,2019-04-17 13:45:12,44
PRA ,2019-04-17 14:45:10,44
PRA ,2019-04-17 15:45:43,44
PRA ,2019-04-17 16:45:11,44
PRA ,2019-04-17 17:45:18,44
PRA ,2019-04-17 18:45:10,44
PRA ,2019-04-17 19:45:10,44
PRA ,2019-04-17 20:45:10,44
PRA ,2019-04-17 21:45:09,44
PRA ,2019-04-17 22:45:11,44
PRA ,2019-04-18 00:45:10,44
PRA ,2019-04-18 01:45:11,44
PRA ,2019-04-18 02:45:08,44
PRA ,2019-04-18 03:45:22,44
PRA ,2019-04-18 04:45:12,44
PRA ,2019-04-18 05:45:18,44
PRA ,2019-04-18 06:45:09,44
PRA ,2019-04-18 07:45:08,44
PRA ,2019-04-18 08:45:18,44
PRA ,2019-04-18 09:45:09,44
PRA ,2019-04-18 10:45:11,44
PRA ,2019-04-18 11:45:14,44
PRA ,2019-04-18 13:10:13,44
PRA ,2019-04-18 13:45:12,44
PRA ,2019-04-18 14:45:19,44
PRA ,2019-04-18 15:45:11,43
PRA ,2019-04-18 16:45:15,43
PRA ,2019-04-18 17:45:19,43
PRA ,2019-04-18 18:45:11,43
PRA ,2019-04-18 19:45:09,43
PRA ,2019-04-18 20:45:10,43
PRA ,2019-04-18 21:45:13,43
PRA ,2019-04-18 22:45:12,43
PRA ,2019-04-18 23:45:18,43
PRA ,2019-04-19 00:47:15,43
PRA ,2019-04-19 02:45:11,43
PRA ,2019-04-19 03:45:23,43
PRA ,2019-04-19 04:45:10,43
PRA ,2019-04-19 05:45:09,43
PRA ,2019-04-19 06:45:11,43
PRA ,2019-04-19 07:45:18,43
PRA ,2019-04-19 08:45:14,43
PRA ,2019-04-19 09:45:10,43
PRA ,2019-04-19 10:45:13,43
PRA ,2019-04-19 11:45:08,43
PRA ,2019-04-19 12:45:10,43
PRA ,2019-04-19 13:45:14,43
PRA ,2019-04-19 14:45:16,43
PRA ,2019-04-19 15:45:09,43
PRA ,2019-04-19 16:45:13,43
PRA ,2019-04-19 17:45:21,43
PRA ,2019-04-19 18:45:11,43
PRA ,2019-04-19 19:45:09,43
PRA ,2019-04-19 20:45:09,43
PRA ,2019-04-19 21:45:09,43
PRA ,2019-04-19 22:45:09,43
PRA ,2019-04-19 23:45:13,43
PRA ,2019-04-20 00:45:19,43
PRA ,2019-04-20 01:45:13,43
PRA ,2019-04-20 02:45:12,43
PRA ,2019-04-20 03:45:09,43
PRA ,2019-04-20 04:45:18,43
PRA ,2019-04-20 05:45:10,43
PRA ,2019-04-20 06:45:09,43
PRA ,2019-04-20 07:45:14,43
PRA ,2019-04-20 08:45:11,43
PRA ,2019-04-20 09:45:17,43
PRA ,2019-04-20 10:45:11,43
PRA ,2019-04-20 11:45:07,43
PRA ,2019-04-20 12:45:24,43
PRA ,2019-04-20 13:46:27,43
PRA ,2019-04-20 14:45:09,43
PRA ,2019-04-20 15:45:08,43
PRA ,2019-04-20 16:45:15,43
PRA ,2019-04-20 17:45:14,43
PRA ,2019-04-20 18:45:09,43
PRA ,2019-04-20 19:45:10,43
PRA ,2019-04-20 20:45:09,43
PRA ,2019-04-20 21:45:08,43
PRA ,2019-04-20 22:45:10,43
PRA ,2019-04-20 23:45:19,43
PRA ,2019-04-21 00:45:09,43
PRA ,2019-04-21 01:45:09,43
PRA ,2019-04-21 02:45:12,43
PRA ,2019-04-21 03:45:11,43
PRA ,2019-04-21 04:45:15,43
PRA ,2019-04-21 05:45:09,43
PRA ,2019-04-21 06:45:08,43
PRA ,2019-04-21 07:45:17,43
PRA ,2019-04-21 08:45:07,43
PRA ,2019-04-21 09:45:08,43
PRA ,2019-04-21 10:45:11,43
PRA ,2019-04-21 11:45:12,43
PRA ,2019-04-21 12:45:09,43
PRA ,2019-04-21 13:45:09,43
PRA ,2019-04-21 14:45:18,43
PRA ,2019-04-21 15:45:10,43
PRA ,2019-04-21 16:45:11,43
PRA ,2019-04-21 17:45:11,43
PRA ,2019-04-21 18:45:08,43
PRA ,2019-04-21 19:45:18,43
PRA ,2019-04-21 20:45:07,43
PRA ,2019-04-21 21:45:09,43
PRA ,2019-04-21 22:45:07,43
PRA ,2019-04-21 23:45:08,43
PRA ,2019-04-22 00:45:08,43
PRA ,2019-04-22 01:45:16,43
PRA ,2019-04-22 02:45:21,43
PRA ,2019-04-22 03:45:10,43
PRA ,2019-04-22 04:45:06,43
PRA ,2019-04-22 05:45:09,43
PRA ,2019-04-22 06:45:13,43
PRA ,2019-04-22 07:45:12,43
PRA ,2019-04-22 08:45:09,43
PRA ,2019-04-22 09:45:08,43
PRA ,2019-04-22 10:45:15,43
PRA ,2019-04-22 11:45:14,43
PRA ,2019-04-22 13:10:45,43
PRA ,2019-04-22 13:45:14,43
PRA ,2019-04-22 14:45:16,44
PRA ,2019-04-22 15:45:11,44
PRA ,2019-04-22 16:45:10,44
PRA ,2019-04-22 17:45:12,44
PRA ,2019-04-22 18:45:17,44
PRA ,2019-04-22 19:45:14,44
PRA ,2019-04-22 20:45:10,44
PRA ,2019-04-22 21:45:11,44
PRA ,2019-04-22 22:45:11,44
PRA ,2019-04-22 23:45:16,44
PRA ,2019-04-23 00:45:14,44
PRA ,2019-04-23 01:45:10,44
PRA ,2019-04-23 02:45:10,44
PRA ,2019-04-23 03:45:14,44
PRA ,2019-04-23 04:45:17,44
PRA ,2019-04-23 05:45:11,44
PRA ,2019-04-23 06:45:48,44
PRA ,2019-04-23 07:45:10,44
PRA ,2019-04-23 08:45:07,44
PRA ,2019-04-23 09:45:10,44
PRA ,2019-04-23 10:45:14,44
PRA ,2019-04-23 11:45:14,44
PRA ,2019-04-23 13:11:16,44
PRA ,2019-04-23 13:45:10,44
PRA ,2019-04-23 14:45:09,44
PRA ,2019-04-23 15:45:16,43
PRA ,2019-04-23 16:45:11,43
PRA ,2019-04-23 17:45:11,43
PRA ,2019-04-23 18:45:09,43
PRA ,2019-04-23 19:45:13,43
PRA ,2019-04-23 20:45:22,43
PRA ,2019-04-23 21:45:12,43
PRA ,2019-04-23 22:45:10,43
PRA ,2019-04-23 23:45:12,43
PRA ,2019-04-24 00:45:09,43
PRA ,2019-04-24 01:45:11,43
PRA ,2019-04-24 02:45:18,43
PRA ,2019-04-24 03:45:12,43
PRA ,2019-04-24 04:45:10,43
PRA ,2019-04-24 05:45:08,43
PRA ,2019-04-24 06:45:13,43
PRA ,2019-04-24 07:45:19,43
PRA ,2019-04-24 08:45:10,43
PRA ,2019-04-24 09:45:11,43
PRA ,2019-04-24 10:45:17,43
PRA ,2019-04-24 11:45:17,43
PRA ,2019-04-24 12:45:09,43
PRA ,2019-04-24 13:45:29,43
PRA ,2019-04-24 14:45:15,43
PRA ,2019-04-24 15:45:16,43
PRA ,2019-04-24 16:45:15,43
PRA ,2019-04-24 17:45:15,43
PRA ,2019-04-24 18:45:29,44
PRA ,2019-04-24 19:45:13,44
PRA ,2019-04-24 20:45:14,43
PRA ,2019-04-24 21:45:13,43
PRA ,2019-04-24 22:45:11,43
PRA ,2019-04-24 23:45:23,43
PRA ,2019-04-25 00:45:14,43
PRA ,2019-04-25 01:45:12,43
PRA ,2019-04-25 02:45:12,43
PRA ,2019-04-25 03:45:22,43
PRA ,2019-04-25 04:45:11,43
PRA ,2019-04-25 05:45:11,43
PRA ,2019-04-25 06:45:16,43
PRA ,2019-04-25 07:45:11,43
PRA ,2019-04-25 08:45:15,43
PRA ,2019-04-25 09:45:10,43
PRA ,2019-04-25 10:45:15,43
PRA ,2019-04-25 11:45:15,43
PRA ,2019-04-25 13:09:47,43
PRA ,2019-04-25 13:45:11,43
PRA ,2019-04-25 14:45:19,43
PRA ,2019-04-25 15:45:10,43
PRA ,2019-04-25 16:45:17,43
PRA ,2019-04-25 17:45:08,43
PRA ,2019-04-25 18:45:08,43
PRA ,2019-04-25 19:45:15,43
PRA ,2019-04-25 20:45:08,44
PRA ,2019-04-25 21:45:18,44
PRA ,2019-04-25 22:45:08,44
PRA ,2019-04-25 23:45:08,44
PRA ,2019-04-26 00:45:12,44
PRA ,2019-04-26 01:45:19,44
PRA ,2019-04-26 02:45:11,44
PRA ,2019-04-26 03:45:11,44
PRA ,2019-04-26 04:45:14,44
PRA ,2019-04-26 05:45:16,44
PRA ,2019-04-26 06:45:13,44
PRA ,2019-04-26 07:45:09,44
PRA ,2019-04-26 08:45:18,44
PRA ,2019-04-26 09:45:08,44
PRA ,2019-04-26 10:45:21,44
PRA ,2019-04-26 11:45:09,44
PRA ,2019-04-26 12:45:10,44
PRA ,2019-04-26 13:45:16,44
PRA ,2019-04-26 14:45:09,44
PRA ,2019-04-26 15:45:16,45
PRA ,2019-04-26 16:45:08,45
PRA ,2019-04-26 17:45:10,45
PRA ,2019-04-26 18:45:10,45
PRA ,2019-04-26 19:45:08,46
PRA ,2019-04-26 20:45:15,46
PRA ,2019-04-26 21:45:08,46
PRA ,2019-04-26 22:45:08,46
PRA ,2019-04-26 23:45:09,46
PRA ,2019-04-27 00:45:10,46
PRA ,2019-04-27 01:45:15,46
PRA ,2019-04-27 02:45:08,46
PRA ,2019-04-27 03:45:07,46
PRA ,2019-04-27 04:45:06,46
PRA ,2019-04-27 05:45:10,46
PRA ,2019-04-27 06:45:14,46
PRA ,2019-04-27 07:45:06,46
PRA ,2019-04-27 08:45:07,46
PRA ,2019-04-27 09:45:12,46
PRA ,2019-04-27 10:45:10,46
PRA ,2019-04-27 11:45:04,46
PRA ,2019-04-27 12:45:06,46
PRA ,2019-04-27 13:45:12,46
PRA ,2019-04-27 14:45:07,46
PRA ,2019-04-27 15:45:05,46
PRA ,2019-04-27 16:45:09,46
PRA ,2019-04-27 17:45:17,46
PRA ,2019-04-27 18:45:09,46
PRA ,2019-04-27 19:45:04,46
PRA ,2019-04-27 20:45:09,46
PRA ,2019-04-27 21:45:10,46
PRA ,2019-04-27 22:45:06,46
PRA ,2019-04-27 23:45:06,46
PRA ,2019-04-28 00:45:07,46
PRA ,2019-04-28 01:45:09,46
PRA ,2019-04-28 02:45:07,46
PRA ,2019-04-28 03:45:07,46
PRA ,2019-04-28 04:45:16,46
PRA ,2019-04-28 05:45:07,46
PRA ,2019-04-28 06:45:06,46
PRA ,2019-04-28 07:45:05,46
PRA ,2019-04-28 08:45:11,46
PRA ,2019-04-28 09:45:06,46
PRA ,2019-04-28 10:45:12,46
PRA ,2019-04-28 11:45:10,46
PRA ,2019-04-28 12:45:06,46
PRA ,2019-04-28 13:45:06,46
PRA ,2019-04-28 14:45:13,46
PRA ,2019-04-28 15:45:07,46
PRA ,2019-04-28 16:45:05,46
PRA ,2019-04-28 17:45:08,46
PRA ,2019-04-28 18:45:08,46
PRA ,2019-04-28 20:45:06,46
PRA ,2019-04-28 21:45:09,46
PRA ,2019-04-28 22:45:07,46
PRA ,2019-04-28 23:45:09,46
PRA ,2019-04-29 00:45:14,46
PRA ,2019-04-29 01:45:05,46
PRA ,2019-04-29 02:45:05,46
PRA ,2019-04-29 03:45:08,46
PRA ,2019-04-29 04:45:13,46
PRA ,2019-04-29 05:45:07,46
PRA ,2019-04-29 06:45:06,46
PRA ,2019-04-29 07:45:08,46
PRA ,2019-04-29 08:45:13,46
PRA ,2019-04-29 09:45:11,46
PRA ,2019-04-29 10:45:06,46
PRA ,2019-04-29 11:45:07,46
PRA ,2019-04-29 12:45:15,46
PRA ,2019-04-29 13:45:06,46
PRA ,2019-04-29 14:45:14,46
PRA ,2019-04-29 15:45:06,45
PRA ,2019-04-29 16:45:11,45
PRA ,2019-04-29 17:45:09,45
PRA ,2019-04-29 18:45:09,45
PRA ,2019-04-29 19:45:12,44
PRA ,2019-04-29 20:45:20,44
PRA ,2019-04-29 21:45:08,44
PRA ,2019-04-29 22:45:06,44
PRA ,2019-04-29 23:45:10,44
PRA ,2019-04-30 00:45:07,44
PRA ,2019-04-30 01:45:12,44
PRA ,2019-04-30 02:45:15,44
PRA ,2019-04-30 03:45:16,44
PRA ,2019-04-30 04:45:10,44
PRA ,2019-04-30 05:45:12,44
PRA ,2019-04-30 06:45:10,44
PRA ,2019-04-30 07:45:10,44
PRA ,2019-04-30 08:45:12,44
PRA ,2019-04-30 09:45:17,44
PRA ,2019-04-30 10:45:12,44
PRA ,2019-04-30 11:45:09,44
PRA ,2019-04-30 13:09:14,44
PRA ,2019-04-30 13:45:13,44
PRA ,2019-04-30 14:45:13,44
PRA ,2019-04-30 15:45:14,44
PRA ,2019-04-30 16:45:14,44
PRA ,2019-04-30 17:45:20,44
PRA ,2019-04-30 18:45:10,43
PRA ,2019-04-30 19:45:15,43
PRA ,2019-04-30 20:45:10,43
PRA ,2019-04-30 21:45:10,43
PRA ,2019-04-30 22:45:07,43
PRA ,2019-04-30 23:45:15,43
PRA ,2019-05-01 00:45:06,43
PRA ,2019-05-01 01:45:18,43
PRA ,2019-05-01 02:45:12,43
PRA ,2019-05-01 03:45:20,43
PRA ,2019-05-01 04:45:18,43
PRA ,2019-05-01 05:45:14,43
PRA ,2019-05-01 06:45:08,43
PRA ,2019-05-01 07:45:14,43
PRA ,2019-05-01 08:45:13,43
PRA ,2019-05-01 09:45:13,43
PRA ,2019-05-01 10:45:08,43
PRA ,2019-05-01 11:45:12,43
PRA ,2019-05-01 13:09:13,43
PRA ,2019-05-01 13:45:14,43
PRA ,2019-05-01 14:45:05,43
PRA ,2019-05-01 15:45:16,42
PRA ,2019-05-01 16:45:11,42
PRA ,2019-05-01 17:45:07,42
PRA ,2019-05-01 18:45:14,42
PRA ,2019-05-01 19:45:20,42
PRA ,2019-05-01 20:45:17,42
PRA ,2019-05-01 21:45:12,42
PRA ,2019-05-01 22:45:16,42
PRA ,2019-05-01 23:45:16,42
PRA ,2019-05-02 00:45:19,42
PRA ,2019-05-02 01:45:12,42
PRA ,2019-05-02 02:45:20,42
PRA ,2019-05-02 03:45:13,42
PRA ,2019-05-02 04:45:21,42
PRA ,2019-05-02 05:45:22,42
PRA ,2019-05-02 06:45:20,42
PRA ,2019-05-02 07:45:16,42
PRA ,2019-05-02 08:45:16,42
PRA ,2019-05-02 09:45:11,42
PRA ,2019-05-02 10:45:17,42
PRA ,2019-05-02 11:45:11,42
PRA ,2019-05-02 13:45:24,42
PRA ,2019-05-02 14:45:13,42
PRA ,2019-05-02 15:45:13,42
PRA ,2019-05-02 16:45:21,42
PRA ,2019-05-02 17:45:14,42
PRA ,2019-05-02 18:45:14,42
PRA ,2019-05-02 19:45:23,42
PRA ,2019-05-02 20:45:15,42
PRA ,2019-05-02 21:45:18,42
PRA ,2019-05-02 22:45:26,42
PRA ,2019-05-02 23:45:12,42
PRA ,2019-05-03 00:45:14,42
PRA ,2019-05-03 01:45:26,42
PRA ,2019-05-03 02:45:15,42
PRA ,2019-05-03 03:45:24,42
PRA ,2019-05-03 04:45:14,42
PRA ,2019-05-03 05:45:34,42
PRA ,2019-05-03 06:45:18,42
PRA ,2019-05-03 07:45:19,42
PRA ,2019-05-03 08:45:19,42
PRA ,2019-05-03 09:45:18,42
PRA ,2019-05-03 10:45:23,42
PRA ,2019-05-03 11:45:17,42
PRA ,2019-05-03 13:08:28,42
PRA ,2019-05-03 13:45:32,42
PRA ,2019-05-03 14:45:24,42
PRA ,2019-05-03 15:45:20,42
PRA ,2019-05-03 16:45:19,42
PRA ,2019-05-03 17:45:22,42
PRA ,2019-05-03 18:45:32,42
PRA ,2019-05-03 19:45:26,42
PRA ,2019-05-03 20:45:14,42
PRA ,2019-05-03 21:45:27,42
PRA ,2019-05-03 22:45:15,42
PRA ,2019-05-03 23:45:24,42
PRA ,2019-05-04 00:45:19,42
PRA ,2019-05-04 01:45:22,42
PRA ,2019-05-04 02:45:26,42
PRA ,2019-05-04 03:45:30,42
PRA ,2019-05-04 04:45:22,42
PRA ,2019-05-04 05:45:20,42
PRA ,2019-05-04 06:45:22,42
PRA ,2019-05-04 07:45:21,42
PRA ,2019-05-04 08:45:13,42
PRA ,2019-05-04 09:45:17,42
PRA ,2019-05-04 10:45:12,42
PRA ,2019-05-04 11:45:19,42
PRA ,2019-05-04 12:45:22,42
PRA ,2019-05-04 13:45:23,42
PRA ,2019-05-04 14:45:14,42
PRA ,2019-05-04 15:45:16,42
PRA ,2019-05-04 16:45:19,42
PRA ,2019-05-04 17:45:14,42
PRA ,2019-05-04 18:45:15,42
PRA ,2019-05-04 19:45:18,42
PRA ,2019-05-04 20:45:12,42
PRA ,2019-05-04 21:45:15,42
PRA ,2019-05-04 22:45:17,42
PRA ,2019-05-04 23:45:21,42
PRA ,2019-05-05 00:45:16,42
PRA ,2019-05-05 01:45:22,42
PRA ,2019-05-05 02:45:15,42
PRA ,2019-05-05 03:45:20,42
PRA ,2019-05-05 04:45:20,42
PRA ,2019-05-05 05:45:22,42
PRA ,2019-05-05 06:45:22,42
PRA ,2019-05-05 07:45:16,42
PRA ,2019-05-05 08:45:11,42
PRA ,2019-05-05 09:45:12,42
PRA ,2019-05-05 10:45:15,42
PRA ,2019-05-05 11:45:17,42
PRA ,2019-05-05 12:45:15,42
PRA ,2019-05-05 13:45:16,42
PRA ,2019-05-05 14:45:17,42
PRA ,2019-05-05 15:45:15,42
PRA ,2019-05-05 16:45:13,42
PRA ,2019-05-05 17:45:23,42
PRA ,2019-05-05 18:45:15,42
PRA ,2019-05-05 19:45:13,42
PRA ,2019-05-05 20:45:14,42
PRA ,2019-05-05 21:45:15,42
PRA ,2019-05-05 22:45:17,42
PRA ,2019-05-05 23:45:18,42
PRA ,2019-05-06 00:45:13,42
PRA ,2019-05-06 01:45:13,42
PRA ,2019-05-06 02:45:13,42
PRA ,2019-05-06 03:45:19,42
PRA ,2019-05-06 04:45:11,42
PRA ,2019-05-06 05:45:10,42
PRA ,2019-05-06 06:45:11,42
PRA ,2019-05-06 07:45:17,42
PRA ,2019-05-06 08:45:12,42
PRA ,2019-05-06 09:45:09,42
PRA ,2019-05-06 10:45:16,42
PRA ,2019-05-06 11:45:17,42
PRA ,2019-05-06 13:10:30,42
PRA ,2019-05-06 13:45:33,42
PRA ,2019-05-06 14:45:32,42
PRA ,2019-05-06 15:45:11,42
PRA ,2019-05-06 16:45:16,42
PRA ,2019-05-06 17:37:07,41
PRA ,2019-05-06 17:45:12,41
PRA ,2019-05-06 18:45:15,40
PRA ,2019-05-06 19:45:17,40
PRA ,2019-05-06 20:45:09,40
PRA ,2019-05-06 21:45:09,40
PRA ,2019-05-06 22:45:14,40
PRA ,2019-05-06 23:45:08,40
PRA ,2019-05-07 00:45:11,40
PRA ,2019-05-07 01:45:23,40
PRA ,2019-05-07 02:45:11,40
PRA ,2019-05-07 03:45:14,40
PRA ,2019-05-07 04:45:13,40
PRA ,2019-05-07 05:45:10,40
PRA ,2019-05-07 06:45:08,40
PRA ,2019-05-07 07:45:10,40
PRA ,2019-05-07 08:45:06,40
PRA ,2019-05-07 09:45:13,40
PRA ,2019-05-07 10:45:10,40
PRA ,2019-05-07 11:45:07,40
PRA ,2019-05-07 12:45:16,40
PRA ,2019-05-07 13:45:15,40
PRA ,2019-05-07 14:45:09,40
PRA ,2019-05-07 15:45:07,40
PRA ,2019-05-07 16:45:16,40
PRA ,2019-05-07 17:45:14,40
PRA ,2019-05-07 18:45:13,41
PRA ,2019-05-07 19:45:16,41
PRA ,2019-05-07 20:45:11,41
PRA ,2019-05-07 21:45:09,41
PRA ,2019-05-07 22:45:10,41
PRA ,2019-05-07 23:45:15,41
PRA ,2019-05-08 00:45:09,41
PRA ,2019-05-08 01:45:11,41
PRA ,2019-05-08 02:45:11,41
PRA ,2019-05-08 03:45:17,41
PRA ,2019-05-08 04:45:12,41
PRA ,2019-05-08 05:45:12,41
PRA ,2019-05-08 06:45:12,41
PRA ,2019-05-08 07:45:10,41
PRA ,2019-05-08 08:45:08,41
PRA ,2019-05-08 09:45:19,41
PRA ,2019-05-08 10:45:09,41
PRA ,2019-05-08 11:45:14,41
PRA ,2019-05-08 13:09:16,41
PRA ,2019-05-08 13:45:13,41
PRA ,2019-05-08 14:45:17,41
PRA ,2019-05-08 15:45:16,41
PRA ,2019-05-08 16:45:14,41
PRA ,2019-05-08 17:45:15,41
PRA ,2019-05-08 18:45:22,41
PRA ,2019-05-08 19:45:12,41
PRA ,2019-05-08 20:45:10,41
PRA ,2019-05-08 21:45:13,41
PRA ,2019-05-08 22:45:11,41
PRA ,2019-05-08 23:45:24,41
PRA ,2019-05-09 00:45:12,41
PRA ,2019-05-09 01:45:14,41
PRA ,2019-05-09 02:45:16,41
PRA ,2019-05-09 03:45:22,41
PRA ,2019-05-09 04:45:22,41
PRA ,2019-05-09 05:45:13,41
PRA ,2019-05-09 06:45:18,41
PRA ,2019-05-09 07:45:16,41
PRA ,2019-05-09 08:45:14,41
PRA ,2019-05-09 09:45:22,41
PRA ,2019-05-09 10:45:12,41
PRA ,2019-05-09 11:45:18,41
PRA ,2019-05-09 13:08:48,41
PRA ,2019-05-09 13:45:15,41
PRA ,2019-05-09 14:45:16,41
PRA ,2019-05-09 15:45:18,41
PRA ,2019-05-09 16:45:15,41
PRA ,2019-05-09 17:45:23,41
PRA ,2019-05-09 18:45:14,41
PRA ,2019-05-09 19:45:16,41
PRA ,2019-05-09 20:45:14,41
PRA ,2019-05-09 21:45:12,41
PRA ,2019-05-09 22:45:23,41
PRA ,2019-05-09 23:45:11,41
PRA ,2019-05-10 00:45:14,41
PRA ,2019-05-10 01:45:17,41
PRA ,2019-05-10 02:45:28,41
PRA ,2019-05-10 03:45:12,41
PRA ,2019-05-10 04:45:23,41
PRA ,2019-05-10 05:45:12,41
PRA ,2019-05-10 06:45:45,41
PRA ,2019-05-10 07:45:10,41
PRA ,2019-05-10 08:45:17,41
PRA ,2019-05-10 09:45:12,41
PRA ,2019-05-10 10:45:14,41
PRA ,2019-05-10 11:45:12,41
PRA ,2019-05-10 12:45:22,41
PRA ,2019-05-10 13:45:13,41
PRA ,2019-05-10 14:45:18,41
PRA ,2019-05-10 15:45:12,41
PRA ,2019-05-10 16:45:13,41
PRA ,2019-05-10 17:45:13,41
PRA ,2019-05-10 18:45:21,41
PRA ,2019-05-10 19:45:13,41
PRA ,2019-05-10 20:45:11,41
PRA ,2019-05-10 21:45:12,41
PRA ,2019-05-10 22:45:18,41
PRA ,2019-05-10 23:45:15,41
PRA ,2019-05-11 00:45:25,41
PRA ,2019-05-11 01:45:12,41
PRA ,2019-05-11 02:45:22,41
PRA ,2019-05-11 03:45:12,41
PRA ,2019-05-11 04:45:13,41
PRA ,2019-05-11 05:45:26,41
PRA ,2019-05-11 06:45:10,41
PRA ,2019-05-11 07:45:10,41
PRA ,2019-05-11 08:45:19,41
PRA ,2019-05-11 09:45:10,41
PRA ,2019-05-11 10:45:23,41
PRA ,2019-05-11 11:45:11,41
PRA ,2019-05-11 12:45:11,41
PRA ,2019-05-11 13:45:18,41
PRA ,2019-05-11 14:45:12,41
PRA ,2019-05-11 15:45:15,41
PRA ,2019-05-11 16:45:25,41
PRA ,2019-05-11 17:45:13,41
PRA ,2019-05-11 18:45:15,41
PRA ,2019-05-11 19:45:14,41
PRA ,2019-05-11 20:45:13,41
PRA ,2019-05-11 21:45:18,41
PRA ,2019-05-11 22:45:16,41
PRA ,2019-05-11 23:45:14,41
PRA ,2019-05-12 00:45:12,41
PRA ,2019-05-12 01:45:13,41
PRA ,2019-05-12 02:45:14,41
PRA ,2019-05-12 03:45:21,41
PRA ,2019-05-12 04:45:13,41
PRA ,2019-05-12 05:45:14,41
PRA ,2019-05-12 06:45:12,41
PRA ,2019-05-12 07:45:18,41
PRA ,2019-05-12 08:45:11,41
PRA ,2019-05-12 09:45:16,41
PRA ,2019-05-12 10:45:11,41
PRA ,2019-05-12 11:45:10,41
PRA ,2019-05-12 12:45:10,41
PRA ,2019-05-12 13:45:17,41
PRA ,2019-05-12 14:45:11,41
PRA ,2019-05-12 15:45:12,41
PRA ,2019-05-12 16:45:14,41
PRA ,2019-05-12 17:45:20,41
PRA ,2019-05-12 18:45:11,41
PRA ,2019-05-12 19:45:12,41
PRA ,2019-05-12 20:45:11,41
PRA ,2019-05-12 21:45:10,41
PRA ,2019-05-12 22:45:20,41
PRA ,2019-05-12 23:45:11,41
PRA ,2019-05-13 00:45:14,41
PRA ,2019-05-13 01:45:09,41
PRA ,2019-05-13 02:45:10,41
PRA ,2019-05-13 03:45:17,41
PRA ,2019-05-13 04:45:09,41
PRA ,2019-05-13 05:45:08,41
PRA ,2019-05-13 06:45:16,41
PRA ,2019-05-13 07:45:07,41
PRA ,2019-05-13 08:45:10,41
PRA ,2019-05-13 09:45:12,41
PRA ,2019-05-13 10:45:16,41
PRA ,2019-05-13 11:45:12,41
PRA ,2019-05-13 13:08:46,41
PRA ,2019-05-13 13:45:11,41
PRA ,2019-05-13 14:45:11,41
PRA ,2019-05-13 15:45:19,41
PRA ,2019-05-13 16:45:12,41
PRA ,2019-05-13 17:45:12,41
PRA ,2019-05-13 18:45:14,41
PRA ,2019-05-13 19:45:16,41
PRA ,2019-05-13 20:45:10,41
PRA ,2019-05-13 21:45:13,41
PRA ,2019-05-13 22:45:11,41
PRA ,2019-05-13 23:45:12,41
PRA ,2019-05-14 00:45:35,41
PRA ,2019-05-14 01:45:10,41
PRA ,2019-05-14 02:45:14,41
PRA ,2019-05-14 03:45:20,41
PRA ,2019-05-14 04:45:12,41
PRA ,2019-05-14 05:45:11,41
PRA ,2019-05-14 06:45:20,41
PRA ,2019-05-14 07:45:13,41
PRA ,2019-05-14 08:45:13,41
PRA ,2019-05-14 09:45:19,41
PRA ,2019-05-14 10:45:11,41
PRA ,2019-05-14 11:45:11,41
PRA ,2019-05-14 13:08:19,41
PRA ,2019-05-14 13:45:15,41
PRA ,2019-05-14 14:45:11,42
PRA ,2019-05-14 15:45:15,42
PRA ,2019-05-14 16:45:13,42
PRA ,2019-05-14 17:45:16,42
PRA ,2019-05-14 18:45:13,42
PRA ,2019-05-14 19:45:09,42
PRA ,2019-05-14 20:45:10,42
PRA ,2019-05-14 21:45:09,42
PRA ,2019-05-14 22:45:17,42
PRA ,2019-05-14 23:45:13,42
PRA ,2019-05-15 00:45:11,42
PRA ,2019-05-15 01:45:13,42
PRA ,2019-05-15 02:45:12,42
PRA ,2019-05-15 03:45:17,42
PRA ,2019-05-15 04:45:14,42
PRA ,2019-05-15 05:45:15,42
PRA ,2019-05-15 06:45:16,42
PRA ,2019-05-15 07:45:13,42
PRA ,2019-05-15 08:45:15,42
PRA ,2019-05-15 09:45:20,42
PRA ,2019-05-15 10:45:22,42
PRA ,2019-05-15 11:45:11,42
PRA ,2019-05-15 13:09:18,42
PRA ,2019-05-15 13:45:13,42
PRA ,2019-05-15 14:45:14,42
PRA ,2019-05-15 15:45:11,42
PRA ,2019-05-15 16:45:19,42
PRA ,2019-05-15 17:45:14,42
PRA ,2019-05-15 18:45:18,42
PRA ,2019-05-15 19:45:14,42
PRA ,2019-05-15 20:45:13,42
PRA ,2019-05-15 21:45:17,42
PRA ,2019-05-15 22:45:13,42
PRA ,2019-05-15 23:45:13,42
PRA ,2019-05-16 00:45:12,42
PRA ,2019-05-16 01:45:23,42
PRA ,2019-05-16 02:45:18,42
PRA ,2019-05-16 03:45:11,42
PRA ,2019-05-16 04:45:13,42
PRA ,2019-05-16 05:45:19,42
PRA ,2019-05-16 06:45:15,42
PRA ,2019-05-16 07:45:21,42
PRA ,2019-05-16 08:45:20,42
PRA ,2019-05-16 09:45:20,42
PRA ,2019-05-16 10:45:35,42
PRA ,2019-05-16 11:45:15,42
PRA ,2019-05-16 13:08:23,42
PRA ,2019-05-16 13:45:32,42
PRA ,2019-05-16 14:45:16,42
PRA ,2019-05-16 15:45:16,42
PRA ,2019-05-16 16:45:22,41
PRA ,2019-05-16 17:45:16,40
PRA ,2019-05-16 18:45:19,40
PRA ,2019-05-16 19:45:20,40
PRA ,2019-05-16 20:45:15,40
PRA ,2019-05-16 21:45:20,40
PRA ,2019-05-16 22:45:22,40
PRA ,2019-05-16 23:45:18,40
PRA ,2019-05-17 00:45:31,40
PRA ,2019-05-17 01:45:22,40
PRA ,2019-05-17 02:45:17,40
PRA ,2019-05-17 03:45:15,40
PRA ,2019-05-17 04:45:16,40
PRA ,2019-05-17 05:45:18,40
PRA ,2019-05-17 06:45:24,40
PRA ,2019-05-17 07:45:18,40
PRA ,2019-05-17 08:45:26,40
PRA ,2019-05-17 09:45:24,40
PRA ,2019-05-17 10:45:16,40
PRA ,2019-05-17 11:45:22,40
PRA ,2019-05-17 13:09:51,40
PRA ,2019-05-17 13:45:32,40
PRA ,2019-05-17 14:45:18,40
PRA ,2019-05-17 15:45:15,40
PRA ,2019-05-17 16:45:20,40
PRA ,2019-05-17 17:45:16,40
PRA ,2019-05-17 18:45:16,40
PRA ,2019-05-17 19:45:22,40
PRA ,2019-05-17 20:45:15,40
PRA ,2019-05-17 21:45:16,40
PRA ,2019-05-17 22:45:16,40
PRA ,2019-05-17 23:45:16,40
PRA ,2019-05-18 00:45:15,40
PRA ,2019-05-18 01:45:19,40
PRA ,2019-05-18 02:45:18,40
PRA ,2019-05-18 04:45:12,40
PRA ,2019-05-18 05:45:06,40
PRA ,2019-05-18 06:45:10,40
PRA ,2019-05-18 07:45:07,40
PRA ,2019-05-18 08:45:07,40
PRA ,2019-05-18 09:45:06,40
PRA ,2019-05-18 10:45:06,40
PRA ,2019-05-18 11:45:10,40
PRA ,2019-05-18 12:45:06,40
PRA ,2019-05-18 13:45:09,40
PRA ,2019-05-18 14:45:07,40
PRA ,2019-05-18 15:45:12,40
PRA ,2019-05-18 16:45:06,40
PRA ,2019-05-18 17:45:09,40
PRA ,2019-05-18 18:45:05,40
PRA ,2019-05-18 19:45:07,40
PRA ,2019-05-18 20:45:06,40
PRA ,2019-05-18 21:45:07,40
PRA ,2019-05-18 22:45:07,40
PRA ,2019-05-18 23:45:05,40
PRA ,2019-05-19 00:45:04,40
PRA ,2019-05-19 01:45:06,40
PRA ,2019-05-19 02:45:05,40
PRA ,2019-05-19 03:45:05,40
PRA ,2019-05-19 04:45:09,40
PRA ,2019-05-19 05:45:05,40
PRA ,2019-05-19 06:45:06,40
PRA ,2019-05-19 07:45:05,40
PRA ,2019-05-19 08:45:05,40
PRA ,2019-05-19 09:45:05,40
PRA ,2019-05-19 10:45:05,40
PRA ,2019-05-19 11:45:07,40
PRA ,2019-05-19 12:45:08,40
PRA ,2019-05-19 13:45:08,40
PRA ,2019-05-19 14:45:05,40
PRA ,2019-05-19 15:45:05,40
PRA ,2019-05-19 16:45:08,40
PRA ,2019-05-19 17:45:08,40
PRA ,2019-05-19 18:45:06,40
PRA ,2019-05-19 19:45:06,40
PRA ,2019-05-19 20:45:08,40
PRA ,2019-05-19 21:45:07,40
PRA ,2019-05-19 22:45:06,40
PRA ,2019-05-19 23:45:08,40
PRA ,2019-05-20 00:45:07,40
PRA ,2019-05-20 01:45:07,40
PRA ,2019-05-20 02:45:10,40
PRA ,2019-05-20 03:45:07,40
PRA ,2019-05-20 04:45:08,40
PRA ,2019-05-20 05:45:07,40
PRA ,2019-05-20 06:45:06,40
PRA ,2019-05-20 07:45:07,40
PRA ,2019-05-20 08:45:06,40
PRA ,2019-05-20 09:45:07,40
PRA ,2019-05-20 10:45:06,40
PRA ,2019-05-20 11:45:07,40
PRA ,2019-05-20 12:45:12,40
PRA ,2019-05-20 13:45:09,40
PRA ,2019-05-20 14:45:08,40
PRA ,2019-05-20 15:45:06,40
PRA ,2019-05-20 16:45:09,40
PRA ,2019-05-20 17:45:07,39
PRA ,2019-05-20 18:45:05,39
PRA ,2019-05-20 19:45:06,39
PRA ,2019-05-20 20:45:05,39
PRA ,2019-05-20 21:45:06,39
PRA ,2019-05-20 22:45:06,39
PRA ,2019-05-20 23:45:12,39
PRA ,2019-05-21 00:45:06,39
PRA ,2019-05-21 01:45:09,39
PRA ,2019-05-21 02:45:06,39
PRA ,2019-05-21 03:45:06,39
PRA ,2019-05-21 04:45:08,39
PRA ,2019-05-21 05:45:06,39
PRA ,2019-05-21 06:45:04,39
PRA ,2019-05-21 07:45:07,39
PRA ,2019-05-21 08:45:06,39
PRA ,2019-05-21 09:45:03,39
PRA ,2019-05-21 10:45:07,39
PRA ,2019-05-21 11:45:04,39
PRA ,2019-05-21 13:09:09,39
PRA ,2019-05-21 13:45:06,39
PRA ,2019-05-21 14:45:08,39
PRA ,2019-05-21 15:45:05,39
PRA ,2019-05-21 16:45:05,39
PRA ,2019-05-21 17:45:05,39
PRA ,2019-05-21 18:45:06,39
PRA ,2019-05-21 19:45:07,39
PRA ,2019-05-21 20:45:06,39
PRA ,2019-05-21 21:45:05,39
PRA ,2019-05-21 22:45:10,39
PRA ,2019-05-21 23:45:08,39
PRA ,2019-05-22 00:45:06,39
PRA ,2019-05-22 01:45:06,39
PRA ,2019-05-22 02:45:05,39
PRA ,2019-05-22 03:45:06,39
PRA ,2019-05-22 04:45:09,39
PRA ,2019-05-22 05:45:07,39
PRA ,2019-05-22 06:45:05,39
PRA ,2019-05-22 07:45:07,39
PRA ,2019-05-22 08:45:13,39
PRA ,2019-05-22 09:45:13,39
PRA ,2019-05-22 10:45:05,39
PRA ,2019-05-22 11:45:07,39
PRA ,2019-05-22 12:45:07,39
PRA ,2019-05-22 13:45:08,39
PRA ,2019-05-22 14:45:06,39
PRA ,2019-05-22 15:45:11,39
PRA ,2019-05-22 16:45:07,39
PRA ,2019-05-22 17:45:05,39
PRA ,2019-05-22 18:45:06,39
PRA ,2019-05-22 19:45:05,39
PRA ,2019-05-22 20:45:05,39
PRA ,2019-05-22 21:45:06,39
PRA ,2019-05-22 22:45:05,39
PRA ,2019-05-22 23:45:05,39
PRA ,2019-05-23 00:45:07,39
PRA ,2019-05-23 01:45:06,39
PRA ,2019-05-23 02:45:09,39
PRA ,2019-05-23 03:45:07,39
PRA ,2019-05-23 04:45:10,39
PRA ,2019-05-23 05:45:07,39
PRA ,2019-05-23 06:45:07,39
PRA ,2019-05-23 07:45:09,39
PRA ,2019-05-23 08:45:07,39
PRA ,2019-05-23 09:45:07,39
PRA ,2019-05-23 10:45:07,39
PRA ,2019-05-23 11:45:06,39
PRA ,2019-05-23 12:45:11,39
PRA ,2019-05-23 13:45:07,39
PRA ,2019-05-23 14:45:07,39
PRA ,2019-05-23 15:45:05,39
PRA ,2019-05-23 16:45:05,39
PRA ,2019-05-23 17:45:06,39
PRA ,2019-05-23 18:45:06,39
PRA ,2019-05-23 19:45:09,39
PRA ,2019-05-23 20:45:07,39
PRA ,2019-05-23 21:45:06,39
PRA ,2019-05-23 22:45:06,39
PRA ,2019-05-23 23:45:08,39
PRA ,2019-05-24 00:45:08,39
PRA ,2019-05-24 01:45:07,39
PRA ,2019-05-24 02:45:06,39
PRA ,2019-05-24 03:45:05,39
PRA ,2019-05-24 04:45:07,39
PRA ,2019-05-24 05:45:10,39
PRA ,2019-05-24 06:45:05,39
PRA ,2019-05-24 07:45:05,39
PRA ,2019-05-24 08:45:06,39
PRA ,2019-05-24 09:45:07,39
PRA ,2019-05-24 10:45:09,39
PRA ,2019-05-24 11:45:06,39
PRA ,2019-05-24 13:09:11,39
PRA ,2019-05-24 13:45:06,39
PRA ,2019-05-24 14:45:06,39
PRA ,2019-05-24 15:45:06,39
PRA ,2019-05-24 16:45:06,39
PRA ,2019-05-24 17:45:07,39
PRA ,2019-05-24 18:45:09,39
PRA ,2019-05-24 19:45:07,39
PRA ,2019-05-24 20:45:09,39
PRA ,2019-05-24 21:45:11,39
PRA ,2019-05-24 22:45:08,39
PRA ,2019-05-24 23:45:12,39
PRA ,2019-05-25 00:45:09,39
PRA ,2019-05-25 01:45:06,39
PRA ,2019-05-25 04:45:09,39
PRA ,2019-05-26 04:45:11,39
PRA ,2019-05-26 05:45:08,39
PRA ,2019-05-26 06:45:07,39
PRA ,2019-05-26 07:45:09,39
PRA ,2019-05-26 08:45:06,39
PRA ,2019-05-26 09:45:06,39
PRA ,2019-05-26 10:45:07,39
PRA ,2019-05-26 11:45:08,39
PRA ,2019-05-26 12:45:06,39
PRA ,2019-05-26 13:45:06,39
PRA ,2019-05-26 14:45:08,39
PRA ,2019-05-26 15:45:05,39
PRA ,2019-05-26 16:45:06,39
PRA ,2019-05-26 17:45:10,39
PRA ,2019-05-26 18:45:07,39
PRA ,2019-05-26 19:45:51,39
PRA ,2019-05-26 20:45:06,39
PRA ,2019-05-26 21:45:08,39
PRA ,2019-05-26 22:45:07,39
PRA ,2019-05-26 23:45:05,39
PRA ,2019-05-27 00:45:06,39
PRA ,2019-05-27 01:45:07,39
PRA ,2019-05-27 02:45:07,39
PRA ,2019-05-27 03:45:08,39
PRA ,2019-05-27 04:45:09,39
PRA ,2019-05-27 05:45:07,39
PRA ,2019-05-27 06:45:07,39
PRA ,2019-05-27 07:45:13,39
PRA ,2019-05-27 08:45:12,39
PRA ,2019-05-27 09:45:12,39
PRA ,2019-05-27 10:45:09,39
PRA ,2019-05-27 11:45:06,39
PRA ,2019-05-27 12:45:06,39
PRA ,2019-05-27 13:45:07,39
PRA ,2019-05-27 14:45:07,39
PRA ,2019-05-27 15:45:07,39
PRA ,2019-05-27 16:45:06,39
PRA ,2019-05-27 17:45:11,39
PRA ,2019-05-27 18:45:06,39
PRA ,2019-05-27 19:45:05,39
PRA ,2019-05-27 20:45:05,39
PRA ,2019-05-27 21:45:06,39
PRA ,2019-05-27 22:45:05,39
PRA ,2019-05-27 23:45:06,39
PRA ,2019-05-28 00:45:05,39
PRA ,2019-05-28 01:45:07,39
PRA ,2019-05-28 02:45:09,39
PRA ,2019-05-28 03:45:07,39
PRA ,2019-05-28 04:45:07,39
PRA ,2019-05-28 05:45:07,39
PRA ,2019-05-28 06:45:12,39
PRA ,2019-05-28 07:45:09,39
PRA ,2019-05-28 08:45:07,39
PRA ,2019-05-28 09:45:09,39
PRA ,2019-05-28 10:45:06,39
PRA ,2019-05-28 11:45:06,39
PRA ,2019-05-28 12:45:06,39
PRA ,2019-05-28 13:45:08,39
PRA ,2019-05-28 14:45:08,39
PRA ,2019-05-28 15:45:07,39
PRA ,2019-05-28 16:45:08,39
PRA ,2019-05-28 17:45:12,39
PRA ,2019-05-28 18:45:08,39
PRA ,2019-05-28 19:45:07,39
PRA ,2019-05-28 20:45:07,39
PRA ,2019-05-28 21:45:07,39
PRA ,2019-05-28 22:45:08,39
PRA ,2019-05-28 23:45:08,39
PRA ,2019-05-29 00:45:09,39
PRA ,2019-05-29 01:45:07,39
PRA ,2019-05-29 02:45:07,39
PRA ,2019-05-29 03:45:06,39
PRA ,2019-05-29 04:45:07,39
PRA ,2019-05-29 05:45:10,39
PRA ,2019-05-29 06:45:08,39
PRA ,2019-05-29 07:45:11,39
PRA ,2019-05-29 08:45:08,39
PRA ,2019-05-29 09:45:15,39
PRA ,2019-05-29 10:45:08,39
PRA ,2019-05-29 11:45:07,39
PRA ,2019-05-29 13:08:12,39
PRA ,2019-05-29 13:45:10,39
PRA ,2019-05-29 14:45:10,39
PRA ,2019-05-29 15:45:08,39
PRA ,2019-05-29 16:45:07,39
PRA ,2019-05-29 17:45:09,39
PRA ,2019-05-29 18:45:08,39
PRA ,2019-05-29 19:45:11,39
PRA ,2019-05-29 20:45:06,39
PRA ,2019-05-29 21:45:08,39
PRA ,2019-05-29 22:45:08,39
PRA ,2019-05-29 23:45:09,39
PRA ,2019-05-30 00:45:07,39
PRA ,2019-05-30 01:45:08,39
PRA ,2019-05-30 02:45:09,39
PRA ,2019-05-30 03:45:08,39
PRA ,2019-05-30 04:45:09,39
PRA ,2019-05-30 05:45:10,39
PRA ,2019-05-30 06:45:07,39
PRA ,2019-05-30 07:45:07,39
PRA ,2019-05-30 08:45:15,39
PRA ,2019-05-30 09:45:08,39
PRA ,2019-05-30 10:45:06,39
PRA ,2019-05-30 11:45:08,39
PRA ,2019-05-30 12:45:12,39
PRA ,2019-05-30 13:45:07,39
PRA ,2019-05-30 14:45:10,39
PRA ,2019-05-30 15:45:09,39
PRA ,2019-05-30 16:45:06,39
PRA ,2019-05-30 17:45:09,39
PRA ,2019-05-30 18:45:08,39
PRA ,2019-05-30 19:45:08,39
PRA ,2019-05-30 20:45:06,39
PRA ,2019-05-30 21:45:06,39
PRA ,2019-05-30 22:45:10,39
PRA ,2019-05-30 23:45:07,39
PRA ,2019-05-31 00:45:06,39
PRA ,2019-05-31 01:45:08,39
PRA ,2019-05-31 02:45:06,39
PRA ,2019-05-31 03:45:06,39
PRA ,2019-05-31 04:45:06,39
PRA ,2019-05-31 05:45:07,39
PRA ,2019-05-31 06:45:08,39
PRA ,2019-05-31 07:45:06,39
PRA ,2019-05-31 08:45:08,39
PRA ,2019-05-31 09:45:09,39
PRA ,2019-05-31 10:45:07,39
PRA ,2019-05-31 11:45:06,39
PRA ,2019-05-31 12:45:53,39
PRA ,2019-05-31 13:45:09,39
PRA ,2019-05-31 14:45:07,39
PRA ,2019-05-31 15:45:08,39
PRA ,2019-05-31 16:45:07,39
PRA ,2019-05-31 17:45:11,39
PRA ,2019-05-31 18:45:07,39
PRA ,2019-05-31 19:45:06,39
PRA ,2019-05-31 20:45:07,39
PRA ,2019-05-31 21:45:08,39
PRA ,2019-05-31 22:45:04,39
PRA ,2019-05-31 23:45:07,39
PRA ,2019-06-01 00:45:06,39
PRA ,2019-06-01 01:45:06,39
PRA ,2019-06-01 02:45:06,39
PRA ,2019-06-01 03:45:06,39
PRA ,2019-06-01 04:45:06,39
PRA ,2019-06-01 05:45:06,39
PRA ,2019-06-01 06:45:11,39
PRA ,2019-06-01 07:45:05,39
PRA ,2019-06-01 08:45:08,39
PRA ,2019-06-01 09:45:06,39
PRA ,2019-06-01 10:45:08,39
PRA ,2019-06-01 11:45:06,39
PRA ,2019-06-01 12:45:06,39
PRA ,2019-06-01 13:45:06,39
PRA ,2019-06-01 14:45:12,39
PRA ,2019-06-01 15:45:08,39
PRA ,2019-06-01 16:45:06,39
PRA ,2019-06-01 17:45:08,39
PRA ,2019-06-01 18:45:06,39
PRA ,2019-06-01 19:45:09,39
PRA ,2019-06-01 20:45:06,39
PRA ,2019-06-01 21:45:08,39
PRA ,2019-06-01 22:45:07,39
PRA ,2019-06-01 23:45:08,39
PRA ,2019-06-02 00:45:09,39
PRA ,2019-06-02 01:45:13,39
PRA ,2019-06-02 02:45:09,39
PRA ,2019-06-02 03:45:08,39
PRA ,2019-06-02 04:45:07,39
PRA ,2019-06-02 05:45:12,39
PRA ,2019-06-02 06:45:07,39
PRA ,2019-06-02 07:45:06,39
PRA ,2019-06-02 08:45:06,39
PRA ,2019-06-02 09:45:06,39
PRA ,2019-06-02 10:45:07,39
PRA ,2019-06-02 11:45:06,39
PRA ,2019-06-02 12:45:11,39
PRA ,2019-06-02 13:45:07,39
PRA ,2019-06-02 14:45:09,39
PRA ,2019-06-02 15:45:04,39
PRA ,2019-06-02 16:45:06,39
PRA ,2019-06-02 17:45:08,39
PRA ,2019-06-02 18:45:08,39
PRA ,2019-06-02 19:45:08,39
PRA ,2019-06-02 20:45:07,39
PRA ,2019-06-02 21:45:07,39
PRA ,2019-06-02 22:45:07,39
PRA ,2019-06-02 23:45:06,39
PRA ,2019-06-03 00:45:06,39
PRA ,2019-06-03 01:45:10,39
PRA ,2019-06-03 02:45:07,39
PRA ,2019-06-03 03:45:06,39
PRA ,2019-06-03 04:45:06,39
PRA ,2019-06-03 05:45:06,39
PRA ,2019-06-03 06:45:08,39
PRA ,2019-06-03 07:45:06,39
PRA ,2019-06-03 08:45:08,39
PRA ,2019-06-03 09:45:07,39
PRA ,2019-06-03 10:45:09,39
PRA ,2019-06-03 11:45:09,39
PRA ,2019-06-03 12:45:06,39
PRA ,2019-06-03 13:45:09,39
PRA ,2019-06-03 14:45:09,39
PRA ,2019-06-03 15:45:07,39
PRA ,2019-06-03 16:45:06,39
PRA ,2019-06-03 17:45:06,39
PRA ,2019-06-03 18:45:08,39
PRA ,2019-06-03 19:45:09,39
PRA ,2019-06-03 20:45:06,39
PRA ,2019-06-03 21:45:08,39
PRA ,2019-06-03 22:45:07,39
PRA ,2019-06-03 23:45:11,39
PRA ,2019-06-04 00:45:06,39
PRA ,2019-06-04 01:45:08,39
PRA ,2019-06-04 02:45:08,39
PRA ,2019-06-04 03:45:11,39
PRA ,2019-06-04 04:45:09,39
PRA ,2019-06-04 05:45:07,39
PRA ,2019-06-04 06:45:07,39
PRA ,2019-06-04 07:45:06,39
PRA ,2019-06-04 08:45:11,39
PRA ,2019-06-04 09:45:06,39
PRA ,2019-06-04 10:45:09,39
PRA ,2019-06-04 11:45:07,39
PRA ,2019-06-04 13:07:40,39
PRA ,2019-06-04 13:45:08,39
PRA ,2019-06-04 14:45:12,39
PRA ,2019-06-04 15:45:08,39
PRA ,2019-06-04 16:45:08,39
PRA ,2019-06-04 17:45:10,39
PRA ,2019-06-04 18:45:08,39
PRA ,2019-06-04 19:45:08,39
PRA ,2019-06-04 20:45:08,39
PRA ,2019-06-04 21:45:06,39
PRA ,2019-06-04 22:45:07,39
PRA ,2019-06-04 23:45:11,39
PRA ,2019-06-05 00:45:06,39
PRA ,2019-06-05 01:45:08,39
PRA ,2019-06-05 02:45:10,39
PRA ,2019-06-05 03:45:09,39
PRA ,2019-06-05 04:45:12,39
PRA ,2019-06-05 05:45:07,39
PRA ,2019-06-05 06:45:07,39
PRA ,2019-06-05 07:45:07,39
PRA ,2019-06-05 08:45:14,39
PRA ,2019-06-05 09:45:07,39
PRA ,2019-06-05 10:45:07,39
PRA ,2019-06-05 11:45:12,39
PRA ,2019-06-05 13:09:12,39
PRA ,2019-06-05 13:45:07,39
PRA ,2019-06-05 14:45:07,39
PRA ,2019-06-05 15:45:09,39
PRA ,2019-06-05 16:45:08,39
PRA ,2019-06-05 17:45:09,39
PRA ,2019-06-05 18:45:08,39
PRA ,2019-06-05 19:45:13,39
PRA ,2019-06-05 20:45:08,39
PRA ,2019-06-05 21:45:07,39
PRA ,2019-06-05 22:45:08,39
PRA ,2019-06-05 23:45:08,39
PRA ,2019-06-06 00:45:08,39
PRA ,2019-06-06 01:45:06,39
PRA ,2019-06-06 02:45:09,39
PRA ,2019-06-06 03:45:09,39
PRA ,2019-06-06 04:45:15,39
PRA ,2019-06-06 05:45:08,39
PRA ,2019-06-06 06:45:11,39
PRA ,2019-06-06 07:45:08,39
PRA ,2019-06-06 08:45:16,39
PRA ,2019-06-06 09:45:11,39
PRA ,2019-06-06 10:45:15,39
PRA ,2019-06-06 11:45:07,39
PRA ,2019-06-06 13:09:11,39
PRA ,2019-06-06 13:45:09,39
PRA ,2019-06-06 14:45:09,40
PRA ,2019-06-06 15:45:11,40
PRA ,2019-06-06 16:45:08,40
PRA ,2019-06-06 17:45:11,40
PRA ,2019-06-06 18:45:13,40
PRA ,2019-06-06 19:45:11,40
PRA ,2019-06-06 20:45:07,40
PRA ,2019-06-06 21:45:09,40
PRA ,2019-06-06 22:45:07,40
PRA ,2019-06-06 23:45:07,40
PRA ,2019-06-07 00:45:11,40
PRA ,2019-06-07 01:45:10,40
PRA ,2019-06-07 02:45:11,40
PRA ,2019-06-07 03:45:09,40
PRA ,2019-06-07 04:45:13,40
PRA ,2019-06-07 05:45:08,40
PRA ,2019-06-07 06:45:12,40
PRA ,2019-06-07 07:45:09,40
PRA ,2019-06-07 08:45:10,40
PRA ,2019-06-07 09:45:12,40
PRA ,2019-06-07 10:45:08,40
PRA ,2019-06-07 11:45:09,40
PRA ,2019-06-07 13:09:15,40
PRA ,2019-06-07 13:45:12,40
PRA ,2019-06-07 14:45:11,40
PRA ,2019-06-07 15:45:10,40
PRA ,2019-06-07 16:45:10,40
PRA ,2019-06-07 17:45:09,40
PRA ,2019-06-07 18:45:09,40
PRA ,2019-06-07 19:45:07,40
PRA ,2019-06-07 20:45:08,40
PRA ,2019-06-07 21:45:10,40
PRA ,2019-06-07 22:45:07,40
PRA ,2019-06-07 23:45:13,40
PRA ,2019-06-08 00:45:09,40
PRA ,2019-06-08 01:45:14,40
PRA ,2019-06-08 02:45:11,40
PRA ,2019-06-08 03:45:14,40
PRA ,2019-06-08 04:45:10,40
PRA ,2019-06-08 05:45:17,40
PRA ,2019-06-08 06:45:13,40
PRA ,2019-06-08 07:45:14,40
PRA ,2019-06-08 08:45:09,40
PRA ,2019-06-08 09:45:11,40
PRA ,2019-06-08 10:45:10,40
PRA ,2019-06-08 11:45:11,40
PRA ,2019-06-08 12:45:10,40
PRA ,2019-06-08 13:45:08,40
PRA ,2019-06-08 14:45:06,40
PRA ,2019-06-08 15:45:11,40
PRA ,2019-06-08 16:45:10,40
PRA ,2019-06-08 17:45:09,40
PRA ,2019-06-08 18:45:11,40
PRA ,2019-06-08 19:45:08,40
PRA ,2019-06-08 20:45:09,40
PRA ,2019-06-08 21:45:07,40
PRA ,2019-06-08 22:45:08,40
PRA ,2019-06-08 23:45:12,40
PRA ,2019-06-09 00:45:08,40
PRA ,2019-06-09 01:45:09,40
PRA ,2019-06-09 02:45:15,40
PRA ,2019-06-09 03:45:16,40
PRA ,2019-06-09 04:45:08,40
PRA ,2019-06-09 05:45:13,40
PRA ,2019-06-09 06:45:07,40
PRA ,2019-06-09 07:45:13,40
PRA ,2019-06-09 08:45:08,40
PRA ,2019-06-09 09:45:10,40
PRA ,2019-06-09 10:45:09,40
PRA ,2019-06-09 11:45:10,40
PRA ,2019-06-09 12:45:12,40
PRA ,2019-06-09 13:45:09,40
PRA ,2019-06-09 14:45:08,40
PRA ,2019-06-09 15:45:11,40
PRA ,2019-06-09 16:45:09,40
PRA ,2019-06-09 17:45:12,40
PRA ,2019-06-09 18:45:08,40
PRA ,2019-06-09 19:45:09,40
PRA ,2019-06-09 20:45:08,40
PRA ,2019-06-09 21:45:09,40
PRA ,2019-06-09 22:45:14,40
PRA ,2019-06-09 23:45:10,40
PRA ,2019-06-10 00:45:10,40
PRA ,2019-06-10 01:45:13,40
PRA ,2019-06-10 02:45:09,40
PRA ,2019-06-10 03:45:13,40
PRA ,2019-06-10 04:45:10,40
PRA ,2019-06-10 05:45:12,40
PRA ,2019-06-10 06:45:08,40
PRA ,2019-06-10 07:45:14,40
PRA ,2019-06-10 08:45:09,40
PRA ,2019-06-10 09:45:08,40
PRA ,2019-06-10 10:45:14,40
PRA ,2019-06-10 11:45:11,40
PRA ,2019-06-10 12:45:18,40
PRA ,2019-06-10 13:45:15,40
PRA ,2019-06-10 14:45:10,40
PRA ,2019-06-10 15:45:12,40
PRA ,2019-06-10 16:45:14,40
PRA ,2019-06-10 17:45:12,40
PRA ,2019-06-10 18:45:14,40
PRA ,2019-06-10 19:45:13,41
PRA ,2019-06-10 20:45:12,41
PRA ,2019-06-10 21:45:11,41
PRA ,2019-06-10 22:45:13,41
PRA ,2019-06-10 23:45:13,41
PRA ,2019-06-11 00:45:13,41
PRA ,2019-06-11 01:45:16,41
PRA ,2019-06-11 02:45:14,41
PRA ,2019-06-11 03:45:14,41
PRA ,2019-06-11 04:45:11,41
PRA ,2019-06-11 05:45:13,41
PRA ,2019-06-11 06:45:12,41
PRA ,2019-06-11 07:45:11,41
PRA ,2019-06-11 08:45:11,41
PRA ,2019-06-11 09:45:14,41
PRA ,2019-06-11 10:45:12,41
PRA ,2019-06-11 11:45:13,41
PRA ,2019-06-11 13:08:47,41
PRA ,2019-06-11 13:45:17,41
PRA ,2019-06-11 14:45:12,41
PRA ,2019-06-11 15:45:12,42
PRA ,2019-06-11 16:45:17,42
PRA ,2019-06-11 17:45:12,42
PRA ,2019-06-11 18:45:15,42
PRA ,2019-06-11 19:45:12,42
PRA ,2019-06-11 20:45:14,42
PRA ,2019-06-11 21:45:12,42
PRA ,2019-06-11 22:45:12,42
PRA ,2019-06-11 23:45:10,42
PRA ,2019-06-12 00:45:16,42
PRA ,2019-06-12 01:45:15,42
PRA ,2019-06-12 02:45:15,42
PRA ,2019-06-12 03:45:19,42
PRA ,2019-06-12 04:45:15,42
PRA ,2019-06-12 05:45:14,42
PRA ,2019-06-12 06:45:15,42
PRA ,2019-06-12 07:45:17,42
PRA ,2019-06-12 08:45:15,42
PRA ,2019-06-12 09:45:19,42
PRA ,2019-06-12 10:45:15,42
PRA ,2019-06-12 11:45:17,42
PRA ,2019-06-12 13:08:19,42
PRA ,2019-06-12 13:45:13,42
PRA ,2019-06-12 14:45:12,42
PRA ,2019-06-12 15:45:14,42
PRA ,2019-06-12 16:45:13,42
PRA ,2019-06-12 17:45:12,41
PRA ,2019-06-12 18:45:14,41
PRA ,2019-06-12 19:45:16,41
PRA ,2019-06-12 20:45:15,41
PRA ,2019-06-12 21:45:15,41
PRA ,2019-06-12 22:45:12,41
PRA ,2019-06-12 23:45:12,41
PRA ,2019-06-13 00:45:13,41
PRA ,2019-06-13 01:45:15,41
PRA ,2019-06-13 02:45:31,41
PRA ,2019-06-13 03:45:12,41
PRA ,2019-06-13 04:45:15,41
PRA ,2019-06-13 05:45:18,41
PRA ,2019-06-13 06:45:13,41
PRA ,2019-06-13 07:45:11,41
PRA ,2019-06-13 08:45:12,41
PRA ,2019-06-13 09:45:12,41
PRA ,2019-06-13 10:45:18,41
PRA ,2019-06-13 11:45:10,41
PRA ,2019-06-13 13:09:14,41
PRA ,2019-06-13 13:45:15,41
PRA ,2019-06-13 14:45:14,41
PRA ,2019-06-13 15:45:15,41
PRA ,2019-06-13 16:45:15,41
PRA ,2019-06-13 17:45:12,41
PRA ,2019-06-13 18:45:12,41
PRA ,2019-06-13 19:45:13,41
PRA ,2019-06-13 20:45:09,41
PRA ,2019-06-13 21:45:11,41
PRA ,2019-06-13 22:45:12,41
PRA ,2019-06-13 23:45:12,41
PRA ,2019-06-14 00:45:12,41
PRA ,2019-06-14 01:45:13,41
PRA ,2019-06-14 02:45:16,41
PRA ,2019-06-14 03:45:13,41
PRA ,2019-06-14 04:45:13,41
PRA ,2019-06-14 05:45:14,41
PRA ,2019-06-14 06:45:20,41
PRA ,2019-06-14 07:45:16,41
PRA ,2019-06-14 08:45:15,41
PRA ,2019-06-14 09:45:13,41
PRA ,2019-06-14 10:45:17,41
PRA ,2019-06-14 11:45:16,41
PRA ,2019-06-14 12:45:15,41
PRA ,2019-06-14 13:45:13,41
PRA ,2019-06-14 14:45:15,41
PRA ,2019-06-14 15:45:16,41
PRA ,2019-06-14 16:45:16,41
PRA ,2019-06-14 17:45:13,41
PRA ,2019-06-14 18:45:13,41
PRA ,2019-06-14 19:45:13,41
PRA ,2019-06-14 20:45:12,41
PRA ,2019-06-14 21:45:15,41
PRA ,2019-06-14 22:45:11,41
PRA ,2019-06-14 23:45:14,41
PRA ,2019-06-15 00:45:15,41
PRA ,2019-06-15 01:45:16,41
PRA ,2019-06-15 02:45:13,41
PRA ,2019-06-15 03:45:13,41
PRA ,2019-06-15 04:45:14,41
PRA ,2019-06-15 05:45:16,41
PRA ,2019-06-15 06:45:13,41
PRA ,2019-06-15 07:45:15,41
PRA ,2019-06-15 08:45:14,41
PRA ,2019-06-15 09:45:13,41
PRA ,2019-06-15 10:45:16,41
PRA ,2019-06-15 11:45:14,41
PRA ,2019-06-15 12:45:17,41
PRA ,2019-06-15 13:45:20,41
PRA ,2019-06-15 14:45:12,41
PRA ,2019-06-15 15:45:12,41
PRA ,2019-06-15 16:45:13,41
PRA ,2019-06-15 17:45:13,41
PRA ,2019-06-15 18:45:16,41
PRA ,2019-06-15 19:45:14,41
PRA ,2019-06-15 20:45:14,41
PRA ,2019-06-15 21:45:20,41
PRA ,2019-06-15 22:45:20,41
PRA ,2019-06-15 23:45:14,41
PRA ,2019-06-16 00:45:14,41
PRA ,2019-06-16 01:45:19,41
PRA ,2019-06-16 02:45:15,41
PRA ,2019-06-16 03:45:14,41
PRA ,2019-06-16 04:45:19,41
PRA ,2019-06-16 05:45:14,41
PRA ,2019-06-16 06:45:17,41
PRA ,2019-06-16 07:45:19,41
PRA ,2019-06-16 08:45:14,41
PRA ,2019-06-16 09:45:12,41
PRA ,2019-06-16 10:45:11,41
PRA ,2019-06-16 11:45:12,41
PRA ,2019-06-16 12:45:14,41
PRA ,2019-06-16 13:45:11,41
PRA ,2019-06-16 14:45:14,41
PRA ,2019-06-16 15:45:15,41
PRA ,2019-06-16 16:45:17,41
PRA ,2019-06-16 17:45:17,41
PRA ,2019-06-16 18:45:17,41
PRA ,2019-06-16 19:45:13,41
PRA ,2019-06-16 20:45:13,41
PRA ,2019-06-16 21:45:17,41
PRA ,2019-06-16 22:45:13,41
PRA ,2019-06-16 23:45:17,41
PRA ,2019-06-17 00:45:13,41
PRA ,2019-06-17 01:45:13,41
PRA ,2019-06-17 02:45:18,41
PRA ,2019-06-17 03:45:19,41
PRA ,2019-06-17 04:45:17,41
PRA ,2019-06-17 05:45:15,41
PRA ,2019-06-17 06:45:13,41
PRA ,2019-06-17 07:45:12,41
PRA ,2019-06-17 08:45:14,41
PRA ,2019-06-17 09:45:13,41
PRA ,2019-06-17 10:45:15,41
PRA ,2019-06-17 11:45:15,41
PRA ,2019-06-17 13:09:47,41
PRA ,2019-06-17 13:45:13,41
PRA ,2019-06-17 14:45:14,41
PRA ,2019-06-17 15:45:15,41
PRA ,2019-06-17 16:45:26,41
PRA ,2019-06-17 17:45:18,41
PRA ,2019-06-17 18:45:20,41
PRA ,2019-06-17 19:45:15,41
PRA ,2019-06-17 20:45:17,41
PRA ,2019-06-17 21:45:13,41
PRA ,2019-06-17 22:45:15,41
PRA ,2019-06-17 23:45:12,41
PRA ,2019-06-18 00:45:13,41
PRA ,2019-06-18 01:45:12,41
PRA ,2019-06-18 02:45:26,41
PRA ,2019-06-18 03:45:15,41
PRA ,2019-06-18 04:45:15,41
PRA ,2019-06-18 05:45:16,41
PRA ,2019-06-18 06:45:14,41
PRA ,2019-06-18 07:45:15,41
PRA ,2019-06-18 08:45:25,41
PRA ,2019-06-18 09:45:12,41
PRA ,2019-06-18 10:45:12,41
PRA ,2019-06-18 11:45:13,41
PRA ,2019-06-18 13:07:47,41
PRA ,2019-06-18 13:45:15,41
PRA ,2019-06-18 14:45:14,41
PRA ,2019-06-18 15:45:13,41
PRA ,2019-06-18 16:45:14,41
PRA ,2019-06-18 17:45:12,41
PRA ,2019-06-18 18:45:17,41
PRA ,2019-06-18 19:45:18,41
PRA ,2019-06-18 20:45:12,41
PRA ,2019-06-18 21:45:12,41
PRA ,2019-06-18 22:45:13,41
PRA ,2019-06-18 23:45:14,41
PRA ,2019-06-19 00:45:13,41
PRA ,2019-06-19 01:45:16,41
PRA ,2019-06-19 02:45:17,41
PRA ,2019-06-19 03:45:16,41
PRA ,2019-06-19 04:45:13,41
PRA ,2019-06-19 05:45:32,41
PRA ,2019-06-19 06:45:31,41
PRA ,2019-06-19 07:45:18,41
PRA ,2019-06-19 08:45:20,41
PRA ,2019-06-19 09:45:13,41
PRA ,2019-06-19 10:45:18,41
PRA ,2019-06-19 11:45:16,41
PRA ,2019-06-19 13:07:49,41
PRA ,2019-06-19 13:45:15,41
PRA ,2019-06-19 14:45:15,41
PRA ,2019-06-19 15:45:14,41
PRA ,2019-06-19 16:45:27,41
PRA ,2019-06-19 17:45:16,41
PRA ,2019-06-19 18:45:14,41
PRA ,2019-06-19 19:45:17,41
PRA ,2019-06-19 20:45:15,41
PRA ,2019-06-19 21:45:15,41
PRA ,2019-06-19 22:45:14,41
PRA ,2019-06-19 23:45:14,41
PRA ,2019-06-20 00:45:15,41
PRA ,2019-06-20 01:45:12,41
PRA ,2019-06-20 02:45:12,41
PRA ,2019-06-20 03:45:12,41
PRA ,2019-06-20 04:45:15,41
PRA ,2019-06-20 05:45:12,41
PRA ,2019-06-20 06:45:12,41
PRA ,2019-06-20 07:45:13,41
PRA ,2019-06-20 08:45:13,41
PRA ,2019-06-20 09:45:17,41
PRA ,2019-06-20 10:45:14,41
PRA ,2019-06-20 11:45:12,41
PRA ,2019-06-20 13:09:29,41
PRA ,2019-06-20 13:45:18,41
PRA ,2019-06-20 14:45:15,42
PRA ,2019-06-20 15:45:16,42
PRA ,2019-06-20 16:45:16,42
PRA ,2019-06-20 17:45:17,42
PRA ,2019-06-20 18:45:14,42
PRA ,2019-06-20 19:45:15,42
PRA ,2019-06-20 20:45:31,42
PRA ,2019-06-20 21:45:16,42
PRA ,2019-06-20 22:45:14,42
PRA ,2019-06-20 23:45:16,42
PRA ,2019-06-21 00:45:15,42
PRA ,2019-06-21 01:45:16,42
PRA ,2019-06-21 02:45:17,42
PRA ,2019-06-21 03:45:15,42
PRA ,2019-06-21 04:45:17,42
PRA ,2019-06-21 05:45:16,42
PRA ,2019-06-21 06:45:17,42
PRA ,2019-06-21 07:45:18,42
PRA ,2019-06-21 08:45:15,42
PRA ,2019-06-21 09:45:15,42
PRA ,2019-06-21 10:45:14,42
PRA ,2019-06-21 11:45:13,42
PRA ,2019-06-21 12:45:15,42
PRA ,2019-06-21 13:45:16,42
PRA ,2019-06-21 14:45:15,42
PRA ,2019-06-21 15:45:15,42
PRA ,2019-06-21 16:45:16,41
PRA ,2019-06-21 17:45:15,41
PRA ,2019-06-21 18:45:16,41
PRA ,2019-06-21 19:45:14,41
PRA ,2019-06-21 20:45:14,41
PRA ,2019-06-21 21:45:14,41
PRA ,2019-06-21 22:45:15,41
PRA ,2019-06-21 23:45:44,41
PRA ,2019-06-22 00:45:15,41
PRA ,2019-06-22 01:45:20,41
PRA ,2019-06-22 02:45:18,41
PRA ,2019-06-22 03:45:13,41
PRA ,2019-06-22 04:45:15,41
PRA ,2019-06-22 05:45:17,41
PRA ,2019-06-22 06:45:18,41
PRA ,2019-06-22 07:45:15,41
PRA ,2019-06-22 08:45:16,41
PRA ,2019-06-22 09:45:18,41
PRA ,2019-06-22 10:45:20,41
PRA ,2019-06-22 11:45:13,41
PRA ,2019-06-22 12:45:21,41
PRA ,2019-06-22 13:45:15,41
PRA ,2019-06-22 14:45:20,41
PRA ,2019-06-22 15:45:34,41
PRA ,2019-06-22 16:45:25,41
PRA ,2019-06-22 17:45:16,41
PRA ,2019-06-22 18:45:21,41
PRA ,2019-06-22 19:45:18,41
PRA ,2019-06-22 20:45:17,41
PRA ,2019-06-22 21:45:16,41
PRA ,2019-06-22 22:45:22,41
PRA ,2019-06-22 23:45:17,41
PRA ,2019-06-23 00:45:27,41
PRA ,2019-06-23 01:45:21,41
PRA ,2019-06-23 02:45:21,41
PRA ,2019-06-23 03:45:18,41
PRA ,2019-06-23 04:45:15,41
PRA ,2019-06-23 05:45:21,41
PRA ,2019-06-23 06:45:15,41
PRA ,2019-06-23 07:45:14,41
PRA ,2019-06-23 08:45:16,41
PRA ,2019-06-23 09:45:17,41
PRA ,2019-06-23 10:45:15,41
PRA ,2019-06-23 11:45:16,41
PRA ,2019-06-23 12:45:14,41
PRA ,2019-06-23 13:45:15,41
PRA ,2019-06-23 14:45:14,41
PRA ,2019-06-23 15:45:15,41
PRA ,2019-06-23 16:45:17,41
PRA ,2019-06-23 17:45:18,41
PRA ,2019-06-23 18:45:12,41
PRA ,2019-06-23 19:45:12,41
PRA ,2019-06-23 20:45:16,41
PRA ,2019-06-23 21:45:14,41
PRA ,2019-06-23 22:45:14,41
PRA ,2019-06-23 23:45:14,41
PRA ,2019-06-24 00:45:17,41
PRA ,2019-06-24 01:45:14,41
PRA ,2019-06-24 02:45:15,41
PRA ,2019-06-24 03:45:20,41
PRA ,2019-06-24 04:45:19,41
PRA ,2019-06-24 05:45:18,41
PRA ,2019-06-24 06:45:21,41
PRA ,2019-06-24 07:45:15,41
PRA ,2019-06-24 08:45:16,41
PRA ,2019-06-24 09:45:19,41
PRA ,2019-06-24 10:45:13,41
PRA ,2019-06-24 11:45:21,41
PRA ,2019-06-24 13:45:15,41
PRA ,2019-06-24 14:45:18,41
PRA ,2019-06-24 15:45:17,41
PRA ,2019-06-24 16:45:22,41
PRA ,2019-06-24 17:45:21,41
PRA ,2019-06-24 18:45:21,41
PRA ,2019-06-24 19:45:20,41
PRA ,2019-06-24 20:45:19,41
PRA ,2019-06-24 21:45:19,41
PRA ,2019-06-24 22:45:16,41
PRA ,2019-06-24 23:45:18,41
PRA ,2019-06-25 00:45:16,41
PRA ,2019-06-25 01:45:19,41
PRA ,2019-06-25 02:45:18,41
PRA ,2019-06-25 03:45:18,41
PRA ,2019-06-25 04:45:16,41
PRA ,2019-06-25 05:45:17,41
PRA ,2019-06-25 06:45:21,41
PRA ,2019-06-25 07:45:18,41
PRA ,2019-06-25 08:45:16,41
PRA ,2019-06-25 09:45:18,41
PRA ,2019-06-25 10:45:16,41
PRA ,2019-06-25 11:45:13,41
PRA ,2019-06-25 13:08:48,41
PRA ,2019-06-25 13:45:15,41
PRA ,2019-06-25 14:45:18,42
PRA ,2019-06-25 15:45:16,42
PRA ,2019-06-25 16:45:17,42
PRA ,2019-06-25 17:45:18,42
PRA ,2019-06-25 18:45:18,42
PRA ,2019-06-25 19:45:14,42
PRA ,2019-06-25 20:45:16,42
PRA ,2019-06-25 21:45:13,42
PRA ,2019-06-25 22:45:12,42
PRA ,2019-06-25 23:45:19,42
PRA ,2019-06-26 00:45:18,42
PRA ,2019-06-26 01:45:15,42
PRA ,2019-06-26 02:45:16,42
PRA ,2019-06-26 03:45:31,42
PRA ,2019-06-26 04:45:19,42
PRA ,2019-06-26 05:45:16,42
PRA ,2019-06-26 06:45:16,42
PRA ,2019-06-26 07:45:18,42
PRA ,2019-06-26 08:45:14,42
PRA ,2019-06-26 09:45:12,42
PRA ,2019-06-26 10:45:14,42
PRA ,2019-06-26 11:45:13,42
PRA ,2019-06-26 13:07:46,42
PRA ,2019-06-26 13:45:17,42
PRA ,2019-06-26 14:45:16,42
PRA ,2019-06-26 15:45:14,42
PRA ,2019-06-26 16:45:18,42
PRA ,2019-06-26 17:45:13,42
PRA ,2019-06-26 18:45:15,42
PRA ,2019-06-26 19:45:15,42
PRA ,2019-06-26 20:45:13,42
PRA ,2019-06-26 21:45:14,42
PRA ,2019-06-26 22:45:16,42
PRA ,2019-06-26 23:45:14,42
PRA ,2019-06-27 00:45:17,42
PRA ,2019-06-27 01:45:14,42
PRA ,2019-06-27 02:45:18,42
PRA ,2019-06-27 03:45:12,42
PRA ,2019-06-27 04:45:18,42
PRA ,2019-06-27 05:45:15,42
PRA ,2019-06-27 06:45:17,42
PRA ,2019-06-27 07:45:12,42
PRA ,2019-06-27 08:45:13,42
PRA ,2019-06-27 09:45:14,42
PRA ,2019-06-27 10:45:15,42
PRA ,2019-06-27 11:45:11,42
PRA ,2019-06-27 13:07:49,42
PRA ,2019-06-27 13:45:12,42
PRA ,2019-06-27 14:45:13,42
PRA ,2019-06-27 15:45:16,42
PRA ,2019-06-27 16:45:14,42
PRA ,2019-06-27 17:45:13,42
PRA ,2019-06-27 18:45:13,41
PRA ,2019-06-27 19:45:11,41
PRA ,2019-06-27 20:45:17,41
PRA ,2019-06-27 21:45:17,41
PRA ,2019-06-27 22:45:11,41
PRA ,2019-06-27 23:45:35,41
PRA ,2019-06-28 00:45:15,41
PRA ,2019-06-28 01:45:13,41
PRA ,2019-06-28 02:45:13,41
PRA ,2019-06-28 03:45:16,41
PRA ,2019-06-28 04:45:17,41
PRA ,2019-06-28 05:45:13,41
PRA ,2019-06-28 06:45:14,41
PRA ,2019-06-28 07:45:13,41
PRA ,2019-06-28 08:45:12,41
PRA ,2019-06-28 09:45:13,41
PRA ,2019-06-28 10:45:10,41
PRA ,2019-06-28 11:45:13,41
PRA ,2019-06-28 13:08:52,41
PRA ,2019-06-28 13:45:10,41
PRA ,2019-06-28 14:45:11,41
PRA ,2019-06-28 15:45:14,41
PRA ,2019-06-28 16:45:13,41
PRA ,2019-06-28 17:45:12,41
PRA ,2019-06-28 18:45:10,41
PRA ,2019-06-28 19:45:12,41
PRA ,2019-06-28 20:45:13,41
PRA ,2019-06-28 21:45:13,41
PRA ,2019-06-28 22:45:13,41
PRA ,2019-06-28 23:45:11,41
PRA ,2019-06-29 00:45:15,41
PRA ,2019-06-29 01:45:19,41
PRA ,2019-06-29 02:45:14,41
PRA ,2019-06-29 03:45:12,41
PRA ,2019-06-29 04:45:12,41
PRA ,2019-06-29 05:45:13,41
PRA ,2019-06-29 06:45:13,41
PRA ,2019-06-29 07:45:13,41
PRA ,2019-06-29 08:45:13,41
PRA ,2019-06-29 09:45:14,41
PRA ,2019-06-29 10:45:13,41
PRA ,2019-06-29 11:45:17,41
PRA ,2019-06-29 12:45:16,41
PRA ,2019-06-29 13:45:14,41
PRA ,2019-06-29 14:45:14,41
PRA ,2019-06-29 15:45:15,41
PRA ,2019-06-29 16:45:19,41
PRA ,2019-06-29 17:45:13,41
PRA ,2019-06-29 18:45:14,41
PRA ,2019-06-29 19:45:15,41
PRA ,2019-06-29 20:45:14,41
PRA ,2019-06-29 21:45:17,41
PRA ,2019-06-29 22:45:11,41
PRA ,2019-06-29 23:45:16,41
PRA ,2019-06-30 00:45:14,41
PRA ,2019-06-30 01:45:19,41
PRA ,2019-06-30 02:45:16,41
PRA ,2019-06-30 03:45:14,41
PRA ,2019-06-30 04:45:17,41
PRA ,2019-06-30 05:45:14,41
PRA ,2019-06-30 06:45:15,41
PRA ,2019-06-30 07:45:16,41
PRA ,2019-06-30 08:45:15,41
PRA ,2019-06-30 09:45:14,41
PRA ,2019-06-30 10:45:14,41
PRA ,2019-06-30 11:45:15,41
PRA ,2019-06-30 12:45:13,41
PRA ,2019-06-30 13:45:16,41
PRA ,2019-06-30 14:45:13,41
PRA ,2019-06-30 15:45:14,41
PRA ,2019-06-30 16:45:15,41
PRA ,2019-06-30 17:45:13,41
PRA ,2019-06-30 18:45:14,41
PRA ,2019-06-30 19:45:15,41
PRA ,2019-06-30 20:45:15,41
PRA ,2019-06-30 21:45:14,41
PRA ,2019-06-30 22:45:13,41
PRA ,2019-06-30 23:45:15,41
PRA ,2019-07-01 00:45:17,41
PRA ,2019-07-01 01:45:14,41
PRA ,2019-07-01 02:45:17,41
PRA ,2019-07-01 03:45:16,41
PRA ,2019-07-01 04:45:14,41
PRA ,2019-07-01 05:45:19,41
PRA ,2019-07-01 06:45:14,41
PRA ,2019-07-01 07:45:22,41
PRA ,2019-07-01 08:45:28,41
PRA ,2019-07-01 09:45:15,41
PRA ,2019-07-01 10:45:13,41
PRA ,2019-07-01 11:45:17,41
PRA ,2019-07-01 13:08:48,41
PRA ,2019-07-01 13:45:20,41
PRA ,2019-07-01 14:45:39,41
PRA ,2019-07-01 15:45:19,41
PRA ,2019-07-01 16:45:18,41
PRA ,2019-07-01 17:45:16,41
PRA ,2019-07-01 18:45:17,41
PRA ,2019-07-01 19:45:18,41
PRA ,2019-07-01 20:45:17,41
PRA ,2019-07-01 21:45:16,41
PRA ,2019-07-01 22:45:17,41
PRA ,2019-07-01 23:45:17,41
PRA ,2019-07-02 00:45:20,41
PRA ,2019-07-02 01:45:16,41
PRA ,2019-07-02 03:45:31,41
PRA ,2019-07-02 04:45:17,41
PRA ,2019-07-02 05:45:34,41
PRA ,2019-07-02 06:45:18,41
PRA ,2019-07-02 07:45:19,41
PRA ,2019-07-02 08:45:17,41
PRA ,2019-07-02 09:45:14,41
PRA ,2019-07-02 10:45:16,41
PRA ,2019-07-02 11:45:16,41
PRA ,2019-07-02 12:45:19,41
PRA ,2019-07-02 13:45:16,41
PRA ,2019-07-02 14:45:18,41
PRA ,2019-07-02 15:45:15,41
PRA ,2019-07-02 16:45:16,41
PRA ,2019-07-02 17:45:16,41
PRA ,2019-07-02 18:45:17,41
PRA ,2019-07-02 19:45:18,41
PRA ,2019-07-02 20:45:15,41
PRA ,2019-07-02 21:45:17,41
PRA ,2019-07-02 22:45:24,41
PRA ,2019-07-03 00:45:17,41
PRA ,2019-07-03 01:45:15,41
PRA ,2019-07-03 02:45:20,41
PRA ,2019-07-03 03:45:20,41
PRA ,2019-07-03 04:45:19,41
PRA ,2019-07-03 05:45:18,41
PRA ,2019-07-03 06:45:18,41
PRA ,2019-07-03 07:45:17,41
PRA ,2019-07-03 08:45:32,41
PRA ,2019-07-03 09:45:17,41
PRA ,2019-07-03 10:45:22,41
PRA ,2019-07-03 11:45:16,41
PRA ,2019-07-03 13:09:50,41
PRA ,2019-07-03 13:45:16,41
PRA ,2019-07-03 14:45:25,41
PRA ,2019-07-03 15:45:16,41
PRA ,2019-07-03 16:45:35,41
PRA ,2019-07-03 17:45:17,41
PRA ,2019-07-03 18:45:18,41
PRA ,2019-07-03 19:45:15,41
PRA ,2019-07-03 20:45:13,41
PRA ,2019-07-03 21:45:17,41
PRA ,2019-07-03 22:45:15,41
PRA ,2019-07-03 23:45:17,41
PRA ,2019-07-04 00:45:18,41
PRA ,2019-07-04 01:45:14,41
PRA ,2019-07-04 02:45:21,41
PRA ,2019-07-04 03:45:15,41
PRA ,2019-07-04 04:45:15,41
PRA ,2019-07-04 05:45:19,41
PRA ,2019-07-04 06:45:17,41
PRA ,2019-07-04 07:45:14,41
PRA ,2019-07-04 08:45:15,41
PRA ,2019-07-04 09:45:13,41
PRA ,2019-07-04 10:45:17,41
PRA ,2019-07-04 11:45:15,41
PRA ,2019-07-04 12:45:20,41
PRA ,2019-07-04 13:45:21,41
PRA ,2019-07-04 14:45:17,41
PRA ,2019-07-04 15:45:15,41
PRA ,2019-07-04 16:45:15,41
PRA ,2019-07-04 17:45:14,41
PRA ,2019-07-04 18:45:15,41
PRA ,2019-07-04 19:45:14,41
PRA ,2019-07-04 20:45:17,41
PRA ,2019-07-04 21:45:17,41
PRA ,2019-07-04 22:45:21,41
PRA ,2019-07-04 23:45:15,41
PRA ,2019-07-05 00:45:16,41
PRA ,2019-07-05 01:45:14,41
PRA ,2019-07-05 02:45:15,41
PRA ,2019-07-05 03:45:15,41
PRA ,2019-07-05 04:45:14,41
PRA ,2019-07-05 05:45:21,41
PRA ,2019-07-05 06:45:19,41
PRA ,2019-07-05 07:45:15,41
PRA ,2019-07-05 08:45:14,41
PRA ,2019-07-05 09:45:14,41
PRA ,2019-07-05 10:45:29,41
PRA ,2019-07-05 11:45:25,41
PRA ,2019-07-05 12:45:15,41
PRA ,2019-07-05 13:45:25,41
PRA ,2019-07-05 14:45:18,41
PRA ,2019-07-05 15:45:15,41
PRA ,2019-07-05 16:45:27,41
PRA ,2019-07-05 17:45:17,41
PRA ,2019-07-05 18:45:16,41
PRA ,2019-07-05 19:45:16,41
PRA ,2019-07-05 20:45:17,41
PRA ,2019-07-05 21:45:18,41
PRA ,2019-07-05 22:45:19,41
PRA ,2019-07-05 23:45:16,41
PRA ,2019-07-06 00:45:21,41
PRA ,2019-07-06 01:45:20,41
PRA ,2019-07-06 02:45:25,41
PRA ,2019-07-06 03:45:16,41
PRA ,2019-07-06 04:45:15,41
PRA ,2019-07-06 05:45:17,41
PRA ,2019-07-06 06:45:18,41
PRA ,2019-07-06 07:45:12,41
PRA ,2019-07-06 08:45:15,41
PRA ,2019-07-06 09:45:15,41
PRA ,2019-07-06 10:45:15,41
PRA ,2019-07-06 11:45:35,41
PRA ,2019-07-06 12:45:20,41
PRA ,2019-07-06 13:45:17,41
PRA ,2019-07-06 14:45:14,41
PRA ,2019-07-06 15:45:14,41
PRA ,2019-07-06 16:45:19,41
PRA ,2019-07-06 17:45:16,41
PRA ,2019-07-06 18:45:16,41
PRA ,2019-07-06 19:45:20,41
PRA ,2019-07-06 20:45:13,41
PRA ,2019-07-06 21:45:15,41
PRA ,2019-07-06 22:45:15,41
PRA ,2019-07-06 23:45:15,41
PRA ,2019-07-07 00:45:14,41
PRA ,2019-07-07 01:45:15,41
PRA ,2019-07-07 02:45:17,41
PRA ,2019-07-07 03:45:14,41
PRA ,2019-07-07 04:45:14,41
PRA ,2019-07-07 05:45:20,41
PRA ,2019-07-07 06:45:15,41
PRA ,2019-07-07 07:45:15,41
PRA ,2019-07-07 08:45:16,41
PRA ,2019-07-07 09:45:14,41
PRA ,2019-07-07 10:45:16,41
PRA ,2019-07-07 11:45:11,41
PRA ,2019-07-07 12:45:11,41
PRA ,2019-07-07 13:45:12,41
PRA ,2019-07-07 14:45:14,41
PRA ,2019-07-07 15:45:16,41
PRA ,2019-07-07 16:45:17,41
PRA ,2019-07-07 17:45:15,41
PRA ,2019-07-07 18:45:16,41
PRA ,2019-07-07 19:45:12,41
PRA ,2019-07-07 20:45:13,41
PRA ,2019-07-07 21:45:15,41
PRA ,2019-07-07 22:45:15,41
PRA ,2019-07-07 23:45:14,41
PRA ,2019-07-08 00:45:14,41
PRA ,2019-07-08 01:45:17,41
PRA ,2019-07-08 02:45:14,41
PRA ,2019-07-08 03:45:20,41
PRA ,2019-07-08 04:45:14,41
PRA ,2019-07-08 05:45:11,41
PRA ,2019-07-08 06:45:21,41
PRA ,2019-07-08 07:45:23,41
PRA ,2019-07-08 08:45:20,41
PRA ,2019-07-08 09:45:24,41
PRA ,2019-07-08 10:45:24,41
PRA ,2019-07-08 11:45:34,41
PRA ,2019-07-08 12:45:16,41
PRA ,2019-07-08 13:45:14,41
PRA ,2019-07-08 14:45:15,41
PRA ,2019-07-08 15:45:14,41
PRA ,2019-07-08 16:45:16,41
PRA ,2019-07-08 17:45:13,41
PRA ,2019-07-08 18:45:17,41
PRA ,2019-07-08 19:45:14,41
PRA ,2019-07-08 20:45:14,41
PRA ,2019-07-08 21:45:15,41
PRA ,2019-07-08 22:45:15,41
PRA ,2019-07-08 23:45:13,41
PRA ,2019-07-09 00:45:14,41
PRA ,2019-07-09 01:45:12,41
PRA ,2019-07-09 02:45:23,41
PRA ,2019-07-09 03:45:18,41
PRA ,2019-07-09 04:45:17,41
PRA ,2019-07-09 05:45:25,41
PRA ,2019-07-09 06:45:19,41
PRA ,2019-07-09 07:45:20,41
PRA ,2019-07-09 08:45:15,41
PRA ,2019-07-09 09:45:14,41
PRA ,2019-07-09 10:45:12,41
PRA ,2019-07-09 11:45:16,41
PRA ,2019-07-09 13:08:18,41
PRA ,2019-07-09 13:45:12,41
PRA ,2019-07-09 14:45:15,41
PRA ,2019-07-09 15:45:15,41
PRA ,2019-07-09 16:45:13,41
PRA ,2019-07-09 17:45:17,41
PRA ,2019-07-09 18:45:14,41
PRA ,2019-07-09 19:45:14,41
PRA ,2019-07-09 20:45:15,41
PRA ,2019-07-09 21:45:14,41
PRA ,2019-07-09 22:45:12,41
PRA ,2019-07-09 23:45:14,41
PRA ,2019-07-10 00:45:14,41
PRA ,2019-07-10 01:45:14,41
PRA ,2019-07-10 02:45:14,41
PRA ,2019-07-10 03:45:13,41
PRA ,2019-07-10 04:45:13,41
PRA ,2019-07-10 05:45:18,41
PRA ,2019-07-10 06:45:16,41
PRA ,2019-07-10 07:45:11,41
PRA ,2019-07-10 08:45:13,41
PRA ,2019-07-10 09:45:11,41
PRA ,2019-07-10 10:45:12,41
PRA ,2019-07-10 11:45:15,41
PRA ,2019-07-10 12:45:17,41
PRA ,2019-07-10 13:45:15,41
PRA ,2019-07-10 14:45:13,41
PRA ,2019-07-10 15:45:16,41
PRA ,2019-07-10 16:45:29,41
PRA ,2019-07-10 17:45:14,41
PRA ,2019-07-10 18:45:13,41
PRA ,2019-07-10 19:45:13,41
PRA ,2019-07-10 20:45:14,41
PRA ,2019-07-10 21:45:13,41
PRA ,2019-07-10 22:45:20,41
PRA ,2019-07-10 23:45:14,41
PRA ,2019-07-11 00:45:13,41
PRA ,2019-07-11 01:45:16,41
PRA ,2019-07-11 02:45:21,41
PRA ,2019-07-11 03:45:17,41
PRA ,2019-07-11 04:45:21,41
PRA ,2019-07-11 05:45:17,41
PRA ,2019-07-11 06:45:16,41
PRA ,2019-07-11 07:45:15,41
PRA ,2019-07-11 08:45:21,41
PRA ,2019-07-11 09:45:15,41
PRA ,2019-07-11 10:45:17,41
PRA ,2019-07-11 11:45:13,41
PRA ,2019-07-11 12:45:12,41
PRA ,2019-07-11 13:45:14,41
PRA ,2019-07-11 14:45:14,41
PRA ,2019-07-11 15:45:14,41
PRA ,2019-07-11 16:45:14,40
PRA ,2019-07-11 17:45:14,40
PRA ,2019-07-11 18:45:14,40
PRA ,2019-07-11 19:45:14,40
PRA ,2019-07-11 20:45:13,40
PRA ,2019-07-11 21:45:19,40
PRA ,2019-07-11 22:45:16,40
PRA ,2019-07-11 23:45:14,40
PRA ,2019-07-12 00:45:13,40
PRA ,2019-07-12 01:45:15,40
PRA ,2019-07-12 02:45:13,40
PRA ,2019-07-12 03:45:13,40
PRA ,2019-07-12 04:45:12,40
PRA ,2019-07-12 05:45:19,40
PRA ,2019-07-12 06:45:21,40
PRA ,2019-07-12 07:45:14,40
PRA ,2019-07-12 08:45:14,40
PRA ,2019-07-12 09:45:25,40
PRA ,2019-07-12 10:45:16,40
PRA ,2019-07-12 11:45:15,40
PRA ,2019-07-12 13:08:48,40
PRA ,2019-07-12 13:45:15,40
PRA ,2019-07-12 14:45:16,40
PRA ,2019-07-12 15:45:36,40
PRA ,2019-07-12 16:45:19,40
PRA ,2019-07-12 17:45:20,40
PRA ,2019-07-12 18:45:15,40
PRA ,2019-07-12 19:45:11,39
PRA ,2019-07-12 20:45:12,39
PRA ,2019-07-12 21:45:14,39
PRA ,2019-07-12 22:45:21,39
PRA ,2019-07-12 23:45:13,39
PRA ,2019-07-13 00:45:14,39
PRA ,2019-07-13 01:45:15,39
PRA ,2019-07-13 02:45:18,39
PRA ,2019-07-13 03:45:12,39
PRA ,2019-07-13 04:45:14,39
PRA ,2019-07-13 05:45:14,39
PRA ,2019-07-13 06:45:13,39
PRA ,2019-07-13 07:45:15,39
PRA ,2019-07-13 08:45:12,39
PRA ,2019-07-13 09:45:13,39
PRA ,2019-07-13 10:45:14,39
PRA ,2019-07-13 11:45:17,39
PRA ,2019-07-13 12:45:18,39
PRA ,2019-07-13 13:45:13,39
PRA ,2019-07-13 14:45:12,39
PRA ,2019-07-13 15:45:16,39
PRA ,2019-07-13 16:45:44,39
PRA ,2019-07-13 17:45:18,39
PRA ,2019-07-13 18:45:20,39
PRA ,2019-07-13 19:45:18,39
PRA ,2019-07-13 20:45:19,39
PRA ,2019-07-13 21:45:18,39
PRA ,2019-07-13 22:45:14,39
PRA ,2019-07-13 23:45:14,39
PRA ,2019-07-14 00:45:14,39
PRA ,2019-07-14 01:45:23,39
PRA ,2019-07-14 02:45:15,39
PRA ,2019-07-14 03:45:17,39
PRA ,2019-07-14 04:45:15,39
PRA ,2019-07-14 05:45:18,39
PRA ,2019-07-14 06:45:17,39
PRA ,2019-07-14 07:45:13,39
PRA ,2019-07-14 08:45:14,39
PRA ,2019-07-14 09:45:10,39
PRA ,2019-07-14 10:45:14,39
PRA ,2019-07-14 11:45:17,39
PRA ,2019-07-14 12:45:14,39
PRA ,2019-07-14 13:45:16,39
PRA ,2019-07-14 14:45:14,39
PRA ,2019-07-14 15:45:16,39
PRA ,2019-07-14 16:45:18,39
PRA ,2019-07-14 17:45:15,39
PRA ,2019-07-14 18:45:14,39
PRA ,2019-07-14 19:45:13,39
PRA ,2019-07-14 20:45:22,39
PRA ,2019-07-14 21:45:12,39
PRA ,2019-07-14 22:45:13,39
PRA ,2019-07-14 23:45:13,39
PRA ,2019-07-15 00:45:15,39
PRA ,2019-07-15 01:45:13,39
PRA ,2019-07-15 02:45:14,39
PRA ,2019-07-15 03:45:12,39
PRA ,2019-07-15 04:45:12,39
PRA ,2019-07-15 05:45:21,39
PRA ,2019-07-15 06:45:26,39
PRA ,2019-07-15 07:45:14,39
PRA ,2019-07-15 08:45:12,39
PRA ,2019-07-15 09:45:12,39
PRA ,2019-07-15 10:45:14,39
PRA ,2019-07-15 11:45:11,39
PRA ,2019-07-15 13:09:20,39
PRA ,2019-07-15 13:45:17,39
PRA ,2019-07-15 14:45:14,39
PRA ,2019-07-15 15:45:13,39
PRA ,2019-07-15 16:45:29,39
PRA ,2019-07-15 17:45:14,39
PRA ,2019-07-15 18:45:13,39
PRA ,2019-07-15 19:45:14,39
PRA ,2019-07-15 20:45:16,39
PRA ,2019-07-15 21:45:13,39
PRA ,2019-07-15 22:45:19,39
PRA ,2019-07-15 23:45:14,39
PRA ,2019-07-16 00:45:13,39
PRA ,2019-07-16 01:45:14,39
PRA ,2019-07-16 02:45:20,39
PRA ,2019-07-16 03:45:14,39
PRA ,2019-07-16 04:45:13,39
PRA ,2019-07-16 05:45:22,39
PRA ,2019-07-16 06:45:28,39
PRA ,2019-07-16 07:45:13,39
PRA ,2019-07-16 08:45:13,39
PRA ,2019-07-16 09:45:14,39
PRA ,2019-07-16 10:45:16,39
PRA ,2019-07-16 11:45:12,39
PRA ,2019-07-16 13:09:16,39
PRA ,2019-07-16 13:45:15,39
PRA ,2019-07-16 14:45:13,39
PRA ,2019-07-16 15:45:23,40
PRA ,2019-07-16 16:45:16,40
PRA ,2019-07-16 17:45:17,40
PRA ,2019-07-16 18:45:15,40
PRA ,2019-07-16 19:45:12,40
PRA ,2019-07-16 20:45:45,40
PRA ,2019-07-16 21:45:14,40
PRA ,2019-07-16 22:45:15,40
PRA ,2019-07-16 23:45:13,40
PRA ,2019-07-17 00:45:13,40
PRA ,2019-07-17 01:45:14,40
PRA ,2019-07-17 02:45:15,40
PRA ,2019-07-17 03:45:16,40
PRA ,2019-07-17 04:45:16,40
PRA ,2019-07-17 05:45:29,40
PRA ,2019-07-17 06:45:18,40
PRA ,2019-07-17 07:45:19,40
PRA ,2019-07-17 08:45:15,40
PRA ,2019-07-17 09:45:16,40
PRA ,2019-07-17 10:45:15,40
PRA ,2019-07-17 11:45:13,40
PRA ,2019-07-17 13:08:49,40
PRA ,2019-07-17 13:45:15,40
PRA ,2019-07-17 14:45:17,39
PRA ,2019-07-17 15:45:23,39
PRA ,2019-07-17 16:45:22,39
PRA ,2019-07-17 17:45:13,39
PRA ,2019-07-17 18:45:15,39
PRA ,2019-07-17 19:45:12,39
PRA ,2019-07-17 20:45:14,39
PRA ,2019-07-17 21:45:13,39
PRA ,2019-07-17 22:45:16,39
PRA ,2019-07-17 23:45:14,39
PRA ,2019-07-18 00:45:12,39
PRA ,2019-07-18 01:45:23,39
PRA ,2019-07-18 02:45:16,39
PRA ,2019-07-18 03:45:15,39
PRA ,2019-07-18 04:45:13,39
PRA ,2019-07-18 05:45:19,39
PRA ,2019-07-18 06:45:17,39
PRA ,2019-07-18 07:45:11,39
PRA ,2019-07-18 08:45:18,39
PRA ,2019-07-18 09:45:13,39
PRA ,2019-07-18 10:45:15,39
PRA ,2019-07-18 11:45:12,39
PRA ,2019-07-18 13:09:22,39
PRA ,2019-07-18 13:45:13,39
PRA ,2019-07-18 14:45:13,39
PRA ,2019-07-18 15:45:14,39
PRA ,2019-07-18 16:45:25,39
PRA ,2019-07-18 17:45:16,39
PRA ,2019-07-18 18:45:16,39
PRA ,2019-07-18 19:45:18,39
PRA ,2019-07-18 20:45:16,39
PRA ,2019-07-18 21:45:15,39
PRA ,2019-07-18 22:45:17,39
PRA ,2019-07-18 23:45:21,39
PRA ,2019-07-19 00:45:16,39
PRA ,2019-07-19 01:45:17,39
PRA ,2019-07-19 02:45:19,39
PRA ,2019-07-19 03:45:16,39
PRA ,2019-07-19 04:45:19,39
PRA ,2019-07-19 05:45:32,39
PRA ,2019-07-19 06:45:18,39
PRA ,2019-07-19 07:45:22,39
PRA ,2019-07-19 08:45:14,39
PRA ,2019-07-19 09:45:15,39
PRA ,2019-07-19 10:45:14,39
PRA ,2019-07-19 11:45:15,39
PRA ,2019-07-19 13:08:48,39
PRA ,2019-07-19 13:45:15,39
PRA ,2019-07-19 14:45:14,39
PRA ,2019-07-19 15:45:15,39
PRA ,2019-07-19 16:45:15,39
PRA ,2019-07-19 17:45:18,39
PRA ,2019-07-19 18:45:16,39
PRA ,2019-07-19 19:45:14,39
PRA ,2019-07-19 20:45:14,39
PRA ,2019-07-19 21:45:13,39
PRA ,2019-07-19 22:45:15,39
PRA ,2019-07-19 23:45:14,39
PRA ,2019-07-20 00:45:14,39
PRA ,2019-07-20 01:45:24,39
PRA ,2019-07-20 02:45:24,39
PRA ,2019-07-20 03:45:17,39
PRA ,2019-07-20 04:45:23,39
PRA ,2019-07-20 05:45:20,39
PRA ,2019-07-20 06:45:14,39
PRA ,2019-07-20 07:45:13,39
PRA ,2019-07-20 08:45:15,39
PRA ,2019-07-20 09:45:12,39
PRA ,2019-07-20 10:45:12,39
PRA ,2019-07-20 11:45:14,39
PRA ,2019-07-20 12:45:15,39
PRA ,2019-07-20 13:45:14,39
PRA ,2019-07-20 14:45:14,39
PRA ,2019-07-20 15:45:14,39
PRA ,2019-07-20 16:45:17,39
PRA ,2019-07-20 17:45:14,39
PRA ,2019-07-20 18:45:14,39
PRA ,2019-07-20 19:45:15,39
PRA ,2019-07-20 20:45:13,39
PRA ,2019-07-20 21:45:16,39
PRA ,2019-07-20 22:45:11,39
PRA ,2019-07-20 23:45:13,39
PRA ,2019-07-21 00:45:15,39
PRA ,2019-07-21 01:45:14,39
PRA ,2019-07-21 02:45:16,39
PRA ,2019-07-21 03:45:13,39
PRA ,2019-07-21 04:45:14,39
PRA ,2019-07-21 05:45:23,39
PRA ,2019-07-21 06:45:25,39
PRA ,2019-07-21 07:45:12,39
PRA ,2019-07-21 08:45:14,39
PRA ,2019-07-21 09:45:16,39
PRA ,2019-07-21 10:45:24,39
PRA ,2019-07-21 11:45:14,39
PRA ,2019-07-21 12:45:12,39
PRA ,2019-07-21 13:45:15,39
PRA ,2019-07-21 14:45:13,39
PRA ,2019-07-21 15:45:13,39
PRA ,2019-07-21 16:45:14,39
PRA ,2019-07-21 17:45:14,39
PRA ,2019-07-21 18:45:15,39
PRA ,2019-07-21 19:45:15,39
PRA ,2019-07-21 20:45:15,39
PRA ,2019-07-21 21:45:16,39
PRA ,2019-07-21 22:45:13,39
PRA ,2019-07-21 23:45:14,39
PRA ,2019-07-22 00:45:13,39
PRA ,2019-07-22 01:45:15,39
PRA ,2019-07-22 02:45:14,39
PRA ,2019-07-22 03:45:13,39
PRA ,2019-07-22 04:45:15,39
PRA ,2019-07-22 05:45:18,39
PRA ,2019-07-22 06:45:24,39
PRA ,2019-07-22 07:45:14,39
PRA ,2019-07-22 08:45:16,39
PRA ,2019-07-22 09:45:13,39
PRA ,2019-07-22 10:45:13,39
PRA ,2019-07-22 11:45:30,39
PRA ,2019-07-22 12:45:20,39
PRA ,2019-07-22 13:45:14,39
PRA ,2019-07-22 14:45:16,38
PRA ,2019-07-22 15:45:14,38
PRA ,2019-07-22 16:45:17,38
PRA ,2019-07-22 17:45:15,38
PRA ,2019-07-22 18:45:23,38
PRA ,2019-07-22 19:45:20,38
PRA ,2019-07-22 20:45:18,38
PRA ,2019-07-22 21:45:20,38
PRA ,2019-07-22 22:45:14,38
PRA ,2019-07-22 23:45:14,38
PRA ,2019-07-23 00:45:14,38
PRA ,2019-07-23 01:45:13,38
PRA ,2019-07-23 02:45:19,38
PRA ,2019-07-23 03:45:16,38
PRA ,2019-07-23 04:45:17,38
PRA ,2019-07-23 05:45:18,38
PRA ,2019-07-23 06:45:22,38
PRA ,2019-07-23 07:45:20,38
PRA ,2019-07-23 08:45:14,38
PRA ,2019-07-23 09:45:17,38
PRA ,2019-07-23 10:45:15,38
PRA ,2019-07-23 11:45:14,38
PRA ,2019-07-23 13:08:22,38
PRA ,2019-07-23 13:45:15,38
PRA ,2019-07-23 14:45:17,38
PRA ,2019-07-23 15:45:20,37
PRA ,2019-07-23 16:45:17,37
PRA ,2019-07-23 17:45:13,37
PRA ,2019-07-23 18:45:15,37
PRA ,2019-07-23 19:45:16,37
PRA ,2019-07-23 20:45:15,37
PRA ,2019-07-23 21:45:15,37
PRA ,2019-07-23 22:45:20,37
PRA ,2019-07-23 23:45:17,37
PRA ,2019-07-24 00:45:15,37
PRA ,2019-07-24 01:45:15,37
PRA ,2019-07-24 02:45:22,37
PRA ,2019-07-24 03:45:15,37
PRA ,2019-07-24 04:45:15,37
PRA ,2019-07-24 05:45:17,37
PRA ,2019-07-24 06:45:13,37
PRA ,2019-07-24 07:45:13,37
PRA ,2019-07-24 08:45:18,37
PRA ,2019-07-24 09:45:17,37
PRA ,2019-07-24 10:45:17,37
PRA ,2019-07-24 11:45:13,37
PRA ,2019-07-24 13:07:48,37
PRA ,2019-07-24 13:45:16,37
PRA ,2019-07-24 14:45:14,37
PRA ,2019-07-24 15:45:17,37
PRA ,2019-07-24 16:45:16,38
PRA ,2019-07-24 17:45:13,38
PRA ,2019-07-24 18:45:19,38
PRA ,2019-07-24 19:45:14,38
PRA ,2019-07-24 20:45:17,39
PRA ,2019-07-24 21:45:15,39
PRA ,2019-07-24 22:45:14,39
PRA ,2019-07-24 23:45:15,39
PRA ,2019-07-25 00:45:14,39
PRA ,2019-07-25 01:45:22,39
PRA ,2019-07-25 02:45:31,39
PRA ,2019-07-25 03:45:15,39
PRA ,2019-07-25 04:45:16,39
PRA ,2019-07-25 05:45:22,39
PRA ,2019-07-25 06:45:20,39
PRA ,2019-07-25 07:45:15,39
PRA ,2019-07-25 08:45:18,39
PRA ,2019-07-25 09:45:15,39
PRA ,2019-07-25 10:45:26,39
PRA ,2019-07-25 11:45:15,39
PRA ,2019-07-25 13:08:20,39
PRA ,2019-07-25 13:45:19,39
PRA ,2019-07-25 14:45:18,38
PRA ,2019-07-25 15:45:15,38
PRA ,2019-07-25 16:45:18,38
PRA ,2019-07-25 17:45:17,38
PRA ,2019-07-25 18:45:23,38
PRA ,2019-07-25 19:45:51,38
PRA ,2019-07-25 20:45:21,38
PRA ,2019-07-25 21:45:22,38
PRA ,2019-07-25 22:45:21,38
PRA ,2019-07-25 23:45:16,38
PRA ,2019-07-26 00:45:32,38
PRA ,2019-07-26 01:45:18,38
PRA ,2019-07-26 02:45:19,38
PRA ,2019-07-26 03:45:20,38
PRA ,2019-07-26 04:45:21,38
PRA ,2019-07-26 05:45:25,38
PRA ,2019-07-26 06:45:37,38
PRA ,2019-07-26 07:45:26,38
PRA ,2019-07-26 08:45:13,38
PRA ,2019-07-26 09:45:16,38
PRA ,2019-07-26 10:45:18,38
PRA ,2019-07-26 11:45:20,38
PRA ,2019-07-26 13:10:21,38
PRA ,2019-07-26 13:45:18,38
PRA ,2019-07-26 14:45:18,38
PRA ,2019-07-26 15:45:16,38
PRA ,2019-07-26 16:45:20,38
PRA ,2019-07-26 17:45:20,38
PRA ,2019-07-26 18:45:19,38
PRA ,2019-07-26 19:45:17,38
PRA ,2019-07-26 20:45:16,38
PRA ,2019-07-26 22:45:15,38
PRA ,2019-07-26 23:45:14,38
PRA ,2019-07-27 00:45:15,38
PRA ,2019-07-27 01:45:16,38
PRA ,2019-07-27 02:45:18,38
PRA ,2019-07-27 03:45:15,38
PRA ,2019-07-27 04:45:16,38
PRA ,2019-07-27 05:45:16,38
PRA ,2019-07-27 06:45:16,38
PRA ,2019-07-27 07:45:15,38
PRA ,2019-07-27 08:45:15,38
PRA ,2019-07-27 09:45:13,38
PRA ,2019-07-27 10:45:16,38
PRA ,2019-07-27 11:45:13,38
PRA ,2019-07-27 12:45:16,38
PRA ,2019-07-27 13:45:14,38
PRA ,2019-07-27 14:45:15,38
PRA ,2019-07-27 15:45:19,38
PRA ,2019-07-27 16:45:25,38
PRA ,2019-07-27 17:45:22,38
PRA ,2019-07-27 18:45:19,38
PRA ,2019-07-27 19:45:17,38
PRA ,2019-07-27 20:45:20,38
PRA ,2019-07-27 21:45:16,38
PRA ,2019-07-27 22:45:16,38
PRA ,2019-07-27 23:45:15,38
PRA ,2019-07-28 00:45:15,38
PRA ,2019-07-28 01:45:15,38
PRA ,2019-07-28 02:45:15,38
PRA ,2019-07-28 03:45:13,38
PRA ,2019-07-28 04:45:15,38
PRA ,2019-07-28 05:45:13,38
PRA ,2019-07-28 06:45:14,38
PRA ,2019-07-28 07:45:15,38
PRA ,2019-07-28 08:45:13,38
PRA ,2019-07-28 09:45:12,38
PRA ,2019-07-28 10:45:11,38
PRA ,2019-07-28 11:45:12,38
PRA ,2019-07-28 12:45:14,38
PRA ,2019-07-28 13:45:13,38
PRA ,2019-07-28 14:45:15,38
PRA ,2019-07-28 15:45:13,38
PRA ,2019-07-28 16:45:16,38
PRA ,2019-07-28 17:45:16,38
PRA ,2019-07-28 18:45:14,38
PRA ,2019-07-28 19:45:15,38
PRA ,2019-07-28 20:45:14,38
PRA ,2019-07-28 21:45:14,38
PRA ,2019-07-28 22:45:17,38
PRA ,2019-07-28 23:45:17,38
PRA ,2019-07-29 00:45:15,38
PRA ,2019-07-29 01:45:15,38
PRA ,2019-07-29 02:45:15,38
PRA ,2019-07-29 03:45:16,38
PRA ,2019-07-29 04:45:15,38
PRA ,2019-07-29 05:45:20,38
PRA ,2019-07-29 06:45:27,38
PRA ,2019-07-29 07:45:15,38
PRA ,2019-07-29 08:45:13,38
PRA ,2019-07-29 09:45:14,38
PRA ,2019-07-29 10:45:14,38
PRA ,2019-07-29 11:45:15,38
PRA ,2019-07-29 13:09:19,38
PRA ,2019-07-29 13:45:19,38
PRA ,2019-07-29 14:45:16,38
PRA ,2019-07-29 15:45:16,39
PRA ,2019-07-29 16:45:15,39
PRA ,2019-07-29 17:45:15,39
PRA ,2019-07-29 18:45:16,39
PRA ,2019-07-29 19:45:15,39
PRA ,2019-07-29 20:45:15,39
PRA ,2019-07-29 21:45:14,39
PRA ,2019-07-29 22:45:16,39
PRA ,2019-07-29 23:45:15,39
PRA ,2019-07-30 00:45:15,39
PRA ,2019-07-30 01:45:16,39
PRA ,2019-07-30 02:45:17,39
PRA ,2019-07-30 03:45:15,39
PRA ,2019-07-30 04:45:14,39
PRA ,2019-07-30 05:45:16,39
PRA ,2019-07-30 06:45:16,39
PRA ,2019-07-30 07:45:24,39
PRA ,2019-07-30 08:45:17,39
PRA ,2019-07-30 09:45:14,39
PRA ,2019-07-30 10:45:13,39
PRA ,2019-07-30 11:45:17,39
PRA ,2019-07-30 12:45:16,39
PRA ,2019-07-30 13:45:17,39
PRA ,2019-07-30 14:45:18,39
PRA ,2019-07-30 15:45:17,39
PRA ,2019-07-30 16:45:18,39
PRA ,2019-07-30 17:45:23,39
PRA ,2019-07-30 18:45:19,39
PRA ,2019-07-30 19:45:21,39
PRA ,2019-07-30 20:45:18,39
PRA ,2019-07-30 21:45:17,39
PRA ,2019-07-30 22:45:19,39
PRA ,2019-07-30 23:45:16,39
PRA ,2019-07-31 00:45:50,39
PRA ,2019-07-31 01:45:16,39
PRA ,2019-07-31 02:45:16,39
PRA ,2019-07-31 03:45:19,39
PRA ,2019-07-31 04:45:18,39
PRA ,2019-07-31 05:45:30,39
PRA ,2019-07-31 06:45:18,39
PRA ,2019-07-31 07:45:17,39
PRA ,2019-07-31 08:45:17,39
PRA ,2019-07-31 09:45:19,39
PRA ,2019-07-31 10:45:16,39
PRA ,2019-07-31 11:45:14,39
PRA ,2019-07-31 13:09:23,39
PRA ,2019-07-31 13:45:16,39
PRA ,2019-07-31 14:45:18,39
PRA ,2019-07-31 15:45:19,39
PRA ,2019-07-31 16:45:22,39
PRA ,2019-07-31 17:45:17,38
PRA ,2019-07-31 18:45:15,38
PRA ,2019-07-31 19:45:16,38
PRA ,2019-07-31 20:45:19,38
PRA ,2019-07-31 21:45:18,38
PRA ,2019-07-31 22:45:17,38
PRA ,2019-07-31 23:45:16,38
PRA ,2019-08-01 00:45:18,38
PRA ,2019-08-01 01:45:32,38
PRA ,2019-08-01 02:45:19,38
PRA ,2019-08-01 03:45:17,38
PRA ,2019-08-01 04:45:16,38
PRA ,2019-08-01 05:45:21,38
PRA ,2019-08-01 06:45:17,38
PRA ,2019-08-01 07:45:24,38
PRA ,2019-08-01 08:45:16,38
PRA ,2019-08-01 09:45:18,38
PRA ,2019-08-01 10:45:17,38
PRA ,2019-08-01 11:45:14,38
PRA ,2019-08-01 13:07:49,38
PRA ,2019-08-01 13:45:18,38
PRA ,2019-08-01 14:45:18,38
PRA ,2019-08-01 15:45:24,38
PRA ,2019-08-01 16:45:21,38
PRA ,2019-08-01 17:45:20,38
PRA ,2019-08-01 18:45:15,38
PRA ,2019-08-01 19:45:17,38
PRA ,2019-08-01 20:45:16,38
PRA ,2019-08-01 21:45:17,38
PRA ,2019-08-01 22:45:15,38
PRA ,2019-08-01 23:45:17,38
PRA ,2019-08-02 00:45:16,38
PRA ,2019-08-02 01:45:16,38
PRA ,2019-08-02 02:45:15,38
PRA ,2019-08-02 03:45:17,38
PRA ,2019-08-02 04:45:16,38
PRA ,2019-08-02 05:45:19,38
PRA ,2019-08-02 06:45:16,38
PRA ,2019-08-02 07:45:13,38
PRA ,2019-08-02 08:45:17,38
PRA ,2019-08-02 09:45:18,38
PRA ,2019-08-02 10:45:28,38
PRA ,2019-08-02 11:45:16,38
PRA ,2019-08-02 13:09:23,38
PRA ,2019-08-02 13:45:18,38
PRA ,2019-08-02 14:45:17,38
PRA ,2019-08-02 15:45:18,38
PRA ,2019-08-02 16:45:20,38
PRA ,2019-08-02 17:45:15,38
PRA ,2019-08-02 18:45:18,38
PRA ,2019-08-02 19:45:18,38
PRA ,2019-08-02 20:45:17,38
PRA ,2019-08-02 21:45:17,38
PRA ,2019-08-02 22:45:15,38
PRA ,2019-08-02 23:45:17,38
PRA ,2019-08-03 00:45:16,38
PRA ,2019-08-03 01:45:15,38
PRA ,2019-08-03 02:45:27,38
PRA ,2019-08-03 03:45:16,38
PRA ,2019-08-03 04:45:15,38
PRA ,2019-08-03 05:45:23,38
PRA ,2019-08-03 06:45:17,38
PRA ,2019-08-03 07:45:13,38
PRA ,2019-08-03 08:45:17,38
PRA ,2019-08-03 09:45:15,38
PRA ,2019-08-03 10:45:16,38
PRA ,2019-08-03 11:45:15,38
PRA ,2019-08-03 12:45:17,38
PRA ,2019-08-03 13:45:16,38
PRA ,2019-08-03 14:45:16,38
PRA ,2019-08-03 15:45:14,38
PRA ,2019-08-03 16:45:16,38
PRA ,2019-08-03 17:45:17,38
PRA ,2019-08-03 18:45:16,38
PRA ,2019-08-03 19:45:15,38
PRA ,2019-08-03 20:45:14,38
PRA ,2019-08-03 21:45:14,38
PRA ,2019-08-03 22:45:14,38
PRA ,2019-08-03 23:45:15,38
PRA ,2019-08-04 00:45:16,38
PRA ,2019-08-04 01:45:14,38
PRA ,2019-08-04 02:45:22,38
PRA ,2019-08-04 03:45:17,38
PRA ,2019-08-04 04:45:15,38
PRA ,2019-08-04 05:45:21,38
PRA ,2019-08-04 06:45:15,38
PRA ,2019-08-04 07:45:16,38
PRA ,2019-08-04 08:45:17,38
PRA ,2019-08-04 09:45:14,38
PRA ,2019-08-04 10:45:14,38
PRA ,2019-08-04 11:45:12,38
PRA ,2019-08-04 12:45:15,38
PRA ,2019-08-04 13:45:15,38
PRA ,2019-08-04 14:45:14,38
PRA ,2019-08-04 15:45:15,38
PRA ,2019-08-04 16:45:16,38
PRA ,2019-08-04 17:45:15,38
PRA ,2019-08-04 18:45:16,38
PRA ,2019-08-04 19:45:14,38
PRA ,2019-08-04 20:45:16,38
PRA ,2019-08-04 21:45:15,38
PRA ,2019-08-04 22:45:16,38
PRA ,2019-08-04 23:45:15,38
PRA ,2019-08-05 00:45:15,38
PRA ,2019-08-05 01:45:17,38
PRA ,2019-08-05 02:45:18,38
PRA ,2019-08-05 03:45:16,38
PRA ,2019-08-05 04:45:16,38
PRA ,2019-08-05 05:45:18,38
PRA ,2019-08-05 06:45:15,38
PRA ,2019-08-05 07:45:20,38
PRA ,2019-08-05 08:45:18,38
PRA ,2019-08-05 09:45:18,38
PRA ,2019-08-05 10:45:16,38
PRA ,2019-08-05 11:45:15,38
PRA ,2019-08-05 13:09:52,38
PRA ,2019-08-05 13:45:20,38
PRA ,2019-08-05 14:45:19,38
PRA ,2019-08-05 15:45:16,38
PRA ,2019-08-05 16:45:17,38
PRA ,2019-08-05 17:45:19,38
PRA ,2019-08-05 18:45:20,38
PRA ,2019-08-05 19:45:17,38
PRA ,2019-08-05 20:45:16,38
PRA ,2019-08-05 21:45:16,38
PRA ,2019-08-05 22:45:18,38
PRA ,2019-08-05 23:45:19,38
PRA ,2019-08-06 00:45:30,38
PRA ,2019-08-06 01:45:23,38
PRA ,2019-08-06 02:45:17,38
PRA ,2019-08-06 03:45:16,38
PRA ,2019-08-06 04:45:18,38
PRA ,2019-08-06 05:45:19,38
PRA ,2019-08-06 06:45:16,38
PRA ,2019-08-06 07:45:17,38
PRA ,2019-08-06 08:45:15,38
PRA ,2019-08-06 09:45:22,38
PRA ,2019-08-06 10:45:15,38
PRA ,2019-08-06 11:45:15,38
PRA ,2019-08-06 12:45:16,38
PRA ,2019-08-06 13:45:19,38
PRA ,2019-08-06 14:45:15,38
PRA ,2019-08-06 15:45:17,38
PRA ,2019-08-06 16:45:18,38
PRA ,2019-08-06 17:45:16,38
PRA ,2019-08-06 18:45:15,38
PRA ,2019-08-06 19:45:17,38
PRA ,2019-08-06 20:45:18,38
PRA ,2019-08-06 21:45:16,38
PRA ,2019-08-06 23:45:16,38
PRA ,2019-08-07 00:45:18,38
PRA ,2019-08-07 01:45:18,38
PRA ,2019-08-07 02:45:19,38
PRA ,2019-08-07 03:45:16,38
PRA ,2019-08-07 04:45:15,38
PRA ,2019-08-07 05:45:20,38
PRA ,2019-08-07 06:45:23,38
PRA ,2019-08-07 07:45:14,38
PRA ,2019-08-07 08:45:16,38
PRA ,2019-08-07 09:45:15,38
PRA ,2019-08-07 10:45:24,38
PRA ,2019-08-07 11:45:15,38
PRA ,2019-08-07 12:45:19,38
PRA ,2019-08-07 13:45:19,38
PRA ,2019-08-07 14:45:18,38
PRA ,2019-08-07 15:45:16,38
PRA ,2019-08-07 16:45:17,38
PRA ,2019-08-07 17:45:16,38
PRA ,2019-08-07 18:45:16,38
PRA ,2019-08-07 19:45:16,39
PRA ,2019-08-07 20:45:16,39
PRA ,2019-08-07 21:45:16,39
PRA ,2019-08-07 22:45:15,39
PRA ,2019-08-07 23:45:17,39
PRA ,2019-08-08 00:45:19,39
PRA ,2019-08-08 01:45:16,39
PRA ,2019-08-08 02:45:23,39
PRA ,2019-08-08 03:45:15,39
PRA ,2019-08-08 04:45:15,39
PRA ,2019-08-08 05:45:16,39
PRA ,2019-08-08 06:45:20,39
PRA ,2019-08-08 07:45:16,39
PRA ,2019-08-08 08:45:15,39
PRA ,2019-08-08 09:45:15,39
PRA ,2019-08-08 10:45:21,39
PRA ,2019-08-08 11:45:14,39
PRA ,2019-08-08 12:45:17,39
PRA ,2019-08-08 13:45:17,39
PRA ,2019-08-08 14:45:15,39
PRA ,2019-08-08 15:45:18,39
PRA ,2019-08-08 16:45:19,39
PRA ,2019-08-08 17:45:17,38
PRA ,2019-08-08 18:45:19,38
PRA ,2019-08-08 19:45:17,38
PRA ,2019-08-08 20:45:20,38
PRA ,2019-08-08 21:45:21,38
PRA ,2019-08-08 22:45:19,38
PRA ,2019-08-08 23:45:20,38
PRA ,2019-08-09 00:45:22,38
PRA ,2019-08-09 01:45:22,38
PRA ,2019-08-09 02:45:23,38
PRA ,2019-08-09 03:45:21,38
PRA ,2019-08-09 04:45:21,38
PRA ,2019-08-09 05:45:27,38
PRA ,2019-08-09 06:45:22,38
PRA ,2019-08-09 07:45:37,38
PRA ,2019-08-09 08:45:21,38
PRA ,2019-08-09 09:45:28,38
PRA ,2019-08-09 10:45:22,38
PRA ,2019-08-09 11:45:22,38
PRA ,2019-08-09 13:09:26,38
PRA ,2019-08-09 13:45:21,38
PRA ,2019-08-09 14:45:30,38
PRA ,2019-08-09 15:45:21,38
PRA ,2019-08-09 16:45:29,38
PRA ,2019-08-09 17:45:20,38
PRA ,2019-08-09 18:45:21,38
PRA ,2019-08-09 19:45:21,38
PRA ,2019-08-09 20:45:19,38
PRA ,2019-08-09 21:45:23,38
PRA ,2019-08-09 22:45:21,38
PRA ,2019-08-09 23:45:23,38
PRA ,2019-08-10 00:45:22,38
PRA ,2019-08-10 01:45:21,38
PRA ,2019-08-10 02:45:39,38
PRA ,2019-08-10 03:45:20,38
PRA ,2019-08-10 04:45:22,38
PRA ,2019-08-10 05:45:26,38
PRA ,2019-08-10 06:45:21,38
PRA ,2019-08-10 07:45:20,38
PRA ,2019-08-10 08:45:20,38
PRA ,2019-08-10 09:45:23,38
PRA ,2019-08-10 10:45:23,38
PRA ,2019-08-10 11:45:19,38
PRA ,2019-08-10 12:45:23,38
PRA ,2019-08-10 13:45:23,38
PRA ,2019-08-10 14:45:19,38
PRA ,2019-08-10 15:45:19,38
PRA ,2019-08-10 16:45:28,38
PRA ,2019-08-10 17:45:21,38
PRA ,2019-08-10 18:45:20,38
PRA ,2019-08-10 19:45:21,38
PRA ,2019-08-10 20:45:20,38
PRA ,2019-08-10 21:45:18,38
PRA ,2019-08-10 22:45:20,38
PRA ,2019-08-10 23:45:21,38
PRA ,2019-08-11 00:45:18,38
PRA ,2019-08-11 01:45:20,38
PRA ,2019-08-11 02:45:29,38
PRA ,2019-08-11 03:45:23,38
PRA ,2019-08-11 04:45:19,38
PRA ,2019-08-11 05:45:30,38
PRA ,2019-08-11 06:45:19,38
PRA ,2019-08-11 07:45:21,38
PRA ,2019-08-11 08:45:19,38
PRA ,2019-08-11 09:45:18,38
PRA ,2019-08-11 10:45:18,38
PRA ,2019-08-11 11:45:20,38
PRA ,2019-08-11 12:45:21,38
PRA ,2019-08-11 13:45:23,38
PRA ,2019-08-11 14:45:21,38
PRA ,2019-08-11 15:45:20,38
PRA ,2019-08-11 16:45:21,38
PRA ,2019-08-11 17:45:20,38
PRA ,2019-08-11 18:45:20,38
PRA ,2019-08-11 19:45:22,38
PRA ,2019-08-11 20:45:24,38
PRA ,2019-08-11 21:45:23,38
PRA ,2019-08-11 22:45:23,38
PRA ,2019-08-11 23:45:25,38
PRA ,2019-08-12 00:45:24,38
PRA ,2019-08-12 01:45:22,38
PRA ,2019-08-12 02:45:31,38
PRA ,2019-08-12 03:45:24,38
PRA ,2019-08-12 04:45:22,38
PRA ,2019-08-12 05:45:28,38
PRA ,2019-08-12 06:45:30,38
PRA ,2019-08-12 07:45:20,38
PRA ,2019-08-12 08:45:23,38
PRA ,2019-08-12 09:45:21,38
PRA ,2019-08-12 10:45:27,38
PRA ,2019-08-12 11:45:21,38
PRA ,2019-08-12 12:45:27,38
PRA ,2019-08-12 13:45:34,38
PRA ,2019-08-12 14:45:22,38
PRA ,2019-08-12 15:45:23,39
PRA ,2019-08-12 16:45:32,40
PRA ,2019-08-12 17:45:20,40
PRA ,2019-08-12 18:45:19,40
PRA ,2019-08-12 19:45:19,40
PRA ,2019-08-12 20:45:21,40
PRA ,2019-08-12 21:45:19,40
PRA ,2019-08-12 22:45:20,40
PRA ,2019-08-12 23:45:21,40
PRA ,2019-08-13 00:45:19,40
PRA ,2019-08-13 01:45:21,40
PRA ,2019-08-13 02:45:26,40
PRA ,2019-08-13 03:45:21,40
PRA ,2019-08-13 04:45:18,40
PRA ,2019-08-13 05:45:24,40
PRA ,2019-08-13 06:45:23,40
PRA ,2019-08-13 07:45:20,40
PRA ,2019-08-13 08:45:18,40
PRA ,2019-08-13 09:45:22,40
PRA ,2019-08-13 10:45:28,40
PRA ,2019-08-13 11:45:24,40
PRA ,2019-08-13 12:45:24,40
PRA ,2019-08-13 13:45:24,40
PRA ,2019-08-13 14:45:22,40
PRA ,2019-08-13 15:45:26,40
PRA ,2019-08-13 16:45:24,40
PRA ,2019-08-13 17:45:22,40
PRA ,2019-08-13 18:45:22,39
PRA ,2019-08-13 19:45:21,39
PRA ,2019-08-13 20:45:20,39
PRA ,2019-08-13 21:45:24,39
PRA ,2019-08-13 22:45:29,39
PRA ,2019-08-13 23:45:23,39
PRA ,2019-08-14 00:45:24,39
PRA ,2019-08-14 01:45:22,39
PRA ,2019-08-14 02:45:24,39
PRA ,2019-08-14 03:45:21,39
PRA ,2019-08-14 04:45:20,39
PRA ,2019-08-14 05:45:39,39
PRA ,2019-08-14 06:45:21,39
PRA ,2019-08-14 07:45:19,39
PRA ,2019-08-14 08:45:18,39
PRA ,2019-08-14 09:45:24,39
PRA ,2019-08-14 10:45:17,39
PRA ,2019-08-14 11:45:18,39
PRA ,2019-08-14 13:08:28,39
PRA ,2019-08-14 13:45:23,39
PRA ,2019-08-14 14:45:23,39
PRA ,2019-08-14 15:45:23,39
PRA ,2019-08-14 16:45:21,39
PRA ,2019-08-14 17:45:18,39
PRA ,2019-08-14 18:45:25,39
PRA ,2019-08-14 19:45:24,39
PRA ,2019-08-14 20:45:22,39
PRA ,2019-08-14 21:45:32,39
PRA ,2019-08-14 22:45:20,39
PRA ,2019-08-14 23:45:19,39
PRA ,2019-08-15 00:45:50,39
PRA ,2019-08-15 01:45:23,39
PRA ,2019-08-15 02:45:24,39
PRA ,2019-08-15 03:45:21,39
PRA ,2019-08-15 04:45:22,39
PRA ,2019-08-15 05:45:28,39
PRA ,2019-08-15 06:45:20,39
PRA ,2019-08-15 07:45:18,39
PRA ,2019-08-15 08:45:33,39
PRA ,2019-08-15 09:45:20,39
PRA ,2019-08-15 10:45:20,39
PRA ,2019-08-15 11:45:20,39
PRA ,2019-08-15 13:08:25,39
PRA ,2019-08-15 13:45:28,39
PRA ,2019-08-15 14:45:23,39
PRA ,2019-08-15 15:45:17,39
PRA ,2019-08-15 16:45:37,39
PRA ,2019-08-15 17:45:16,39
PRA ,2019-08-15 18:45:20,39
PRA ,2019-08-15 19:45:18,39
PRA ,2019-08-15 20:45:20,39
PRA ,2019-08-15 21:45:17,39
PRA ,2019-08-15 22:45:17,39
PRA ,2019-08-15 23:45:30,39
PRA ,2019-08-16 00:45:30,39
PRA ,2019-08-16 01:45:35,39
PRA ,2019-08-16 02:45:20,39
PRA ,2019-08-16 03:45:21,39
PRA ,2019-08-16 04:45:16,39
PRA ,2019-08-16 05:45:37,39
PRA ,2019-08-16 06:45:17,39
PRA ,2019-08-16 07:45:19,39
PRA ,2019-08-16 08:45:19,39
PRA ,2019-08-16 09:45:21,39
PRA ,2019-08-16 10:45:17,39
PRA ,2019-08-16 11:45:16,39
PRA ,2019-08-16 12:45:18,39
PRA ,2019-08-16 13:45:23,39
PRA ,2019-08-16 14:45:18,39
PRA ,2019-08-16 15:45:20,39
PRA ,2019-08-16 16:45:34,39
PRA ,2019-08-16 19:45:24,39
PRA ,2019-08-16 20:45:29,39
PRA ,2019-08-16 21:45:24,39
PRA ,2019-08-16 22:45:25,39
PRA ,2019-08-16 23:45:25,39
PRA ,2019-08-17 00:45:25,39
PRA ,2019-08-17 01:45:30,39
PRA ,2019-08-17 02:45:40,39
PRA ,2019-08-17 03:45:26,39
PRA ,2019-08-17 04:45:26,39
PRA ,2019-08-17 05:45:27,39
PRA ,2019-08-17 06:45:24,39
PRA ,2019-08-17 07:45:24,39
PRA ,2019-08-17 08:45:25,39
PRA ,2019-08-17 09:45:24,39
PRA ,2019-08-17 10:45:22,39
PRA ,2019-08-17 11:45:23,39
PRA ,2019-08-17 12:45:22,39
PRA ,2019-08-17 13:45:24,39
PRA ,2019-08-17 14:46:02,39
PRA ,2019-08-17 15:45:23,39
PRA ,2019-08-17 16:45:23,39
PRA ,2019-08-17 17:45:21,39
PRA ,2019-08-17 18:45:22,39
PRA ,2019-08-17 19:45:22,39
PRA ,2019-08-17 20:45:24,39
PRA ,2019-08-17 21:45:21,39
PRA ,2019-08-17 22:45:21,39
PRA ,2019-08-17 23:45:21,39
PRA ,2019-08-18 00:45:22,39
PRA ,2019-08-18 01:45:21,39
PRA ,2019-08-18 02:45:25,39
PRA ,2019-08-18 03:45:22,39
PRA ,2019-08-18 04:45:21,39
PRA ,2019-08-18 05:45:47,39
PRA ,2019-08-18 06:45:42,39
PRA ,2019-08-18 07:45:25,39
PRA ,2019-08-18 08:45:27,39
PRA ,2019-08-18 09:45:28,39
PRA ,2019-08-18 10:45:22,39
PRA ,2019-08-18 11:45:23,39
PRA ,2019-08-18 12:45:24,39
PRA ,2019-08-18 13:45:26,39
PRA ,2019-08-18 14:45:24,39
PRA ,2019-08-18 15:45:25,39
PRA ,2019-08-18 16:45:29,39
PRA ,2019-08-18 17:45:23,39
PRA ,2019-08-18 18:45:24,39
PRA ,2019-08-18 19:45:25,39
PRA ,2019-08-18 20:45:25,39
PRA ,2019-08-18 21:45:32,39
PRA ,2019-08-18 22:45:25,39
PRA ,2019-08-18 23:45:24,39
PRA ,2019-08-19 00:45:25,39
PRA ,2019-08-19 01:45:29,39
PRA ,2019-08-19 02:45:27,39
PRA ,2019-08-19 03:45:23,39
PRA ,2019-08-19 04:45:23,39
PRA ,2019-08-19 05:45:30,39
PRA ,2019-08-19 06:45:27,39
PRA ,2019-08-19 07:45:36,39
PRA ,2019-08-19 08:45:24,39
PRA ,2019-08-19 09:45:31,39
PRA ,2019-08-19 10:45:25,39
PRA ,2019-08-19 11:45:23,39
PRA ,2019-08-19 12:45:30,39
PRA ,2019-08-19 13:45:26,39
PRA ,2019-08-19 14:45:19,39
PRA ,2019-08-19 15:45:21,39
PRA ,2019-08-19 16:45:19,39
PRA ,2019-08-19 17:45:18,39
PRA ,2019-08-19 18:45:21,39
PRA ,2019-08-19 19:45:19,39
PRA ,2019-08-19 20:45:19,39
PRA ,2019-08-19 21:45:20,39
PRA ,2019-08-19 22:45:18,39
PRA ,2019-08-19 23:45:20,39
PRA ,2019-08-20 00:45:23,39
PRA ,2019-08-20 01:45:19,39
PRA ,2019-08-20 02:45:23,39
PRA ,2019-08-20 03:45:20,39
PRA ,2019-08-20 04:45:19,39
PRA ,2019-08-20 05:45:36,39
PRA ,2019-08-20 06:45:24,39
PRA ,2019-08-20 07:45:18,39
PRA ,2019-08-20 08:45:19,39
PRA ,2019-08-20 09:45:18,39
PRA ,2019-08-20 10:45:41,39
PRA ,2019-08-20 11:45:17,39
PRA ,2019-08-20 13:07:25,39
PRA ,2019-08-20 13:45:30,39
PRA ,2019-08-20 14:45:21,39
PRA ,2019-08-20 15:45:19,39
PRA ,2019-08-20 16:45:20,39
PRA ,2019-08-20 17:45:21,39
PRA ,2019-08-20 18:45:21,39
PRA ,2019-08-20 19:45:21,39
PRA ,2019-08-20 20:45:22,39
PRA ,2019-08-20 21:45:23,39
PRA ,2019-08-20 22:45:21,39
PRA ,2019-08-20 23:45:19,39
PRA ,2019-08-21 00:45:23,39
PRA ,2019-08-21 01:45:26,39
PRA ,2019-08-21 02:45:28,39
PRA ,2019-08-21 03:45:26,39
PRA ,2019-08-21 04:45:21,39
PRA ,2019-08-21 05:45:25,39
PRA ,2019-08-21 06:45:29,39
PRA ,2019-08-21 07:45:22,39
PRA ,2019-08-21 08:45:24,39
PRA ,2019-08-21 09:45:22,39
PRA ,2019-08-21 10:45:19,39
PRA ,2019-08-21 11:45:20,39
PRA ,2019-08-21 12:45:20,39
PRA ,2019-08-21 13:45:24,39
PRA ,2019-08-21 14:45:23,39
PRA ,2019-08-21 15:45:24,39
PRA ,2019-08-21 16:45:38,39
PRA ,2019-08-21 17:45:21,39
PRA ,2019-08-21 18:45:23,39
PRA ,2019-08-21 19:45:22,39
PRA ,2019-08-21 20:45:23,39
PRA ,2019-08-21 21:45:24,39
PRA ,2019-08-21 22:45:25,39
PRA ,2019-08-21 23:45:22,39
PRA ,2019-08-22 00:45:24,39
PRA ,2019-08-22 01:45:21,39
PRA ,2019-08-22 02:45:28,39
PRA ,2019-08-22 03:45:22,39
PRA ,2019-08-22 04:45:20,39
PRA ,2019-08-22 05:45:26,39
PRA ,2019-08-22 06:45:21,39
PRA ,2019-08-22 07:45:23,39
PRA ,2019-08-22 08:45:22,39
PRA ,2019-08-22 09:45:21,39
PRA ,2019-08-22 10:45:24,39
PRA ,2019-08-22 11:45:24,39
PRA ,2019-08-22 12:45:25,39
PRA ,2019-08-22 13:45:26,39
PRA ,2019-08-22 14:45:27,39
PRA ,2019-08-22 15:45:28,39
PRA ,2019-08-22 16:45:32,39
PRA ,2019-08-22 17:45:27,39
PRA ,2019-08-22 18:45:28,39
PRA ,2019-08-22 19:45:25,39
PRA ,2019-08-22 20:45:27,39
PRA ,2019-08-22 21:45:29,39
PRA ,2019-08-22 22:45:26,39
PRA ,2019-08-22 23:45:27,39
PRA ,2019-08-23 00:45:28,39
PRA ,2019-08-23 01:45:30,39
PRA ,2019-08-23 02:45:33,39
PRA ,2019-08-23 03:45:24,39
PRA ,2019-08-23 04:45:25,39
PRA ,2019-08-23 05:45:26,39
PRA ,2019-08-23 06:45:25,39
PRA ,2019-08-23 07:45:23,39
PRA ,2019-08-23 08:45:24,39
PRA ,2019-08-23 09:45:22,39
PRA ,2019-08-23 10:45:29,39
PRA ,2019-08-23 11:45:22,39
PRA ,2019-08-23 12:45:28,39
PRA ,2019-08-23 13:45:29,39
PRA ,2019-08-23 14:45:25,39
PRA ,2019-08-23 15:45:26,39
PRA ,2019-08-23 16:45:28,39
PRA ,2019-08-23 17:45:23,39
PRA ,2019-08-23 18:45:29,39
PRA ,2019-08-23 19:45:25,40
PRA ,2019-08-23 20:45:21,40
PRA ,2019-08-23 21:45:23,40
PRA ,2019-08-23 22:46:05,40
PRA ,2019-08-23 23:45:23,40
PRA ,2019-08-24 00:45:24,40
PRA ,2019-08-24 01:45:22,40
PRA ,2019-08-24 02:45:45,40
PRA ,2019-08-24 03:45:21,40
PRA ,2019-08-24 04:45:20,40
PRA ,2019-08-24 05:45:25,40
PRA ,2019-08-24 06:45:25,40
PRA ,2019-08-24 07:45:27,40
PRA ,2019-08-24 08:45:25,40
PRA ,2019-08-24 09:45:24,40
PRA ,2019-08-24 10:45:23,40
PRA ,2019-08-24 11:45:21,40
PRA ,2019-08-24 12:45:25,40
PRA ,2019-08-24 13:45:22,40
PRA ,2019-08-24 14:45:23,40
PRA ,2019-08-24 15:45:24,40
PRA ,2019-08-24 16:45:37,40
PRA ,2019-08-24 17:45:24,40
PRA ,2019-08-24 18:45:27,40
PRA ,2019-08-24 19:45:23,40
PRA ,2019-08-24 20:45:23,40
PRA ,2019-08-24 21:45:23,40
PRA ,2019-08-24 22:45:23,40
PRA ,2019-08-24 23:45:21,40
PRA ,2019-08-25 00:45:20,40
PRA ,2019-08-25 01:45:26,40
PRA ,2019-08-25 02:45:36,40
PRA ,2019-08-25 03:45:22,40
PRA ,2019-08-25 04:45:21,40
PRA ,2019-08-25 05:45:21,40
PRA ,2019-08-25 06:45:21,40
PRA ,2019-08-25 07:45:22,40
PRA ,2019-08-25 08:45:24,40
PRA ,2019-08-25 09:45:20,40
PRA ,2019-08-25 10:45:21,40
PRA ,2019-08-25 11:45:26,40
PRA ,2019-08-25 12:45:22,40
PRA ,2019-08-25 13:45:24,40
PRA ,2019-08-25 14:45:21,40
PRA ,2019-08-25 15:45:24,40
PRA ,2019-08-25 16:45:27,40
PRA ,2019-08-25 17:45:21,40
PRA ,2019-08-25 18:45:20,40
PRA ,2019-08-25 19:45:24,40
PRA ,2019-08-25 20:45:23,40
PRA ,2019-08-25 21:45:23,40
PRA ,2019-08-25 22:45:21,40
PRA ,2019-08-25 23:45:23,40
PRA ,2019-08-26 00:45:20,40
PRA ,2019-08-26 01:45:19,40
PRA ,2019-08-26 02:45:26,40
PRA ,2019-08-26 03:45:20,40
PRA ,2019-08-26 04:45:23,40
PRA ,2019-08-26 05:45:26,40
PRA ,2019-08-26 06:45:22,40
PRA ,2019-08-26 07:45:27,40
PRA ,2019-08-26 08:45:22,40
PRA ,2019-08-26 09:45:21,40
PRA ,2019-08-26 10:45:24,40
PRA ,2019-08-26 11:45:22,40
PRA ,2019-08-26 12:45:25,40
PRA ,2019-08-26 13:45:23,40
PRA ,2019-08-26 14:45:22,40
PRA ,2019-08-26 15:45:25,40
PRA ,2019-08-26 16:45:33,40
PRA ,2019-08-26 17:45:22,40
PRA ,2019-08-26 18:45:23,40
PRA ,2019-08-26 19:45:26,40
PRA ,2019-08-26 20:45:27,40
PRA ,2019-08-26 21:45:24,40
PRA ,2019-08-26 22:45:21,40
PRA ,2019-08-26 23:45:22,40
PRA ,2019-08-27 00:45:25,40
PRA ,2019-08-27 01:45:24,40
PRA ,2019-08-27 02:45:30,40
PRA ,2019-08-27 03:45:23,40
PRA ,2019-08-27 04:45:22,40
PRA ,2019-08-27 05:45:28,40
PRA ,2019-08-27 06:45:30,40
PRA ,2019-08-27 07:45:22,40
PRA ,2019-08-27 08:45:26,40
PRA ,2019-08-27 09:45:22,40
PRA ,2019-08-27 10:45:20,40
PRA ,2019-08-27 11:45:27,40
PRA ,2019-08-27 12:45:28,40
PRA ,2019-08-27 13:45:43,40
PRA ,2019-08-27 14:45:23,40
PRA ,2019-08-27 15:45:26,40
PRA ,2019-08-27 16:45:31,40
PRA ,2019-08-27 17:45:23,40
PRA ,2019-08-27 18:45:23,40
PRA ,2019-08-27 19:45:25,40
PRA ,2019-08-27 20:45:23,40
PRA ,2019-08-27 21:45:25,40
PRA ,2019-08-27 22:45:24,40
PRA ,2019-08-27 23:45:29,40
PRA ,2019-08-28 00:45:28,40
PRA ,2019-08-28 01:45:26,40
PRA ,2019-08-28 02:45:31,40
PRA ,2019-08-28 03:45:33,40
PRA ,2019-08-28 04:45:26,40
PRA ,2019-08-28 05:45:30,40
PRA ,2019-08-28 06:45:29,40
PRA ,2019-08-28 07:45:28,40
PRA ,2019-08-28 08:45:26,40
PRA ,2019-08-28 09:45:28,40
PRA ,2019-08-28 10:45:25,40
PRA ,2019-08-28 11:45:30,40
PRA ,2019-08-28 12:45:24,40
PRA ,2019-08-28 13:45:23,40
PRA ,2019-08-28 14:45:20,40
PRA ,2019-08-28 15:45:26,40
PRA ,2019-08-28 16:45:41,40
PRA ,2019-08-28 17:45:20,40
PRA ,2019-08-28 18:45:23,40
PRA ,2019-08-28 19:45:23,40
PRA ,2019-08-28 20:45:26,40
PRA ,2019-08-28 21:45:25,40
PRA ,2019-08-28 22:45:22,40
PRA ,2019-08-28 23:45:29,40
PRA ,2019-08-29 00:45:20,40
PRA ,2019-08-29 01:45:24,40
PRA ,2019-08-29 02:45:25,40
PRA ,2019-08-29 03:45:22,40
PRA ,2019-08-29 04:45:23,40
PRA ,2019-08-29 05:45:36,40
PRA ,2019-08-29 06:45:19,40
PRA ,2019-08-29 07:45:25,40
PRA ,2019-08-29 08:45:22,40
PRA ,2019-08-29 09:45:23,40
PRA ,2019-08-29 10:45:18,40
PRA ,2019-08-29 11:45:19,40
PRA ,2019-08-29 12:45:24,40
PRA ,2019-08-29 13:45:23,40
PRA ,2019-08-29 14:45:21,40
PRA ,2019-08-29 15:45:21,40
PRA ,2019-08-29 16:45:29,40
PRA ,2019-08-29 17:45:21,40
PRA ,2019-08-29 18:45:20,40
PRA ,2019-08-29 19:45:18,40
PRA ,2019-08-29 20:45:20,40
PRA ,2019-08-29 21:45:20,40
PRA ,2019-08-29 22:45:19,40
PRA ,2019-08-29 23:45:20,40
PRA ,2019-08-30 00:45:23,40
PRA ,2019-08-30 01:45:28,40
PRA ,2019-08-30 02:45:22,40
PRA ,2019-08-30 03:45:23,40
PRA ,2019-08-30 04:45:21,40
PRA ,2019-08-30 05:45:31,40
PRA ,2019-08-30 06:45:17,40
PRA ,2019-08-30 07:45:18,40
PRA ,2019-08-30 08:45:17,40
PRA ,2019-08-30 09:45:19,40
PRA ,2019-08-30 10:45:17,40
PRA ,2019-08-30 11:45:17,40
PRA ,2019-08-30 12:45:20,40
PRA ,2019-08-30 13:45:19,40
PRA ,2019-08-30 14:45:18,40
PRA ,2019-08-30 15:45:19,40
PRA ,2019-08-30 16:45:20,40
PRA ,2019-08-30 17:45:21,40
PRA ,2019-08-30 18:45:18,40
PRA ,2019-08-30 20:45:35,40
PRA ,2019-08-30 21:45:30,40
PRA ,2019-08-30 22:45:32,40
PRA ,2019-08-30 23:45:31,40
PRA ,2019-08-31 00:45:31,40
PRA ,2019-08-31 01:45:34,40
PRA ,2019-08-31 02:45:32,40
PRA ,2019-08-31 03:45:32,40
PRA ,2019-08-31 04:45:31,40
PRA ,2019-08-31 23:45:59,40
PRA ,2019-09-01 00:45:35,40
PRA ,2019-09-01 01:45:31,40
PRA ,2019-09-01 02:45:32,40
PRA ,2019-09-01 03:45:32,40
PRA ,2019-09-01 04:45:31,40
PRA ,2019-09-01 05:45:32,40
PRA ,2019-09-01 06:45:31,40
PRA ,2019-09-01 07:45:28,40
PRA ,2019-09-01 08:45:31,40
PRA ,2019-09-01 09:45:30,40
PRA ,2019-09-01 10:45:30,40
PRA ,2019-09-01 11:45:29,40
PRA ,2019-09-01 12:45:33,40
PRA ,2019-09-01 13:45:31,40
PRA ,2019-09-01 14:45:31,40
PRA ,2019-09-01 15:45:30,40
PRA ,2019-09-01 16:45:38,40
PRA ,2019-09-01 17:45:35,40
PRA ,2019-09-01 18:45:31,40
PRA ,2019-09-01 19:45:29,40
PRA ,2019-09-01 20:45:31,40
PRA ,2019-09-01 21:45:31,40
PRA ,2019-09-01 22:45:32,40
PRA ,2019-09-01 23:45:33,40
PRA ,2019-09-02 00:45:30,40
PRA ,2019-09-02 01:45:27,40
PRA ,2019-09-02 02:45:28,40
PRA ,2019-09-02 03:45:32,40
PRA ,2019-09-02 04:45:34,40
PRA ,2019-09-02 05:45:45,40
PRA ,2019-09-02 06:45:34,40
PRA ,2019-09-02 07:45:33,40
PRA ,2019-09-02 08:45:32,40
PRA ,2019-09-02 09:45:38,40
PRA ,2019-09-02 10:45:39,40
PRA ,2019-09-02 11:45:32,40
PRA ,2019-09-02 12:45:29,40
PRA ,2019-09-02 13:45:32,40
PRA ,2019-09-02 14:45:31,40
PRA ,2019-09-02 15:45:31,40
PRA ,2019-09-02 16:45:43,40
PRA ,2019-09-02 17:45:31,40
PRA ,2019-09-02 18:45:34,40
PRA ,2019-09-02 19:45:32,40
PRA ,2019-09-02 20:45:31,40
PRA ,2019-09-02 21:45:33,40
PRA ,2019-09-02 22:45:33,40
PRA ,2019-09-02 23:45:34,40
PRA ,2019-09-03 00:45:33,40
PRA ,2019-09-03 01:45:34,40
PRA ,2019-09-03 02:45:36,40
PRA ,2019-09-03 03:45:32,40
PRA ,2019-09-03 04:45:30,40
PRA ,2019-09-03 05:45:43,40
PRA ,2019-09-03 06:45:35,40
PRA ,2019-09-03 07:45:30,40
PRA ,2019-09-03 08:45:39,40
PRA ,2019-09-03 09:45:31,40
PRA ,2019-09-03 10:45:35,40
PRA ,2019-09-03 11:45:30,40
PRA ,2019-09-03 13:09:45,40
PRA ,2019-09-03 13:45:40,40
PRA ,2019-09-03 14:45:34,40
PRA ,2019-09-03 15:45:33,40
PRA ,2019-09-03 16:45:37,40
PRA ,2019-09-03 17:45:33,40
PRA ,2019-09-03 18:45:31,40
PRA ,2019-09-03 19:45:31,40
PRA ,2019-09-03 20:45:33,40
PRA ,2019-09-03 21:45:31,40
PRA ,2019-09-03 22:45:41,40
PRA ,2019-09-03 23:45:31,40
PRA ,2019-09-04 00:45:35,40
PRA ,2019-09-04 01:45:33,40
PRA ,2019-09-04 02:45:33,40
PRA ,2019-09-04 03:45:31,40
PRA ,2019-09-04 04:45:30,40
PRA ,2019-09-04 05:45:43,40
PRA ,2019-09-04 06:45:33,40
PRA ,2019-09-04 07:45:31,40
PRA ,2019-09-04 08:45:31,40
PRA ,2019-09-04 09:45:34,40
PRA ,2019-09-04 10:45:32,40
PRA ,2019-09-04 11:45:31,40
PRA ,2019-09-04 13:08:39,40
PRA ,2019-09-04 13:45:33,40
PRA ,2019-09-04 14:45:32,40
PRA ,2019-09-04 15:45:33,40
PRA ,2019-09-04 16:45:45,40
PRA ,2019-09-04 17:45:31,40
PRA ,2019-09-04 18:45:33,40
PRA ,2019-09-04 19:45:32,40
PRA ,2019-09-04 20:45:33,40
PRA ,2019-09-04 21:45:31,40
PRA ,2019-09-04 22:45:31,40
PRA ,2019-09-04 23:45:37,40
PRA ,2019-09-05 01:45:32,40
PRA ,2019-09-05 02:45:38,40
PRA ,2019-09-05 03:45:30,40
PRA ,2019-09-05 04:45:31,40
PRA ,2019-09-05 05:45:43,40
PRA ,2019-09-05 06:45:29,40
PRA ,2019-09-05 07:45:35,40
PRA ,2019-09-05 08:45:32,40
PRA ,2019-09-05 09:45:29,40
PRA ,2019-09-05 10:45:38,40
PRA ,2019-09-05 11:45:31,40
PRA ,2019-09-05 13:09:36,40
PRA ,2019-09-05 13:45:32,40
PRA ,2019-09-05 14:45:37,40
PRA ,2019-09-05 15:45:32,40
PRA ,2019-09-05 16:45:45,40
PRA ,2019-09-05 17:45:35,40
PRA ,2019-09-05 18:45:31,40
PRA ,2019-09-05 19:45:30,40
PRA ,2019-09-05 20:45:33,41
PRA ,2019-09-05 21:45:31,41
PRA ,2019-09-05 22:45:33,41
PRA ,2019-09-05 23:45:34,41
PRA ,2019-09-06 00:45:33,41
PRA ,2019-09-06 01:45:34,41
PRA ,2019-09-06 02:45:31,41
PRA ,2019-09-06 03:45:29,41
PRA ,2019-09-06 04:45:31,41
PRA ,2019-09-06 05:45:44,41
PRA ,2019-09-06 06:45:33,41
PRA ,2019-09-06 07:45:35,41
PRA ,2019-09-06 08:45:31,41
PRA ,2019-09-06 09:45:33,41
PRA ,2019-09-06 10:45:32,41
PRA ,2019-09-06 11:45:52,41
PRA ,2019-09-06 13:08:37,41
PRA ,2019-09-06 13:45:34,41
PRA ,2019-09-06 14:45:30,41
PRA ,2019-09-06 15:45:30,40
PRA ,2019-09-06 16:45:43,40
PRA ,2019-09-06 17:45:32,40
PRA ,2019-09-06 18:45:34,40
PRA ,2019-09-06 19:45:31,40
PRA ,2019-09-06 20:45:32,40
PRA ,2019-09-06 21:45:34,40
PRA ,2019-09-06 22:45:31,40
PRA ,2019-09-06 23:45:30,40
PRA ,2019-09-07 01:45:32,40
PRA ,2019-09-07 02:45:34,40
PRA ,2019-09-07 03:45:35,40
PRA ,2019-09-07 04:45:33,40
PRA ,2019-09-07 05:45:59,40
PRA ,2019-09-07 06:45:31,40
PRA ,2019-09-07 07:45:29,40
PRA ,2019-09-07 08:45:30,40
PRA ,2019-09-07 09:45:31,40
PRA ,2019-09-07 10:45:33,40
PRA ,2019-09-07 11:45:30,40
PRA ,2019-09-07 12:45:30,40
PRA ,2019-09-07 13:45:34,40
PRA ,2019-09-07 14:45:33,40
PRA ,2019-09-07 15:45:33,40
PRA ,2019-09-07 16:45:32,40
PRA ,2019-09-07 17:45:33,40
PRA ,2019-09-07 18:45:31,40
PRA ,2019-09-07 19:45:30,40
PRA ,2019-09-07 20:45:32,40
PRA ,2019-09-07 22:45:29,40
PRA ,2019-09-07 23:45:33,40
PRA ,2019-09-08 00:45:32,40
PRA ,2019-09-08 01:45:35,40
PRA ,2019-09-08 02:45:39,40
PRA ,2019-09-08 03:45:33,40
PRA ,2019-09-08 04:45:32,40
PRA ,2019-09-08 05:45:38,40
PRA ,2019-09-08 06:45:32,40
PRA ,2019-09-08 07:45:30,40
PRA ,2019-09-08 08:45:31,40
PRA ,2019-09-08 09:45:30,40
PRA ,2019-09-08 10:45:33,40
PRA ,2019-09-08 11:45:30,40
PRA ,2019-09-08 12:45:31,40
PRA ,2019-09-08 13:45:32,40
PRA ,2019-09-08 14:45:32,40
PRA ,2019-09-08 15:45:30,40
PRA ,2019-09-08 16:45:40,40
PRA ,2019-09-08 17:45:31,40
PRA ,2019-09-08 18:45:31,40
PRA ,2019-09-08 19:45:38,40
PRA ,2019-09-08 20:45:35,40
PRA ,2019-09-08 21:45:33,40
PRA ,2019-09-08 22:45:29,40
PRA ,2019-09-08 23:45:31,40
PRA ,2019-09-09 00:45:31,40
PRA ,2019-09-09 01:45:33,40
PRA ,2019-09-09 02:45:33,40
PRA ,2019-09-09 03:45:32,40
PRA ,2019-09-09 04:45:30,40
PRA ,2019-09-09 05:45:47,40
PRA ,2019-09-09 06:45:30,40
PRA ,2019-09-09 07:45:31,40
PRA ,2019-09-09 08:45:31,40
PRA ,2019-09-09 09:45:27,40
PRA ,2019-09-09 10:45:29,40
PRA ,2019-09-09 11:45:32,40
PRA ,2019-09-09 13:08:38,40
PRA ,2019-09-09 13:45:38,40
PRA ,2019-09-09 14:45:40,40
PRA ,2019-09-09 15:45:33,40
PRA ,2019-09-09 16:45:50,40
PRA ,2019-09-09 17:45:32,40
PRA ,2019-09-09 18:45:33,40
PRA ,2019-09-09 19:45:33,40
PRA ,2019-09-09 20:45:31,40
PRA ,2019-09-09 21:45:32,40
PRA ,2019-09-09 22:45:32,40
PRA ,2019-09-09 23:45:33,40
PRA ,2019-09-10 00:45:34,40
PRA ,2019-09-10 01:45:33,40
PRA ,2019-09-10 02:45:40,40
PRA ,2019-09-10 03:45:35,40
PRA ,2019-09-10 04:45:34,40
PRA ,2019-09-10 05:45:39,40
PRA ,2019-09-10 06:45:32,40
PRA ,2019-09-10 07:45:31,40
PRA ,2019-09-10 08:45:35,40
PRA ,2019-09-10 09:45:46,40
PRA ,2019-09-10 10:45:33,40
PRA ,2019-09-10 11:45:32,40
PRA ,2019-09-10 12:45:34,40
PRA ,2019-09-10 13:45:32,40
PRA ,2019-09-10 14:45:30,40
PRA ,2019-09-10 15:45:30,40
PRA ,2019-09-10 16:45:43,40
PRA ,2019-09-10 17:45:31,40
PRA ,2019-09-10 18:45:33,40
PRA ,2019-09-10 19:45:39,40
PRA ,2019-09-10 20:45:30,40
PRA ,2019-09-10 21:45:32,40
PRA ,2019-09-10 22:45:30,40
PRA ,2019-09-10 23:45:31,40
PRA ,2019-09-11 00:45:31,40
PRA ,2019-09-11 01:45:32,40
PRA ,2019-09-11 02:45:30,40
PRA ,2019-09-11 03:45:29,40
PRA ,2019-09-11 04:45:30,40
PRA ,2019-09-11 05:45:42,40
PRA ,2019-09-11 06:45:33,40
PRA ,2019-09-11 07:45:28,40
PRA ,2019-09-11 08:45:31,40
PRA ,2019-09-11 09:45:35,40
PRA ,2019-09-11 10:45:45,40
PRA ,2019-09-11 11:45:40,40
PRA ,2019-09-11 12:45:31,40
PRA ,2019-09-11 13:45:35,40
PRA ,2019-09-11 14:45:31,40
PRA ,2019-09-11 15:45:31,40
PRA ,2019-09-11 16:45:35,40
PRA ,2019-09-11 17:45:29,40
PRA ,2019-09-11 18:45:31,40
PRA ,2019-09-11 19:45:31,40
PRA ,2019-09-11 20:45:30,40
PRA ,2019-09-11 21:45:36,40
PRA ,2019-09-11 22:45:30,40
PRA ,2019-09-11 23:45:30,40
PRA ,2019-09-12 00:45:32,40
PRA ,2019-09-12 01:45:31,40
PRA ,2019-09-12 02:45:38,40
PRA ,2019-09-12 03:45:31,40
PRA ,2019-09-12 04:45:29,40
PRA ,2019-09-12 05:45:42,40
PRA ,2019-09-12 06:45:31,40
PRA ,2019-09-12 07:45:30,40
PRA ,2019-09-12 08:45:28,40
PRA ,2019-09-12 09:45:30,40
PRA ,2019-09-12 10:45:48,40
PRA ,2019-09-12 11:45:34,40
PRA ,2019-09-12 13:09:39,40
PRA ,2019-09-12 13:45:34,40
PRA ,2019-09-12 14:45:36,40
PRA ,2019-09-12 15:45:33,40
PRA ,2019-09-12 16:45:32,40
PRA ,2019-09-12 17:45:31,40
PRA ,2019-09-12 18:45:30,40
PRA ,2019-09-12 19:45:30,40
PRA ,2019-09-12 20:45:29,40
PRA ,2019-09-12 21:45:28,40
PRA ,2019-09-12 22:45:31,40
PRA ,2019-09-12 23:45:31,40
PRA ,2019-09-13 00:45:30,40
PRA ,2019-09-13 01:45:34,40
PRA ,2019-09-13 02:45:31,40
PRA ,2019-09-13 03:45:31,40
PRA ,2019-09-13 04:45:29,40
PRA ,2019-09-13 05:45:31,40
PRA ,2019-09-13 06:45:32,40
PRA ,2019-09-13 07:45:29,40
PRA ,2019-09-13 08:45:31,40
PRA ,2019-09-13 09:45:30,40
PRA ,2019-09-13 10:45:29,40
PRA ,2019-09-13 11:45:29,40
PRA ,2019-09-13 13:09:33,40
PRA ,2019-09-13 14:10:36,41
PRA ,2019-09-13 14:45:33,41
PRA ,2019-09-13 15:45:31,41
PRA ,2019-09-13 16:45:31,41
PRA ,2019-09-13 17:45:31,41
PRA ,2019-09-13 18:45:30,41
PRA ,2019-09-13 19:45:31,41
PRA ,2019-09-13 20:45:27,41
PRA ,2019-09-13 21:45:35,41
PRA ,2019-09-13 22:45:28,41
PRA ,2019-09-13 23:45:31,41
PRA ,2019-09-14 00:45:33,41
PRA ,2019-09-14 01:45:26,41
PRA ,2019-09-14 02:45:30,41
PRA ,2019-09-14 03:45:31,41
PRA ,2019-09-14 04:45:29,41
PRA ,2019-09-14 05:45:30,41
PRA ,2019-09-14 06:45:30,41
PRA ,2019-09-14 07:45:29,41
PRA ,2019-09-14 08:45:30,41
PRA ,2019-09-14 09:45:28,41
PRA ,2019-09-14 10:45:30,41
PRA ,2019-09-14 11:45:25,41
PRA ,2019-09-14 12:45:30,41
PRA ,2019-09-14 13:45:27,41
PRA ,2019-09-14 14:45:30,41
PRA ,2019-09-14 15:45:26,41
PRA ,2019-09-14 16:45:32,41
PRA ,2019-09-14 17:45:31,41
PRA ,2019-09-14 18:45:26,41
PRA ,2019-09-14 19:45:27,41
PRA ,2019-09-14 20:45:27,41
PRA ,2019-09-14 21:45:32,41
PRA ,2019-09-14 22:45:29,41
PRA ,2019-09-14 23:45:32,41
PRA ,2019-09-15 00:45:31,41
PRA ,2019-09-15 01:45:27,41
PRA ,2019-09-15 02:45:33,41
PRA ,2019-09-15 03:45:32,41
PRA ,2019-09-15 04:45:30,41
PRA ,2019-09-15 05:45:27,41
PRA ,2019-09-15 06:45:33,41
PRA ,2019-09-15 07:45:32,41
PRA ,2019-09-15 08:45:32,41
PRA ,2019-09-15 09:45:29,41
PRA ,2019-09-15 10:45:29,41
PRA ,2019-09-15 11:45:30,41
PRA ,2019-09-15 12:45:32,41
PRA ,2019-09-15 13:45:32,41
PRA ,2019-09-15 14:45:30,41
PRA ,2019-09-15 15:45:27,41
PRA ,2019-09-15 16:45:32,41
PRA ,2019-09-15 17:45:26,41
PRA ,2019-09-15 18:45:29,41
PRA ,2019-09-15 19:45:29,41
PRA ,2019-09-15 20:45:27,41
PRA ,2019-09-15 21:45:33,41
PRA ,2019-09-15 22:45:29,41
PRA ,2019-09-15 23:45:28,41
PRA ,2019-09-16 00:45:31,41
PRA ,2019-09-16 01:45:28,41
PRA ,2019-09-16 02:45:32,41
PRA ,2019-09-16 03:45:32,41
PRA ,2019-09-16 04:45:28,41
PRA ,2019-09-16 05:45:31,41
PRA ,2019-09-16 06:45:32,41
PRA ,2019-09-16 07:45:28,41
PRA ,2019-09-16 08:45:31,41
PRA ,2019-09-16 09:45:30,41
PRA ,2019-09-16 10:45:29,41
PRA ,2019-09-16 11:45:26,41
PRA ,2019-09-16 13:09:06,41
PRA ,2019-09-16 13:45:31,41
PRA ,2019-09-16 14:45:37,41
PRA ,2019-09-16 15:45:33,41
PRA ,2019-09-16 16:45:35,41
PRA ,2019-09-16 17:45:30,41
PRA ,2019-09-16 18:45:34,41
PRA ,2019-09-16 19:45:40,41
PRA ,2019-09-16 20:45:39,41
PRA ,2019-09-16 21:45:34,41
PRA ,2019-09-16 22:45:36,41
PRA ,2019-09-16 23:45:35,41
PRA ,2019-09-17 00:45:34,41
PRA ,2019-09-17 01:45:31,41
PRA ,2019-09-17 02:45:33,41
PRA ,2019-09-17 03:45:34,41
PRA ,2019-09-17 04:45:31,41
PRA ,2019-09-17 05:45:31,41
PRA ,2019-09-17 06:45:29,41
PRA ,2019-09-17 07:45:32,41
PRA ,2019-09-17 08:45:30,41
PRA ,2019-09-17 09:45:35,41
PRA ,2019-09-17 10:45:35,41
PRA ,2019-09-17 11:45:32,41
PRA ,2019-09-17 12:45:32,41
PRA ,2019-09-17 13:45:36,41
PRA ,2019-09-17 14:45:32,41
PRA ,2019-09-17 15:45:33,41
PRA ,2019-09-17 16:45:35,41
PRA ,2019-09-17 17:45:31,42
PRA ,2019-09-17 18:45:32,42
PRA ,2019-09-17 19:45:32,42
PRA ,2019-09-17 20:45:32,42
PRA ,2019-09-17 21:45:32,42
PRA ,2019-09-17 22:45:34,42
PRA ,2019-09-17 23:45:32,42
PRA ,2019-09-18 00:45:32,42
PRA ,2019-09-18 01:45:32,42
PRA ,2019-09-18 02:45:30,42
PRA ,2019-09-18 03:45:31,42
PRA ,2019-09-18 04:45:39,42
PRA ,2019-09-18 05:45:32,42
PRA ,2019-09-18 06:45:33,42
PRA ,2019-09-18 07:45:31,42
PRA ,2019-09-18 08:45:33,42
PRA ,2019-09-18 09:45:33,42
PRA ,2019-09-18 10:45:31,42
PRA ,2019-09-18 11:45:30,42
PRA ,2019-09-18 13:40:42,42
PRA ,2019-09-18 13:47:55,42
PRA ,2019-09-18 14:45:34,42
PRA ,2019-09-18 15:45:36,41
PRA ,2019-09-18 16:45:36,41
PRA ,2019-09-18 17:45:31,41
PRA ,2019-09-18 18:45:29,41
PRA ,2019-09-18 19:45:34,41
PRA ,2019-09-18 20:45:31,41
PRA ,2019-09-18 21:45:31,41
PRA ,2019-09-18 22:45:33,41
PRA ,2019-09-18 23:45:36,41
PRA ,2019-09-19 00:45:28,41
PRA ,2019-09-19 01:45:32,41
PRA ,2019-09-19 02:45:35,41
PRA ,2019-09-19 03:45:33,41
PRA ,2019-09-19 04:45:29,41
PRA ,2019-09-19 05:45:33,41
PRA ,2019-09-19 06:45:34,41
PRA ,2019-09-19 07:45:27,41
PRA ,2019-09-19 08:45:31,41
PRA ,2019-09-19 09:45:30,41
PRA ,2019-09-19 10:45:30,41
PRA ,2019-09-19 11:45:26,41
PRA ,2019-09-19 13:09:07,41
PRA ,2019-09-19 13:45:36,41
PRA ,2019-09-19 14:45:29,41
PRA ,2019-09-19 15:45:32,41
PRA ,2019-09-19 16:45:40,41
PRA ,2019-09-19 17:45:33,41
PRA ,2019-09-19 18:45:34,42
PRA ,2019-09-19 19:45:28,42
PRA ,2019-09-19 20:45:35,42
PRA ,2019-09-19 21:45:29,42
PRA ,2019-09-19 22:45:35,42
PRA ,2019-09-19 23:45:30,42
PRA ,2019-09-20 00:45:36,42
PRA ,2019-09-20 01:45:39,42
PRA ,2019-09-20 02:45:28,42
PRA ,2019-09-20 03:45:34,42
PRA ,2019-09-20 04:45:32,42
PRA ,2019-09-20 05:45:35,42
PRA ,2019-09-20 06:45:31,42
PRA ,2019-09-20 07:45:31,42
PRA ,2019-09-20 08:45:35,42
PRA ,2019-09-20 09:45:30,42
PRA ,2019-09-20 10:45:28,42
PRA ,2019-09-20 11:45:33,42
PRA ,2019-09-20 12:45:34,42
PRA ,2019-09-20 13:45:27,42
PRA ,2019-09-20 14:45:32,42
PRA ,2019-09-20 15:45:32,42
PRA ,2019-09-20 16:45:32,42
PRA ,2019-09-20 17:45:36,42
PRA ,2019-09-20 18:45:29,42
PRA ,2019-09-20 19:45:34,42
PRA ,2019-09-20 20:45:27,42
PRA ,2019-09-20 21:45:29,42
PRA ,2019-09-20 22:45:33,42
PRA ,2019-09-20 23:45:27,42
PRA ,2019-09-21 00:45:27,42
PRA ,2019-09-21 01:45:27,42
PRA ,2019-09-21 02:45:31,42
PRA ,2019-09-21 03:45:33,42
PRA ,2019-09-21 04:45:26,42
PRA ,2019-09-21 05:45:31,42
PRA ,2019-09-21 06:45:31,42
PRA ,2019-09-21 07:45:27,42
PRA ,2019-09-21 08:45:27,42
PRA ,2019-09-21 09:45:30,42
PRA ,2019-09-21 10:45:26,42
PRA ,2019-09-21 11:45:29,42
PRA ,2019-09-21 12:45:32,42
PRA ,2019-09-21 13:45:32,42
PRA ,2019-09-21 14:45:28,42
PRA ,2019-09-21 15:45:26,42
PRA ,2019-09-21 16:45:33,42
PRA ,2019-09-21 17:45:29,42
PRA ,2019-09-21 18:45:28,42
PRA ,2019-09-21 19:45:28,42
PRA ,2019-09-21 20:45:27,42
PRA ,2019-09-21 21:45:28,42
PRA ,2019-09-21 22:45:28,42
PRA ,2019-09-21 23:45:31,42
PRA ,2019-09-22 00:45:27,42
PRA ,2019-09-22 01:45:29,42
PRA ,2019-09-22 02:45:30,42
PRA ,2019-09-22 03:45:28,42
PRA ,2019-09-22 04:45:31,42
PRA ,2019-09-22 05:45:27,42
PRA ,2019-09-22 06:45:31,42
PRA ,2019-09-22 07:45:31,42
PRA ,2019-09-22 08:45:28,42
PRA ,2019-09-22 09:45:31,42
PRA ,2019-09-22 10:45:27,42
PRA ,2019-09-22 11:45:26,42
PRA ,2019-09-22 12:45:29,42
PRA ,2019-09-22 13:45:27,42
PRA ,2019-09-22 14:45:32,42
PRA ,2019-09-22 15:45:27,42
PRA ,2019-09-22 16:45:32,42
PRA ,2019-09-22 17:45:28,42
PRA ,2019-09-22 18:45:27,42
PRA ,2019-09-22 19:45:32,42
PRA ,2019-09-22 20:45:27,42
PRA ,2019-09-22 21:45:29,42
PRA ,2019-09-22 22:45:26,42
PRA ,2019-09-22 23:45:27,42
PRA ,2019-09-23 00:45:31,42
PRA ,2019-09-23 01:45:27,42
PRA ,2019-09-23 02:45:27,42
PRA ,2019-09-23 03:45:31,42
PRA ,2019-09-23 04:45:29,42
PRA ,2019-09-23 05:45:28,42
PRA ,2019-09-23 06:45:30,42
PRA ,2019-09-23 07:45:28,42
PRA ,2019-09-23 08:45:31,42
PRA ,2019-09-23 09:45:29,42
PRA ,2019-09-23 10:45:31,42
PRA ,2019-09-23 11:45:33,42
PRA ,2019-09-23 12:45:31,42
PRA ,2019-09-23 13:45:28,42
PRA ,2019-09-23 14:45:33,42
PRA ,2019-09-23 15:45:27,42
PRA ,2019-09-23 16:45:32,42
PRA ,2019-09-23 17:45:27,42
PRA ,2019-09-23 18:45:34,42
PRA ,2019-09-23 19:45:28,42
PRA ,2019-09-23 20:45:28,42
PRA ,2019-09-23 21:45:30,42
PRA ,2019-09-23 22:45:31,42
PRA ,2019-09-23 23:45:26,42
PRA ,2019-09-24 00:45:31,42
PRA ,2019-09-24 01:45:28,42
PRA ,2019-09-24 03:45:33,42
PRA ,2019-09-24 04:45:28,42
PRA ,2019-09-24 05:45:35,42
PRA ,2019-09-24 06:45:29,42
PRA ,2019-09-24 07:45:29,42
PRA ,2019-09-24 08:45:31,42
PRA ,2019-09-24 09:45:26,42
PRA ,2019-09-24 10:45:30,42
PRA ,2019-09-24 11:45:31,42
PRA ,2019-09-24 12:45:32,42
PRA ,2019-09-24 13:45:29,42
PRA ,2019-09-24 14:45:31,42
PRA ,2019-09-24 15:45:33,42
PRA ,2019-09-24 16:45:31,42
PRA ,2019-09-24 17:45:31,43
PRA ,2019-09-24 18:45:33,43
PRA ,2019-09-24 19:45:27,43
PRA ,2019-09-24 20:45:30,42
PRA ,2019-09-24 21:45:32,42
PRA ,2019-09-24 22:45:27,42
PRA ,2019-09-24 23:45:26,42
PRA ,2019-09-25 00:45:30,42
PRA ,2019-09-25 01:45:33,42
PRA ,2019-09-25 02:45:26,42
PRA ,2019-09-25 03:45:35,42
PRA ,2019-09-25 04:45:31,42
PRA ,2019-09-25 05:45:28,42
PRA ,2019-09-25 06:45:30,42
PRA ,2019-09-25 07:45:34,42
PRA ,2019-09-25 08:45:31,42
PRA ,2019-09-25 09:45:32,42
PRA ,2019-09-25 10:45:32,42
PRA ,2019-09-25 11:45:29,42
PRA ,2019-09-25 12:45:33,42
PRA ,2019-09-25 13:45:34,42
PRA ,2019-09-25 14:45:33,42
PRA ,2019-09-25 15:45:34,42
PRA ,2019-09-25 16:45:32,41
PRA ,2019-09-25 17:45:31,41
PRA ,2019-09-25 18:45:30,41
PRA ,2019-09-25 19:45:36,41
PRA ,2019-09-25 20:45:28,41
PRA ,2019-09-25 21:45:31,41
PRA ,2019-09-25 22:45:28,41
PRA ,2019-09-25 23:45:32,41
PRA ,2019-09-26 00:45:30,41
PRA ,2019-09-26 01:45:29,41
PRA ,2019-09-26 02:45:33,41
PRA ,2019-09-26 03:45:30,41
PRA ,2019-09-26 04:45:34,41
PRA ,2019-09-26 05:45:32,41
PRA ,2019-09-26 06:45:31,41
PRA ,2019-09-26 07:45:28,41
PRA ,2019-09-26 08:45:31,41
PRA ,2019-09-26 09:45:31,41
PRA ,2019-09-26 10:45:29,41
PRA ,2019-09-26 11:45:28,41
PRA ,2019-09-26 13:08:36,41
PRA ,2019-09-26 13:45:37,41
PRA ,2019-09-26 14:45:33,41
PRA ,2019-09-26 15:45:34,41
PRA ,2019-09-26 16:45:35,41
PRA ,2019-09-26 17:45:35,41
PRA ,2019-09-26 18:45:39,41
PRA ,2019-09-26 19:45:31,41
PRA ,2019-09-26 20:45:29,41
PRA ,2019-09-26 21:45:34,41
PRA ,2019-09-26 22:45:33,41
PRA ,2019-09-26 23:45:32,41
PRA ,2019-09-27 00:45:32,41
PRA ,2019-09-27 01:45:28,41
PRA ,2019-09-27 02:45:45,41
PRA ,2019-09-27 03:45:32,41
PRA ,2019-09-27 04:45:29,41
PRA ,2019-09-27 05:45:32,41
PRA ,2019-09-27 06:45:32,41
PRA ,2019-09-27 07:45:37,41
PRA ,2019-09-27 08:45:31,41
PRA ,2019-09-27 09:45:30,41
PRA ,2019-09-27 10:45:32,41
PRA ,2019-09-27 11:45:30,41
PRA ,2019-09-27 13:09:36,41
PRA ,2019-09-27 13:45:36,41
PRA ,2019-09-27 14:45:34,41
PRA ,2019-09-27 15:45:32,41
PRA ,2019-09-27 16:45:33,41
PRA ,2019-09-27 17:45:32,41
PRA ,2019-09-27 18:45:27,41
PRA ,2019-09-27 19:45:33,41
PRA ,2019-09-27 20:45:26,41
PRA ,2019-09-27 21:45:29,41
PRA ,2019-09-27 22:45:34,41
PRA ,2019-09-27 23:45:29,41
PRA ,2019-09-28 00:45:29,41
PRA ,2019-09-28 01:45:33,41
PRA ,2019-09-28 02:45:31,41
PRA ,2019-09-28 03:45:31,41
PRA ,2019-09-28 04:45:30,41
PRA ,2019-09-28 05:45:34,41
PRA ,2019-09-28 06:45:26,41
PRA ,2019-09-28 07:45:34,41
PRA ,2019-09-28 08:45:28,41
PRA ,2019-09-28 09:45:30,41
PRA ,2019-09-28 10:45:26,41
PRA ,2019-09-28 11:45:30,41
PRA ,2019-09-28 12:45:32,41
PRA ,2019-09-28 13:45:33,41
PRA ,2019-09-28 14:45:27,41
PRA ,2019-09-28 15:45:27,41
PRA ,2019-09-28 16:45:33,41
PRA ,2019-09-28 17:45:32,41
PRA ,2019-09-28 18:45:26,41
PRA ,2019-09-28 19:45:28,41
PRA ,2019-09-28 20:45:32,41
PRA ,2019-09-28 21:45:28,41
PRA ,2019-09-28 22:45:31,41
PRA ,2019-09-28 23:45:27,41
PRA ,2019-09-29 00:45:28,41
PRA ,2019-09-29 01:45:31,41
PRA ,2019-09-29 02:45:31,41
PRA ,2019-09-29 03:45:32,41
PRA ,2019-09-29 04:45:29,41
PRA ,2019-09-29 05:45:31,41
PRA ,2019-09-29 06:45:27,41
PRA ,2019-09-29 07:45:30,41
PRA ,2019-09-29 08:45:28,41
PRA ,2019-09-29 09:45:30,41
PRA ,2019-09-29 10:45:27,41
PRA ,2019-09-29 11:45:30,41
PRA ,2019-09-29 12:45:28,41
PRA ,2019-09-29 13:45:27,41
PRA ,2019-09-29 14:45:30,41
PRA ,2019-09-29 15:45:27,41
PRA ,2019-09-29 16:45:31,41
PRA ,2019-09-29 17:45:35,41
PRA ,2019-09-29 18:45:28,41
PRA ,2019-09-29 19:45:36,41
PRA ,2019-09-29 20:45:32,41
PRA ,2019-09-29 21:45:28,41
PRA ,2019-09-29 22:45:31,41
PRA ,2019-09-29 23:45:32,41
PRA ,2019-09-30 00:45:26,41
PRA ,2019-09-30 01:45:31,41
PRA ,2019-09-30 02:45:28,41
PRA ,2019-09-30 03:45:32,41
PRA ,2019-09-30 04:45:30,41
PRA ,2019-09-30 05:45:31,41
PRA ,2019-09-30 06:45:29,41
PRA ,2019-09-30 07:45:34,41
PRA ,2019-09-30 08:45:29,41
PRA ,2019-09-30 09:45:33,41
PRA ,2019-09-30 10:45:27,41
PRA ,2019-09-30 11:45:27,41
PRA ,2019-09-30 12:45:32,41
PRA ,2019-09-30 13:45:28,41
PRA ,2019-09-30 14:45:35,42
PRA ,2019-09-30 15:45:31,42
PRA ,2019-09-30 16:45:39,42
PRA ,2019-09-30 17:45:32,42
PRA ,2019-09-30 18:45:35,42
PRA ,2019-09-30 19:45:29,42
PRA ,2019-09-30 20:45:28,42
PRA ,2019-09-30 21:45:31,42
PRA ,2019-09-30 22:45:28,42
PRA ,2019-09-30 23:45:32,42
PRA ,2019-10-01 00:45:30,42
PRA ,2019-10-01 01:45:28,42
PRA ,2019-10-01 02:45:31,42
PRA ,2019-10-01 03:45:33,42
PRA ,2019-10-01 04:45:27,42
PRA ,2019-10-01 05:45:28,42
PRA ,2019-10-01 06:45:30,42
PRA ,2019-10-01 07:45:34,42
PRA ,2019-10-01 08:45:28,42
PRA ,2019-10-01 09:45:34,42
PRA ,2019-10-01 10:45:30,42
PRA ,2019-10-01 11:45:29,42
PRA ,2019-10-01 13:08:34,42
PRA ,2019-10-01 13:45:33,42
PRA ,2019-10-01 14:45:28,42
PRA ,2019-10-01 15:45:28,42
PRA ,2019-10-01 16:45:33,42
PRA ,2019-10-01 17:45:27,42
PRA ,2019-10-01 18:45:32,42
PRA ,2019-10-01 19:45:30,42
PRA ,2019-10-01 20:45:27,42
PRA ,2019-10-01 21:45:28,42
PRA ,2019-10-01 22:45:31,42
PRA ,2019-10-01 23:45:29,42
PRA ,2019-10-02 00:45:47,42
PRA ,2019-10-02 01:45:28,42
PRA ,2019-10-02 02:45:27,42
PRA ,2019-10-02 03:45:28,42
PRA ,2019-10-02 04:45:34,42
PRA ,2019-10-02 05:45:32,42
PRA ,2019-10-02 06:45:27,42
PRA ,2019-10-02 07:45:27,42
PRA ,2019-10-02 08:45:27,42
PRA ,2019-10-02 09:45:30,42
PRA ,2019-10-02 10:45:25,42
PRA ,2019-10-02 11:45:26,42
PRA ,2019-10-02 13:09:04,42
PRA ,2019-10-02 13:45:30,42
PRA ,2019-10-02 14:45:29,42
PRA ,2019-10-02 15:45:31,42
PRA ,2019-10-02 16:45:27,41
PRA ,2019-10-02 17:45:28,41
PRA ,2019-10-02 18:45:29,41
PRA ,2019-10-02 19:45:29,41
PRA ,2019-10-02 20:45:29,41
PRA ,2019-10-02 21:45:29,41
PRA ,2019-10-02 22:45:32,41
PRA ,2019-10-02 23:45:27,41
PRA ,2019-10-03 00:45:27,41
PRA ,2019-10-03 01:45:28,41
PRA ,2019-10-03 02:45:28,41
PRA ,2019-10-03 03:45:30,41
PRA ,2019-10-03 04:45:28,41
PRA ,2019-10-03 06:45:27,41
PRA ,2019-10-03 07:45:31,41
PRA ,2019-10-03 08:45:30,41
PRA ,2019-10-03 09:45:28,41
PRA ,2019-10-03 10:45:32,41
PRA ,2019-10-03 11:45:27,41
PRA ,2019-10-03 13:09:00,41
PRA ,2019-10-03 13:46:44,41
PRA ,2019-10-03 14:45:32,41
PRA ,2019-10-03 15:45:27,41
PRA ,2019-10-03 16:45:28,41
PRA ,2019-10-03 17:45:29,41
PRA ,2019-10-03 18:45:30,41
PRA ,2019-10-03 19:45:28,41
PRA ,2019-10-03 20:45:28,41
PRA ,2019-10-03 21:45:27,41
PRA ,2019-10-03 22:45:28,41
PRA ,2019-10-03 23:45:32,41
PRA ,2019-10-04 00:45:27,41
PRA ,2019-10-04 01:45:28,41
PRA ,2019-10-04 02:45:26,41
PRA ,2019-10-04 03:45:29,41
PRA ,2019-10-04 04:45:28,41
PRA ,2019-10-04 05:45:33,41
PRA ,2019-10-04 06:45:31,41
PRA ,2019-10-04 07:45:28,41
PRA ,2019-10-04 08:45:29,41
PRA ,2019-10-04 09:45:27,41
PRA ,2019-10-04 10:45:30,41
PRA ,2019-10-04 11:45:27,41
PRA ,2019-10-04 12:45:29,41
PRA ,2019-10-04 13:45:32,41
PRA ,2019-10-04 14:45:27,41
PRA ,2019-10-04 15:45:29,41
PRA ,2019-10-04 16:45:32,41
PRA ,2019-10-04 17:45:27,41
PRA ,2019-10-04 18:45:30,41
PRA ,2019-10-04 19:45:29,41
PRA ,2019-10-04 20:45:29,41
PRA ,2019-10-04 21:45:30,41
PRA ,2019-10-04 22:45:26,41
PRA ,2019-10-04 23:45:26,41
PRA ,2019-10-05 00:45:31,41
PRA ,2019-10-05 01:45:27,41
PRA ,2019-10-05 02:45:27,41
PRA ,2019-10-05 03:45:27,41
PRA ,2019-10-05 04:45:26,41
PRA ,2019-10-05 05:45:33,41
PRA ,2019-10-05 06:45:26,41
PRA ,2019-10-05 07:45:27,41
PRA ,2019-10-05 08:45:30,41
PRA ,2019-10-05 09:45:27,41
PRA ,2019-10-05 10:45:27,41
PRA ,2019-10-05 11:45:29,41
PRA ,2019-10-05 12:45:29,41
PRA ,2019-10-05 13:45:29,41
PRA ,2019-10-05 14:45:28,41
PRA ,2019-10-05 15:45:27,41
PRA ,2019-10-05 16:45:28,41
PRA ,2019-10-05 17:45:34,41
PRA ,2019-10-05 18:45:29,41
PRA ,2019-10-05 19:45:27,41
PRA ,2019-10-05 20:45:30,41
PRA ,2019-10-05 21:45:27,41
PRA ,2019-10-05 22:45:28,41
PRA ,2019-10-05 23:45:28,41
PRA ,2019-10-06 00:45:28,41
PRA ,2019-10-06 01:45:29,41
PRA ,2019-10-06 02:45:37,41
PRA ,2019-10-06 03:45:31,41
PRA ,2019-10-06 04:45:28,41
PRA ,2019-10-06 05:45:28,41
PRA ,2019-10-06 06:45:32,41
PRA ,2019-10-06 07:45:28,41
PRA ,2019-10-06 08:45:31,41
PRA ,2019-10-06 09:45:29,41
PRA ,2019-10-06 10:45:28,41
PRA ,2019-10-06 11:45:30,41
PRA ,2019-10-06 12:45:30,41
PRA ,2019-10-06 13:45:27,41
PRA ,2019-10-06 14:45:29,41
PRA ,2019-10-06 15:45:27,41
PRA ,2019-10-06 16:45:27,41
PRA ,2019-10-06 17:45:27,41
PRA ,2019-10-06 18:45:32,41
PRA ,2019-10-06 19:45:31,41
PRA ,2019-10-06 20:45:26,41
PRA ,2019-10-06 21:45:26,41
PRA ,2019-10-06 22:45:26,41
PRA ,2019-10-06 23:45:26,41
PRA ,2019-10-07 00:45:27,41
PRA ,2019-10-07 01:45:29,41
PRA ,2019-10-07 02:45:30,41
PRA ,2019-10-07 03:45:29,41
PRA ,2019-10-07 04:45:29,41
PRA ,2019-10-07 05:45:27,41
PRA ,2019-10-07 06:45:28,41
PRA ,2019-10-07 07:45:27,41
PRA ,2019-10-07 08:45:27,41
PRA ,2019-10-07 09:45:35,41
PRA ,2019-10-07 10:45:27,41
PRA ,2019-10-07 11:45:28,41
PRA ,2019-10-07 12:45:38,41
PRA ,2019-10-07 13:45:31,41
PRA ,2019-10-07 14:45:27,41
PRA ,2019-10-07 15:45:29,41
PRA ,2019-10-07 16:45:31,41
PRA ,2019-10-07 17:45:28,41
PRA ,2019-10-07 18:45:28,41
PRA ,2019-10-07 19:45:31,41
PRA ,2019-10-07 20:45:26,41
PRA ,2019-10-07 21:45:26,41
PRA ,2019-10-07 22:45:27,41
PRA ,2019-10-07 23:45:32,41
PRA ,2019-10-08 00:45:27,41
PRA ,2019-10-08 01:45:27,41
PRA ,2019-10-08 02:45:26,41
PRA ,2019-10-08 03:45:31,41
PRA ,2019-10-08 04:45:29,41
PRA ,2019-10-08 05:45:27,41
PRA ,2019-10-08 06:45:29,41
PRA ,2019-10-08 07:45:28,41
PRA ,2019-10-08 08:45:27,41
PRA ,2019-10-08 09:45:29,41
PRA ,2019-10-08 10:45:30,41
PRA ,2019-10-08 11:45:27,41
PRA ,2019-10-08 12:45:30,41
PRA ,2019-10-08 13:45:29,41
PRA ,2019-10-08 14:45:27,41
PRA ,2019-10-08 15:45:28,41
PRA ,2019-10-08 16:45:32,41
PRA ,2019-10-08 17:45:31,41
PRA ,2019-10-08 18:45:29,41
PRA ,2019-10-08 19:45:31,41
PRA ,2019-10-08 20:45:27,41
PRA ,2019-10-08 21:45:27,41
PRA ,2019-10-08 22:45:30,41
PRA ,2019-10-08 23:45:28,41
PRA ,2019-10-09 00:45:28,41
PRA ,2019-10-09 01:45:28,41
PRA ,2019-10-09 02:45:28,41
PRA ,2019-10-09 03:45:26,41
PRA ,2019-10-09 04:45:30,41
PRA ,2019-10-09 05:45:28,41
PRA ,2019-10-09 06:45:28,41
PRA ,2019-10-09 07:45:34,41
PRA ,2019-10-09 08:45:28,41
PRA ,2019-10-09 09:45:26,41
PRA ,2019-10-09 10:45:30,41
PRA ,2019-10-09 11:45:27,41
PRA ,2019-10-09 12:45:34,41
PRA ,2019-10-09 13:45:29,41
PRA ,2019-10-09 14:45:29,41
PRA ,2019-10-09 15:45:35,41
PRA ,2019-10-09 16:45:30,41
PRA ,2019-10-09 17:45:39,41
PRA ,2019-10-09 18:45:33,41
PRA ,2019-10-09 19:45:35,41
PRA ,2019-10-09 20:45:28,41
PRA ,2019-10-09 21:45:27,41
PRA ,2019-10-09 22:45:29,41
PRA ,2019-10-09 23:45:29,41
PRA ,2019-10-10 00:45:33,41
PRA ,2019-10-10 01:45:27,41
PRA ,2019-10-10 02:45:31,41
PRA ,2019-10-10 03:45:28,41
PRA ,2019-10-10 04:45:28,41
PRA ,2019-10-10 05:45:34,41
PRA ,2019-10-10 06:45:29,41
PRA ,2019-10-10 07:45:32,41
PRA ,2019-10-10 08:45:29,41
PRA ,2019-10-10 09:45:27,41
PRA ,2019-10-10 10:45:27,41
PRA ,2019-10-10 11:45:31,41
PRA ,2019-10-10 13:08:38,41
PRA ,2019-10-10 13:45:33,41
PRA ,2019-10-10 14:45:29,41
PRA ,2019-10-10 15:45:31,41
PRA ,2019-10-10 16:45:28,41
PRA ,2019-10-10 17:45:29,41
PRA ,2019-10-10 18:45:28,41
PRA ,2019-10-10 19:45:30,41
PRA ,2019-10-10 20:45:29,41
PRA ,2019-10-10 21:45:30,41
PRA ,2019-10-10 22:45:30,41
PRA ,2019-10-10 23:45:43,41
PRA ,2019-10-11 00:45:30,41
PRA ,2019-10-11 01:45:30,41
PRA ,2019-10-11 02:45:30,41
PRA ,2019-10-11 03:45:36,41
PRA ,2019-10-11 04:45:29,41
PRA ,2019-10-11 05:45:28,41
PRA ,2019-10-11 06:45:32,41
PRA ,2019-10-11 07:45:30,41
PRA ,2019-10-11 08:45:29,41
PRA ,2019-10-11 09:45:34,41
PRA ,2019-10-11 10:45:29,41
PRA ,2019-10-11 11:45:29,41
PRA ,2019-10-11 13:09:06,41
PRA ,2019-10-11 13:45:32,41
PRA ,2019-10-11 14:45:28,41
PRA ,2019-10-11 15:45:39,41
PRA ,2019-10-11 16:45:31,41
PRA ,2019-10-11 17:45:30,41
PRA ,2019-10-11 18:45:32,41
PRA ,2019-10-11 19:45:31,41
PRA ,2019-10-11 20:45:29,41
PRA ,2019-10-11 21:45:28,41
PRA ,2019-10-11 22:45:28,41
PRA ,2019-10-11 23:45:28,41
PRA ,2019-10-12 00:45:34,41
PRA ,2019-10-12 01:45:28,41
PRA ,2019-10-12 02:45:30,41
PRA ,2019-10-12 03:45:32,41
PRA ,2019-10-12 04:45:29,41
PRA ,2019-10-12 05:45:33,41
PRA ,2019-10-12 06:45:36,41
PRA ,2019-10-12 07:45:28,41
PRA ,2019-10-12 08:45:29,41
PRA ,2019-10-12 09:45:33,41
PRA ,2019-10-12 10:45:28,41
PRA ,2019-10-12 11:45:27,41
PRA ,2019-10-12 12:45:35,41
PRA ,2019-10-12 13:45:29,41
PRA ,2019-10-12 14:45:29,41
PRA ,2019-10-12 15:45:29,41
PRA ,2019-10-12 16:45:33,41
PRA ,2019-10-12 17:45:33,41
PRA ,2019-10-12 18:45:28,41
PRA ,2019-10-12 19:45:30,41
PRA ,2019-10-12 20:45:30,41
PRA ,2019-10-12 21:45:28,41
PRA ,2019-10-12 22:45:29,41
PRA ,2019-10-12 23:45:29,41
PRA ,2019-10-13 00:45:33,41
PRA ,2019-10-13 01:45:29,41
PRA ,2019-10-13 02:45:29,41
PRA ,2019-10-13 03:45:32,41
PRA ,2019-10-13 04:45:28,41
PRA ,2019-10-13 05:45:28,41
PRA ,2019-10-13 06:45:31,41
PRA ,2019-10-13 07:45:29,41
PRA ,2019-10-13 08:45:34,41
PRA ,2019-10-13 09:45:32,41
PRA ,2019-10-13 10:45:26,41
PRA ,2019-10-13 11:45:33,41
PRA ,2019-10-13 12:45:27,41
PRA ,2019-10-13 13:45:33,41
PRA ,2019-10-13 14:45:32,41
PRA ,2019-10-13 15:45:28,41
PRA ,2019-10-13 16:45:37,41
PRA ,2019-10-13 17:45:29,41
PRA ,2019-10-13 18:45:31,41
PRA ,2019-10-13 19:45:31,41
PRA ,2019-10-13 20:45:35,41
PRA ,2019-10-13 21:45:33,41
PRA ,2019-10-13 22:45:33,41
PRA ,2019-10-13 23:45:37,41
PRA ,2019-10-14 00:45:29,41
PRA ,2019-10-14 01:45:32,41
PRA ,2019-10-14 02:45:29,41
PRA ,2019-10-14 03:45:31,41
PRA ,2019-10-14 04:45:31,41
PRA ,2019-10-14 05:45:29,41
PRA ,2019-10-14 06:45:33,41
PRA ,2019-10-14 07:45:28,41
PRA ,2019-10-14 08:45:29,41
PRA ,2019-10-14 09:45:33,41
PRA ,2019-10-14 10:45:31,41
PRA ,2019-10-14 11:45:33,41
PRA ,2019-10-14 12:45:34,41
PRA ,2019-10-14 13:45:32,41
PRA ,2019-10-14 14:45:31,41
PRA ,2019-10-14 15:45:30,41
PRA ,2019-10-14 16:45:36,41
PRA ,2019-10-14 17:45:29,41
PRA ,2019-10-14 18:45:34,41
PRA ,2019-10-14 19:45:28,41
PRA ,2019-10-14 20:45:30,41
PRA ,2019-10-14 21:45:31,41
PRA ,2019-10-14 22:45:34,41
PRA ,2019-10-14 23:45:40,41
PRA ,2019-10-15 00:45:30,41
PRA ,2019-10-15 02:45:36,41
PRA ,2019-10-15 03:45:29,41
PRA ,2019-10-15 04:45:29,41
PRA ,2019-10-15 05:45:34,41
PRA ,2019-10-15 06:45:33,41
PRA ,2019-10-15 07:45:37,41
PRA ,2019-10-15 08:45:32,41
PRA ,2019-10-15 09:45:30,41
PRA ,2019-10-15 10:45:30,41
PRA ,2019-10-15 11:45:35,41
PRA ,2019-10-15 12:45:30,41
PRA ,2019-10-15 13:45:37,41
PRA ,2019-10-15 14:45:29,41
PRA ,2019-10-15 15:45:29,41
PRA ,2019-10-15 16:45:31,41
PRA ,2019-10-15 17:45:33,42
PRA ,2019-10-15 18:45:36,42
PRA ,2019-10-15 19:45:35,42
PRA ,2019-10-15 20:45:38,42
PRA ,2019-10-15 21:45:32,42
PRA ,2019-10-15 22:45:28,42
PRA ,2019-10-15 23:45:28,42
PRA ,2019-10-16 00:45:30,42
PRA ,2019-10-16 01:45:29,42
PRA ,2019-10-16 02:45:30,42
PRA ,2019-10-16 03:45:37,42
PRA ,2019-10-16 04:45:31,42
PRA ,2019-10-16 05:45:30,42
PRA ,2019-10-16 06:45:30,42
PRA ,2019-10-16 07:45:38,42
PRA ,2019-10-16 08:45:40,42
PRA ,2019-10-16 09:45:30,42
PRA ,2019-10-16 10:45:33,42
PRA ,2019-10-16 11:45:28,42
PRA ,2019-10-16 12:45:31,42
PRA ,2019-10-16 13:45:37,42
PRA ,2019-10-16 14:45:30,42
PRA ,2019-10-16 15:45:39,42
PRA ,2019-10-16 16:45:29,42
PRA ,2019-10-16 17:45:28,42
PRA ,2019-10-16 18:45:32,42
PRA ,2019-10-16 19:45:28,42
PRA ,2019-10-16 20:45:30,42
PRA ,2019-10-16 21:45:32,42
PRA ,2019-10-16 22:45:28,42
PRA ,2019-10-16 23:45:29,42
PRA ,2019-10-17 00:45:29,42
PRA ,2019-10-17 01:45:31,42
PRA ,2019-10-17 02:45:30,42
PRA ,2019-10-17 04:45:33,42
PRA ,2019-10-17 05:45:29,42
PRA ,2019-10-17 06:45:29,42
PRA ,2019-10-17 07:45:34,42
PRA ,2019-10-17 08:45:30,42
PRA ,2019-10-17 09:45:28,42
PRA ,2019-10-17 10:45:27,42
PRA ,2019-10-17 11:45:34,42
PRA ,2019-10-17 12:45:31,42
PRA ,2019-10-17 13:45:33,42
PRA ,2019-10-17 14:45:35,41
PRA ,2019-10-17 15:45:28,41
PRA ,2019-10-17 16:45:28,41
PRA ,2019-10-17 17:45:31,41
PRA ,2019-10-17 18:45:30,41
PRA ,2019-10-17 19:45:33,41
PRA ,2019-10-17 20:45:30,41
PRA ,2019-10-17 21:45:29,41
PRA ,2019-10-17 22:45:29,41
PRA ,2019-10-17 23:45:30,41
PRA ,2019-10-18 00:45:29,41
PRA ,2019-10-18 01:45:30,41
PRA ,2019-10-18 02:45:29,41
PRA ,2019-10-18 03:45:35,41
PRA ,2019-10-18 04:45:29,41
PRA ,2019-10-18 05:45:29,41
PRA ,2019-10-18 06:45:36,41
PRA ,2019-10-18 07:45:30,41
PRA ,2019-10-18 08:45:32,41
PRA ,2019-10-18 09:45:31,41
PRA ,2019-10-18 10:45:35,41
PRA ,2019-10-18 11:45:30,41
PRA ,2019-10-18 13:08:05,41
PRA ,2019-10-18 13:45:28,41
PRA ,2019-10-18 14:45:29,41
PRA ,2019-10-18 15:45:34,41
PRA ,2019-10-18 16:45:28,41
PRA ,2019-10-18 17:45:32,41
PRA ,2019-10-18 18:45:28,41
PRA ,2019-10-18 19:45:29,41
PRA ,2019-10-18 20:45:33,41
PRA ,2019-10-18 21:45:28,41
PRA ,2019-10-18 22:45:28,41
PRA ,2019-10-18 23:45:30,41
PRA ,2019-10-19 00:45:28,41
PRA ,2019-10-19 01:45:33,41
PRA ,2019-10-19 02:45:29,41
PRA ,2019-10-19 03:45:28,41
PRA ,2019-10-19 04:45:32,41
PRA ,2019-10-19 05:45:28,41
PRA ,2019-10-19 06:45:32,41
PRA ,2019-10-19 07:45:30,41
PRA ,2019-10-19 08:45:29,41
PRA ,2019-10-19 09:45:31,41
PRA ,2019-10-19 10:45:32,41
PRA ,2019-10-19 11:45:28,41
PRA ,2019-10-19 12:45:34,41
PRA ,2019-10-19 13:45:27,41
PRA ,2019-10-19 14:45:29,41
PRA ,2019-10-19 15:45:30,41
PRA ,2019-10-19 16:45:34,41
PRA ,2019-10-19 17:45:29,41
PRA ,2019-10-19 18:45:28,41
PRA ,2019-10-19 19:45:33,41
PRA ,2019-10-19 20:45:30,41
PRA ,2019-10-19 21:45:27,41
PRA ,2019-10-19 22:45:29,41
PRA ,2019-10-19 23:45:28,41
PRA ,2019-10-20 00:45:29,41
PRA ,2019-10-20 01:45:28,41
PRA ,2019-10-20 02:45:33,41
PRA ,2019-10-20 03:45:28,41
PRA ,2019-10-20 04:45:30,41
PRA ,2019-10-20 05:45:33,41
PRA ,2019-10-20 06:45:31,41
PRA ,2019-10-20 07:45:34,41
PRA ,2019-10-20 08:45:30,41
PRA ,2019-10-20 09:45:29,41
PRA ,2019-10-20 10:45:32,41
PRA ,2019-10-20 11:45:29,41
PRA ,2019-10-20 12:45:34,41
PRA ,2019-10-20 13:45:29,41
PRA ,2019-10-20 14:45:28,41
PRA ,2019-10-20 16:45:33,41
PRA ,2019-10-20 17:45:28,41
PRA ,2019-10-20 18:45:29,41
PRA ,2019-10-20 19:45:27,41
PRA ,2019-10-20 20:45:27,41
PRA ,2019-10-20 21:45:27,41
PRA ,2019-10-20 22:45:28,41
PRA ,2019-10-20 23:45:29,41
PRA ,2019-10-21 00:45:29,41
PRA ,2019-10-21 01:45:32,41
PRA ,2019-10-21 02:45:29,41
PRA ,2019-10-21 03:45:29,41
PRA ,2019-10-21 04:45:28,41
PRA ,2019-10-21 05:45:35,41
PRA ,2019-10-21 06:45:29,41
PRA ,2019-10-21 07:45:31,41
PRA ,2019-10-21 08:45:32,41
PRA ,2019-10-21 09:45:30,41
PRA ,2019-10-21 10:45:29,41
PRA ,2019-10-21 11:45:33,41
PRA ,2019-10-21 13:09:01,41
PRA ,2019-10-21 13:45:37,41
PRA ,2019-10-21 14:45:30,41
PRA ,2019-10-21 15:45:32,41
PRA ,2019-10-21 16:45:32,41
PRA ,2019-10-21 17:45:28,41
PRA ,2019-10-21 18:45:30,41
PRA ,2019-10-21 19:45:30,41
PRA ,2019-10-21 20:45:28,41
PRA ,2019-10-21 22:45:35,41
PRA ,2019-10-21 23:45:29,41
PRA ,2019-10-22 00:45:28,41
PRA ,2019-10-22 01:45:30,41
PRA ,2019-10-22 02:45:33,41
PRA ,2019-10-22 03:45:36,41
PRA ,2019-10-22 04:45:33,41
PRA ,2019-10-22 05:45:30,41
PRA ,2019-10-22 06:45:29,41
PRA ,2019-10-22 07:45:35,41
PRA ,2019-10-22 08:45:30,41
PRA ,2019-10-22 09:45:33,41
PRA ,2019-10-22 10:45:29,41
PRA ,2019-10-22 11:45:28,41
PRA ,2019-10-22 12:45:40,41
PRA ,2019-10-22 13:45:30,41
PRA ,2019-10-22 14:45:29,41
PRA ,2019-10-22 15:45:36,41
PRA ,2019-10-22 16:45:34,41
PRA ,2019-10-22 17:45:34,41
PRA ,2019-10-22 18:45:32,41
PRA ,2019-10-22 19:45:29,41
PRA ,2019-10-22 20:45:31,41
PRA ,2019-10-22 21:45:30,41
PRA ,2019-10-22 22:45:32,41
PRA ,2019-10-22 23:45:31,41
PRA ,2019-10-23 00:45:39,41
PRA ,2019-10-23 01:45:33,41
PRA ,2019-10-23 02:45:30,41
PRA ,2019-10-23 03:45:29,41
PRA ,2019-10-23 04:45:36,41
PRA ,2019-10-23 05:45:32,41
PRA ,2019-10-23 06:45:41,41
PRA ,2019-10-23 07:45:33,41
PRA ,2019-10-23 08:45:31,41
PRA ,2019-10-23 09:45:35,41
PRA ,2019-10-23 10:45:31,41
PRA ,2019-10-23 11:45:29,41
PRA ,2019-10-23 12:45:38,41
PRA ,2019-10-23 13:45:37,41
PRA ,2019-10-23 14:45:30,41
PRA ,2019-10-23 15:45:29,41
PRA ,2019-10-23 16:45:33,41
PRA ,2019-10-23 17:45:30,41
PRA ,2019-10-23 18:45:28,41
PRA ,2019-10-23 19:45:29,41
PRA ,2019-10-23 20:45:33,41
PRA ,2019-10-23 21:45:29,41
PRA ,2019-10-23 22:45:30,41
PRA ,2019-10-23 23:45:30,41
PRA ,2019-10-24 00:59:25,41
PRA ,2019-10-24 01:45:32,41
PRA ,2019-10-24 02:45:34,41
PRA ,2019-10-24 03:45:35,41
PRA ,2019-10-24 04:45:30,41
PRA ,2019-10-24 05:45:34,41
PRA ,2019-10-24 06:45:38,41
PRA ,2019-10-24 07:45:30,41
PRA ,2019-10-24 08:45:30,41
PRA ,2019-10-24 09:45:35,41
PRA ,2019-10-24 10:45:29,41
PRA ,2019-10-24 11:45:29,41
PRA ,2019-10-24 13:09:06,41
PRA ,2019-10-24 13:45:31,41
PRA ,2019-10-24 14:45:30,41
PRA ,2019-10-24 15:45:34,41
PRA ,2019-10-24 16:45:31,41
PRA ,2019-10-24 17:45:32,41
PRA ,2019-10-24 18:45:30,41
PRA ,2019-10-24 19:45:35,41
PRA ,2019-10-24 20:45:29,41
PRA ,2019-10-24 21:45:30,41
PRA ,2019-10-24 22:45:30,41
PRA ,2019-10-24 23:45:32,41
PRA ,2019-10-25 00:45:30,41
PRA ,2019-10-25 01:45:32,41
PRA ,2019-10-25 02:45:37,41
PRA ,2019-10-25 03:45:32,41
PRA ,2019-10-25 04:45:29,41
PRA ,2019-10-25 05:45:34,41
PRA ,2019-10-25 06:45:31,41
PRA ,2019-10-25 07:45:33,41
PRA ,2019-10-25 08:45:34,41
PRA ,2019-10-25 09:45:29,41
PRA ,2019-10-25 10:45:29,41
PRA ,2019-10-25 11:45:39,41
PRA ,2019-10-25 13:09:03,41
PRA ,2019-10-25 13:45:36,41
PRA ,2019-10-25 14:45:38,41
PRA ,2019-10-25 15:45:31,41
PRA ,2019-10-25 16:45:38,41
PRA ,2019-10-25 17:45:31,41
PRA ,2019-10-25 18:45:31,41
PRA ,2019-10-25 19:45:30,41
PRA ,2019-10-25 20:45:31,41
PRA ,2019-10-25 21:45:30,41
PRA ,2019-10-25 22:45:30,41
PRA ,2019-10-25 23:45:31,41
PRA ,2019-10-26 00:45:35,41
PRA ,2019-10-26 01:45:37,41
PRA ,2019-10-26 02:45:33,41
PRA ,2019-10-26 03:45:32,41
PRA ,2019-10-26 04:45:36,41
PRA ,2019-10-26 05:45:31,41
PRA ,2019-10-26 06:45:28,41
PRA ,2019-10-26 07:45:38,41
PRA ,2019-10-26 08:45:30,41
PRA ,2019-10-26 09:45:30,41
PRA ,2019-10-26 10:45:29,41
PRA ,2019-10-26 11:45:34,41
PRA ,2019-10-26 12:45:30,41
PRA ,2019-10-26 13:45:34,41
PRA ,2019-10-26 14:45:34,41
PRA ,2019-10-26 15:45:35,41
PRA ,2019-10-26 16:45:33,41
PRA ,2019-10-26 17:45:34,41
PRA ,2019-10-26 18:45:35,41
PRA ,2019-10-26 19:45:34,41
PRA ,2019-10-26 20:45:33,41
PRA ,2019-10-26 21:45:34,41
PRA ,2019-10-26 22:45:32,41
PRA ,2019-10-26 23:45:34,41
PRA ,2019-10-27 00:45:34,41
PRA ,2019-10-27 01:45:31,41
PRA ,2019-10-27 02:45:35,41
PRA ,2019-10-27 03:45:34,41
PRA ,2019-10-27 04:45:30,41
PRA ,2019-10-27 05:45:36,41
PRA ,2019-10-27 06:45:33,41
PRA ,2019-10-27 07:45:30,41
PRA ,2019-10-27 08:45:32,41
PRA ,2019-10-27 09:45:30,41
PRA ,2019-10-27 10:45:29,41
PRA ,2019-10-27 11:45:29,41
PRA ,2019-10-27 12:45:33,41
PRA ,2019-10-27 13:45:31,41
PRA ,2019-10-27 14:45:30,41
PRA ,2019-10-27 15:45:39,41
PRA ,2019-10-27 16:45:30,41
PRA ,2019-10-27 17:45:30,41
PRA ,2019-10-27 18:45:35,41
PRA ,2019-10-27 19:45:33,41
PRA ,2019-10-27 20:45:36,41
PRA ,2019-10-27 21:45:31,41
PRA ,2019-10-27 22:45:30,41
PRA ,2019-10-27 23:45:30,41
PRA ,2019-10-28 00:45:29,41
PRA ,2019-10-28 01:45:31,41
PRA ,2019-10-28 02:45:32,41
PRA ,2019-10-28 03:45:34,41
PRA ,2019-10-28 04:45:30,41
PRA ,2019-10-28 05:45:29,41
PRA ,2019-10-28 06:45:34,41
PRA ,2019-10-28 07:45:33,41
PRA ,2019-10-28 08:45:31,41
PRA ,2019-10-28 09:45:30,41
PRA ,2019-10-28 10:45:36,41
PRA ,2019-10-28 11:45:28,41
PRA ,2019-10-28 12:45:36,41
PRA ,2019-10-28 14:45:34,41
PRA ,2019-10-28 15:45:41,41
PRA ,2019-10-28 16:45:40,41
PRA ,2019-10-28 17:45:34,41
PRA ,2019-10-28 18:45:34,41
PRA ,2019-10-28 19:45:34,41
PRA ,2019-10-28 23:45:32,41
PRA ,2019-10-29 00:45:31,41
PRA ,2019-10-29 01:45:36,41
PRA ,2019-10-29 02:45:33,41
PRA ,2019-10-29 03:45:36,41
PRA ,2019-10-29 04:45:31,41
PRA ,2019-10-29 05:45:34,41
PRA ,2019-10-29 06:45:35,41
PRA ,2019-10-29 07:45:33,41
PRA ,2019-10-29 08:45:33,41
PRA ,2019-10-29 09:45:30,41
PRA ,2019-10-29 10:45:35,41
PRA ,2019-10-29 11:45:30,41
PRA ,2019-10-29 12:45:31,41
PRA ,2019-10-29 13:45:40,41
PRA ,2019-10-29 14:45:31,41
PRA ,2019-10-29 15:45:33,41
PRA ,2019-10-29 16:45:35,41
PRA ,2019-10-29 17:45:30,41
PRA ,2019-10-29 18:45:34,41
PRA ,2019-10-29 19:45:34,41
PRA ,2019-10-29 20:45:30,41
PRA ,2019-10-29 21:45:35,41
PRA ,2019-10-29 22:45:32,41
PRA ,2019-10-29 23:45:31,41
PRA ,2019-10-30 00:45:39,41
PRA ,2019-10-30 01:45:33,41
PRA ,2019-10-30 02:45:31,41
PRA ,2019-10-30 03:45:32,41
PRA ,2019-10-30 04:45:36,41
PRA ,2019-10-30 05:45:38,41
PRA ,2019-10-30 06:45:32,41
PRA ,2019-10-30 07:45:42,41
PRA ,2019-10-30 08:45:32,41
PRA ,2019-10-30 09:45:34,41
PRA ,2019-10-30 10:45:36,41
PRA ,2019-10-30 11:45:29,41
PRA ,2019-10-30 13:46:08,41
PRA ,2019-10-30 14:45:30,41
PRA ,2019-10-30 15:45:29,41
PRA ,2019-10-30 16:45:33,41
PRA ,2019-10-30 17:45:32,41
PRA ,2019-10-30 18:45:30,41
PRA ,2019-10-30 19:45:30,41
PRA ,2019-10-30 20:45:34,41
PRA ,2019-10-30 21:45:31,41
PRA ,2019-10-30 22:45:30,41
PRA ,2019-10-30 23:45:30,41
PRA ,2019-10-31 00:45:30,41
PRA ,2019-10-31 01:45:32,41
PRA ,2019-10-31 02:45:29,41
PRA ,2019-10-31 03:45:33,41
PRA ,2019-10-31 04:45:30,41
PRA ,2019-10-31 05:45:31,41
PRA ,2019-10-31 06:45:35,41
PRA ,2019-10-31 07:45:32,41
PRA ,2019-10-31 08:45:31,41
PRA ,2019-10-31 09:45:36,41
PRA ,2019-10-31 10:45:31,41
PRA ,2019-10-31 11:45:32,41
PRA ,2019-10-31 13:10:37,41
PRA ,2019-10-31 13:45:33,41
PRA ,2019-10-31 14:45:31,41
PRA ,2019-10-31 15:45:34,41
PRA ,2019-10-31 16:45:33,41
PRA ,2019-10-31 17:45:32,41
PRA ,2019-10-31 18:45:30,41
PRA ,2019-10-31 19:45:30,41
PRA ,2019-10-31 20:45:33,41
PRA ,2019-10-31 22:08:35,41
PRA ,2019-10-31 22:45:37,41
PRA ,2019-10-31 23:45:30,41
PRA ,2019-11-01 00:45:31,41
PRA ,2019-11-01 01:45:31,41
PRA ,2019-11-01 02:45:31,41
PRA ,2019-11-01 03:45:35,41
PRA ,2019-11-01 04:45:32,41
PRA ,2019-11-01 05:45:36,41
PRA ,2019-11-01 06:45:30,41
PRA ,2019-11-01 07:45:38,41
PRA ,2019-11-01 08:45:32,41
PRA ,2019-11-01 09:45:34,41
PRA ,2019-11-01 10:45:34,41
PRA ,2019-11-01 11:45:37,41
PRA ,2019-11-01 13:41:43,41
PRA ,2019-11-01 13:50:59,41
PRA ,2019-11-01 14:45:31,41
PRA ,2019-11-01 15:45:29,41
PRA ,2019-11-01 16:45:36,41
PRA ,2019-11-01 17:45:33,41
PRA ,2019-11-01 18:45:38,41
PRA ,2019-11-01 19:45:30,41
PRA ,2019-11-01 20:45:31,41
PRA ,2019-11-01 21:45:29,41
PRA ,2019-11-01 22:45:30,41
PRA ,2019-11-01 23:45:30,41
PRA ,2019-11-02 00:45:34,41
PRA ,2019-11-02 01:45:32,41
PRA ,2019-11-02 02:45:31,41
PRA ,2019-11-02 03:45:37,41
PRA ,2019-11-02 04:45:31,41
PRA ,2019-11-02 05:45:32,41
PRA ,2019-11-02 06:45:34,41
PRA ,2019-11-02 07:45:31,41
PRA ,2019-11-02 08:45:31,41
PRA ,2019-11-02 09:45:30,41
PRA ,2019-11-02 10:45:35,41
PRA ,2019-11-02 11:45:31,41
PRA ,2019-11-02 12:45:37,41
PRA ,2019-11-02 13:45:32,41
PRA ,2019-11-02 14:45:33,41
PRA ,2019-11-02 15:45:36,41
PRA ,2019-11-02 16:45:31,41
PRA ,2019-11-02 17:45:32,41
PRA ,2019-11-02 18:45:33,41
PRA ,2019-11-02 19:45:31,41
PRA ,2019-11-02 20:45:31,41
PRA ,2019-11-02 23:45:34,41
PRA ,2019-11-03 00:45:30,41
PRA ,2019-11-03 01:45:33,41
PRA ,2019-11-03 03:45:34,41
PRA ,2019-11-03 05:45:34,41
PRA ,2019-11-03 06:45:31,41
PRA ,2019-11-03 07:45:32,41
PRA ,2019-11-03 21:45:35,41
PRA ,2019-11-03 22:45:30,41
PRA ,2019-11-03 23:45:36,41
PRA ,2019-11-04 00:45:31,41
PRA ,2019-11-04 01:45:32,41
PRA ,2019-11-04 02:45:31,41
PRA ,2019-11-04 03:45:31,41
PRA ,2019-11-04 04:45:30,41
PRA ,2019-11-04 05:45:34,41
PRA ,2019-11-04 06:45:32,41
PRA ,2019-11-04 07:45:30,41
PRA ,2019-11-04 08:45:31,41
PRA ,2019-11-04 09:45:33,41
PRA ,2019-11-04 10:45:31,41
PRA ,2019-11-04 11:45:30,41
PRA ,2019-11-04 12:45:30,41
PRA ,2019-11-04 14:11:04,41
PRA ,2019-11-04 15:45:31,42
PRA ,2019-11-04 16:45:32,42
PRA ,2019-11-04 17:45:32,42
PRA ,2019-11-04 18:45:31,42
PRA ,2019-11-04 19:45:34,42
PRA ,2019-11-04 20:45:31,42
PRA ,2019-11-04 21:45:32,42
PRA ,2019-11-04 22:45:31,42
PRA ,2019-11-04 23:45:31,42
PRA ,2019-11-05 00:45:32,42
PRA ,2019-11-05 01:45:31,42
PRA ,2019-11-05 02:45:35,42
PRA ,2019-11-05 03:45:32,42
PRA ,2019-11-05 04:45:30,42
PRA ,2019-11-05 05:45:35,42
PRA ,2019-11-05 06:45:33,42
PRA ,2019-11-05 07:45:31,42
PRA ,2019-11-05 08:45:33,42
PRA ,2019-11-05 09:45:35,42
PRA ,2019-11-05 10:45:32,42
PRA ,2019-11-05 11:45:32,42
PRA ,2019-11-05 12:45:31,42
PRA ,2019-11-05 14:11:05,42
PRA ,2019-11-05 14:45:37,42
PRA ,2019-11-05 15:45:32,42
PRA ,2019-11-05 16:45:32,42
PRA ,2019-11-05 17:45:32,42
PRA ,2019-11-05 18:45:31,42
PRA ,2019-11-05 19:45:34,42
PRA ,2019-11-05 20:45:34,42
PRA ,2019-11-05 21:45:32,42
PRA ,2019-11-05 22:45:32,42
PRA ,2019-11-05 23:45:31,42
PRA ,2019-11-06 00:45:31,42
PRA ,2019-11-06 01:45:33,42
PRA ,2019-11-06 02:45:33,42
PRA ,2019-11-06 03:45:33,42
PRA ,2019-11-06 04:45:36,42
PRA ,2019-11-06 05:45:32,42
PRA ,2019-11-06 06:45:37,42
PRA ,2019-11-06 07:45:30,42
PRA ,2019-11-06 08:45:31,42
PRA ,2019-11-06 09:45:34,42
PRA ,2019-11-06 10:45:34,42
PRA ,2019-11-06 11:45:31,42
PRA ,2019-11-06 12:45:31,42
PRA ,2019-11-06 13:45:31,42
PRA ,2019-11-06 14:45:38,42
PRA ,2019-11-06 15:45:33,42
PRA ,2019-11-06 16:45:35,42
PRA ,2019-11-06 17:45:34,42
PRA ,2019-11-06 18:45:34,42
PRA ,2019-11-06 19:45:34,42
PRA ,2019-11-06 20:45:38,42
PRA ,2019-11-06 21:45:34,42
PRA ,2019-11-06 22:45:33,42
PRA ,2019-11-06 23:45:33,42
PRA ,2019-11-07 00:45:32,42
PRA ,2019-11-07 01:45:32,42
PRA ,2019-11-07 02:45:34,42
PRA ,2019-11-07 03:45:33,42
PRA ,2019-11-07 04:45:36,42
PRA ,2019-11-07 05:45:34,42
PRA ,2019-11-07 06:45:32,42
PRA ,2019-11-07 07:45:34,42
PRA ,2019-11-07 08:45:33,42
PRA ,2019-11-07 09:45:34,42
PRA ,2019-11-07 10:45:31,42
PRA ,2019-11-07 11:45:31,42
PRA ,2019-11-07 12:45:32,42
PRA ,2019-11-07 14:09:34,42
PRA ,2019-11-07 14:46:05,42
PRA ,2019-11-07 15:45:36,42
PRA ,2019-11-07 16:45:35,42
PRA ,2019-11-07 17:45:36,42
PRA ,2019-11-07 18:45:35,42
PRA ,2019-11-07 19:45:35,42
PRA ,2019-11-07 21:10:09,42
PRA ,2019-11-07 21:45:36,42
PRA ,2019-11-07 22:45:39,42
PRA ,2019-11-07 23:45:40,42
PRA ,2019-11-08 00:45:42,42
PRA ,2019-11-08 01:45:38,42
PRA ,2019-11-08 02:45:44,42
PRA ,2019-11-08 03:45:40,42
PRA ,2019-11-08 04:45:40,42
PRA ,2019-11-08 05:45:42,42
PRA ,2019-11-08 06:45:36,42
PRA ,2019-11-08 07:45:37,42
PRA ,2019-11-08 08:45:43,42
PRA ,2019-11-08 09:45:39,42
PRA ,2019-11-08 10:45:38,42
PRA ,2019-11-08 11:45:36,42
PRA ,2019-11-08 12:45:37,42
PRA ,2019-11-08 14:11:15,42
PRA ,2019-11-08 14:46:14,42
PRA ,2019-11-08 15:45:39,42
PRA ,2019-11-08 16:45:39,42
PRA ,2019-11-08 17:45:40,42
PRA ,2019-11-08 18:45:40,42
PRA ,2019-11-08 19:45:43,42
PRA ,2019-11-08 20:45:39,42
PRA ,2019-11-08 21:45:40,42
PRA ,2019-11-08 22:45:39,42
PRA ,2019-11-08 23:45:40,42
PRA ,2019-11-09 00:45:40,42
PRA ,2019-11-09 01:45:40,42
PRA ,2019-11-09 02:45:39,42
PRA ,2019-11-09 03:45:39,42
PRA ,2019-11-09 04:45:41,42
PRA ,2019-11-09 05:45:37,42
PRA ,2019-11-09 06:45:38,42
PRA ,2019-11-09 07:45:40,42
PRA ,2019-11-09 08:45:41,42
PRA ,2019-11-09 09:45:38,42
PRA ,2019-11-09 10:45:37,42
PRA ,2019-11-09 11:45:42,42
PRA ,2019-11-09 12:45:38,42
PRA ,2019-11-09 13:45:37,42
PRA ,2019-11-09 14:45:40,42
PRA ,2019-11-09 15:45:42,42
PRA ,2019-11-09 16:45:38,42
PRA ,2019-11-09 17:45:40,42
PRA ,2019-11-09 18:45:37,42
PRA ,2019-11-09 19:45:39,42
PRA ,2019-11-09 20:45:42,42
PRA ,2019-11-09 21:45:38,42
PRA ,2019-11-09 22:45:42,42
PRA ,2019-11-09 23:45:38,42
PRA ,2019-11-10 00:45:37,42
PRA ,2019-11-10 01:45:39,42
PRA ,2019-11-10 02:45:41,42
PRA ,2019-11-10 03:45:37,42
PRA ,2019-11-10 04:45:38,42
PRA ,2019-11-10 05:45:39,42
PRA ,2019-11-10 06:45:37,42
PRA ,2019-11-10 07:45:35,42
PRA ,2019-11-10 08:45:42,42
PRA ,2019-11-10 09:45:41,42
PRA ,2019-11-10 10:45:36,42
PRA ,2019-11-10 11:45:37,42
PRA ,2019-11-10 12:45:39,42
PRA ,2019-11-10 13:45:36,42
PRA ,2019-11-10 14:45:36,42
PRA ,2019-11-10 15:45:41,42
PRA ,2019-11-10 16:45:37,42
PRA ,2019-11-10 17:45:38,42
PRA ,2019-11-10 18:45:40,42
PRA ,2019-11-10 19:45:37,42
PRA ,2019-11-10 20:45:37,42
PRA ,2019-11-10 21:45:36,42
PRA ,2019-11-10 22:45:40,42
PRA ,2019-11-10 23:45:40,42
PRA ,2019-11-11 00:45:38,42
PRA ,2019-11-11 01:45:41,42
PRA ,2019-11-11 02:45:39,42
PRA ,2019-11-11 03:45:39,42
PRA ,2019-11-11 04:45:40,42
PRA ,2019-11-11 05:45:42,42
PRA ,2019-11-11 06:45:38,42
PRA ,2019-11-11 07:45:40,42
PRA ,2019-11-11 08:45:43,42
PRA ,2019-11-11 09:45:41,42
PRA ,2019-11-11 10:45:41,42
PRA ,2019-11-11 11:45:38,42
PRA ,2019-11-11 12:45:41,42
PRA ,2019-11-11 13:45:40,42
PRA ,2019-11-11 14:45:44,42
PRA ,2019-11-11 15:45:45,41
PRA ,2019-11-11 16:45:41,41
PRA ,2019-11-11 17:45:43,41
PRA ,2019-11-11 18:45:45,41
PRA ,2019-11-11 19:45:40,41
PRA ,2019-11-11 21:45:40,41
PRA ,2019-11-11 22:45:38,41
PRA ,2019-11-11 23:45:39,41
PRA ,2019-11-12 00:45:36,41
PRA ,2019-11-12 01:45:37,41
PRA ,2019-11-12 02:45:43,41
PRA ,2019-11-12 03:45:39,41
PRA ,2019-11-12 04:45:36,41
PRA ,2019-11-12 05:45:41,41
PRA ,2019-11-12 06:45:38,41
PRA ,2019-11-12 07:45:41,41
PRA ,2019-11-12 08:45:37,41
PRA ,2019-11-12 09:45:37,41
PRA ,2019-11-12 10:45:36,41
PRA ,2019-11-12 11:45:41,41
PRA ,2019-11-12 12:45:42,41
PRA ,2019-11-12 14:09:41,41
PRA ,2019-11-12 14:45:44,41
PRA ,2019-11-12 15:45:38,41
PRA ,2019-11-12 16:45:39,41
PRA ,2019-11-12 17:45:40,41
PRA ,2019-11-12 18:45:43,41
PRA ,2019-11-12 19:45:37,41
PRA ,2019-11-12 20:45:36,41
PRA ,2019-11-12 21:45:37,41
PRA ,2019-11-12 22:45:42,41
PRA ,2019-11-12 23:45:38,41
PRA ,2019-11-13 00:45:44,41
PRA ,2019-11-13 01:45:38,41
PRA ,2019-11-13 02:45:40,41
PRA ,2019-11-13 03:45:42,41
PRA ,2019-11-13 04:45:38,41
PRA ,2019-11-13 05:45:48,41
PRA ,2019-11-13 06:45:38,41
PRA ,2019-11-13 07:45:45,41
PRA ,2019-11-13 08:45:41,41
PRA ,2019-11-13 09:45:39,41
PRA ,2019-11-13 10:45:38,41
PRA ,2019-11-13 11:45:44,41
PRA ,2019-11-13 12:45:37,41
PRA ,2019-11-13 13:45:38,41
PRA ,2019-11-13 15:45:45,41
PRA ,2019-11-13 16:45:39,41
PRA ,2019-11-13 17:45:40,41
PRA ,2019-11-13 18:45:43,41
PRA ,2019-11-13 19:45:38,41
PRA ,2019-11-13 20:45:38,41
PRA ,2019-11-13 21:45:37,41
PRA ,2019-11-13 22:45:40,41
PRA ,2019-11-13 23:45:40,41
PRA ,2019-11-14 00:45:39,41
PRA ,2019-11-14 01:45:37,41
PRA ,2019-11-14 02:45:45,41
PRA ,2019-11-14 03:45:37,41
PRA ,2019-11-14 04:45:38,41
PRA ,2019-11-14 05:45:44,41
PRA ,2019-11-14 06:45:37,41
PRA ,2019-11-14 07:45:45,41
PRA ,2019-11-14 08:45:42,41
PRA ,2019-11-14 09:45:42,41
PRA ,2019-11-14 10:45:41,41
PRA ,2019-11-14 11:45:45,41
PRA ,2019-11-14 12:45:37,41
PRA ,2019-11-14 14:09:18,41
PRA ,2019-11-14 14:45:41,41
PRA ,2019-11-14 15:45:39,41
PRA ,2019-11-14 17:45:40,42
PRA ,2019-11-14 18:45:38,42
PRA ,2019-11-14 19:45:38,42
PRA ,2019-11-14 20:45:39,42
PRA ,2019-11-14 21:45:45,42
PRA ,2019-11-14 22:45:37,42
PRA ,2019-11-14 23:45:40,42
PRA ,2019-11-15 00:45:39,42
PRA ,2019-11-15 01:45:39,42
PRA ,2019-11-15 02:45:38,42
PRA ,2019-11-15 03:45:39,42
PRA ,2019-11-15 04:45:40,42
PRA ,2019-11-15 05:45:40,42
PRA ,2019-11-15 06:45:41,42
PRA ,2019-11-15 07:45:38,42
PRA ,2019-11-15 08:45:48,42
PRA ,2019-11-15 09:45:38,42
PRA ,2019-11-15 10:45:38,42
PRA ,2019-11-15 11:45:37,42
PRA ,2019-11-15 12:45:43,42
PRA ,2019-11-15 14:12:11,42
PRA ,2019-11-15 15:45:46,42
PRA ,2019-11-15 16:45:37,42
PRA ,2019-11-15 17:45:39,42
PRA ,2019-11-15 18:45:46,42
PRA ,2019-11-15 19:45:41,42
PRA ,2019-11-15 20:45:43,42
PRA ,2019-11-15 21:45:36,42
PRA ,2019-11-15 22:45:39,42
PRA ,2019-11-15 23:45:39,42
PRA ,2019-11-16 00:45:41,42
PRA ,2019-11-16 01:45:37,42
PRA ,2019-11-16 02:45:40,42
PRA ,2019-11-16 03:45:37,42
PRA ,2019-11-16 04:45:39,42
PRA ,2019-11-16 05:45:38,42
PRA ,2019-11-16 06:45:40,42
PRA ,2019-11-16 07:45:38,42
PRA ,2019-11-16 08:45:40,42
PRA ,2019-11-16 09:45:43,42
PRA ,2019-11-16 10:45:36,42
PRA ,2019-11-16 11:45:37,42
PRA ,2019-11-16 12:45:42,42
PRA ,2019-11-16 13:45:41,42
PRA ,2019-11-16 14:45:39,42
PRA ,2019-11-16 15:45:38,42
PRA ,2019-11-16 16:45:37,42
PRA ,2019-11-16 17:45:40,42
PRA ,2019-11-16 18:45:37,42
PRA ,2019-11-16 19:45:37,42
PRA ,2019-11-16 20:45:35,42
PRA ,2019-11-16 21:45:36,42
PRA ,2019-11-16 22:45:37,42
PRA ,2019-11-16 23:45:35,42
PRA ,2019-11-17 00:45:36,42
PRA ,2019-11-17 01:45:35,42
PRA ,2019-11-17 02:45:40,42
PRA ,2019-11-17 03:45:36,42
PRA ,2019-11-17 04:45:38,42
PRA ,2019-11-17 05:45:38,42
PRA ,2019-11-17 06:45:39,42
PRA ,2019-11-17 07:45:40,42
PRA ,2019-11-17 08:45:37,42
PRA ,2019-11-17 10:45:44,42
PRA ,2019-11-17 11:45:40,42
PRA ,2019-11-17 12:45:37,42
PRA ,2019-11-17 13:45:38,42
PRA ,2019-11-17 14:45:36,42
PRA ,2019-11-17 15:45:35,42
PRA ,2019-11-17 16:45:38,42
PRA ,2019-11-17 17:45:35,42
PRA ,2019-11-17 18:45:35,42
PRA ,2019-11-17 19:45:36,42
PRA ,2019-11-17 20:45:40,42
PRA ,2019-11-17 21:45:41,42
PRA ,2019-11-17 22:45:37,42
PRA ,2019-11-17 23:45:40,42
PRA ,2019-11-18 00:45:35,42
PRA ,2019-11-18 01:45:35,42
PRA ,2019-11-18 02:45:38,42
PRA ,2019-11-18 03:45:36,42
PRA ,2019-11-18 04:45:35,42
PRA ,2019-11-18 05:45:38,42
PRA ,2019-11-18 06:45:34,42
PRA ,2019-11-18 07:45:37,42
PRA ,2019-11-18 08:45:43,42
PRA ,2019-11-18 09:45:43,42
PRA ,2019-11-18 10:45:39,42
PRA ,2019-11-18 11:45:36,42
PRA ,2019-11-18 12:45:39,42
PRA ,2019-11-18 14:10:44,42
PRA ,2019-11-18 14:45:37,42
PRA ,2019-11-18 15:45:43,42
PRA ,2019-11-18 16:45:40,42
PRA ,2019-11-18 17:45:42,42
PRA ,2019-11-18 18:45:42,42
PRA ,2019-11-18 19:45:38,42
PRA ,2019-11-18 20:45:41,42
PRA ,2019-11-18 21:45:40,42
PRA ,2019-11-18 22:45:36,42
PRA ,2019-11-18 23:45:40,42
PRA ,2019-11-19 00:45:38,42
PRA ,2019-11-19 01:45:38,42
PRA ,2019-11-19 02:45:38,42
PRA ,2019-11-19 03:45:38,42
PRA ,2019-11-19 04:45:40,42
PRA ,2019-11-19 05:45:35,42
PRA ,2019-11-19 06:45:39,42
PRA ,2019-11-19 07:45:37,42
PRA ,2019-11-19 08:45:38,42
PRA ,2019-11-19 09:45:43,42
PRA ,2019-11-19 10:45:37,42
PRA ,2019-11-19 11:45:36,42
PRA ,2019-11-19 12:45:37,42
PRA ,2019-11-19 14:10:43,42
PRA ,2019-11-19 14:45:40,42
PRA ,2019-11-19 15:45:40,42
PRA ,2019-11-19 16:45:37,42
PRA ,2019-11-19 17:45:45,42
PRA ,2019-11-19 18:45:36,42
PRA ,2019-11-19 19:45:40,42
PRA ,2019-11-19 20:45:39,42
PRA ,2019-11-19 21:45:42,42
PRA ,2019-11-19 22:45:38,42
PRA ,2019-11-19 23:45:38,42
PRA ,2019-11-20 00:45:40,42
PRA ,2019-11-20 01:45:39,42
PRA ,2019-11-20 02:45:40,42
PRA ,2019-11-20 03:45:40,42
PRA ,2019-11-20 04:45:38,42
PRA ,2019-11-20 05:45:39,42
PRA ,2019-11-20 06:45:40,42
PRA ,2019-11-20 07:45:41,42
PRA ,2019-11-20 08:45:45,42
PRA ,2019-11-20 09:45:48,42
PRA ,2019-11-20 10:45:48,42
PRA ,2019-11-20 11:45:46,42
PRA ,2019-11-20 12:45:46,42
PRA ,2019-11-20 14:10:18,42
PRA ,2019-11-20 14:45:47,42
PRA ,2019-11-20 15:45:44,42
PRA ,2019-11-20 16:45:45,42
PRA ,2019-11-20 22:45:42,42
PRA ,2019-11-20 23:45:37,42
PRA ,2019-11-21 00:45:36,42
PRA ,2019-11-21 01:45:37,42
PRA ,2019-11-21 02:45:41,42
PRA ,2019-11-21 03:45:39,42
PRA ,2019-11-21 04:45:37,42
PRA ,2019-11-21 05:45:40,42
PRA ,2019-11-21 06:45:41,42
PRA ,2019-11-21 07:45:37,42
PRA ,2019-11-21 08:45:37,42
PRA ,2019-11-21 09:45:39,42
PRA ,2019-11-21 10:45:39,42
PRA ,2019-11-21 11:45:38,42
PRA ,2019-11-21 12:45:38,42
PRA ,2019-11-21 14:09:41,42
PRA ,2019-11-21 14:45:44,42
PRA ,2019-11-21 15:45:37,42
PRA ,2019-11-21 16:45:39,42
PRA ,2019-11-21 17:45:40,42
PRA ,2019-11-21 18:45:36,42
PRA ,2019-11-21 19:45:37,42
PRA ,2019-11-21 20:45:37,42
PRA ,2019-11-21 21:45:38,42
PRA ,2019-11-21 22:45:38,42
PRA ,2019-11-21 23:45:37,42
PRA ,2019-11-22 00:45:38,42
PRA ,2019-11-22 01:45:41,42
PRA ,2019-11-22 02:45:37,42
PRA ,2019-11-22 03:45:37,42
PRA ,2019-11-22 04:45:36,42
PRA ,2019-11-22 05:45:42,42
PRA ,2019-11-22 06:45:39,42
PRA ,2019-11-22 07:45:41,42
PRA ,2019-11-22 08:45:45,42
PRA ,2019-11-22 09:45:44,42
PRA ,2019-11-22 10:45:43,42
PRA ,2019-11-22 11:45:39,42
PRA ,2019-11-22 12:46:38,42
PRA ,2019-11-22 13:45:36,42
PRA ,2019-11-22 14:45:40,42
PRA ,2019-11-22 15:45:35,42
PRA ,2019-11-22 16:45:36,42
PRA ,2019-11-22 17:45:41,42
PRA ,2019-11-22 18:45:41,42
PRA ,2019-11-22 19:45:37,42
PRA ,2019-11-22 20:45:38,42
PRA ,2019-11-22 21:45:37,42
PRA ,2019-11-22 22:45:36,42
PRA ,2019-11-22 23:45:39,42
PRA ,2019-11-23 00:45:44,42
PRA ,2019-11-23 01:45:37,42
PRA ,2019-11-23 02:45:36,42
PRA ,2019-11-23 03:45:36,42
PRA ,2019-11-23 04:45:42,42
PRA ,2019-11-23 05:45:37,42
PRA ,2019-11-23 06:45:39,42
PRA ,2019-11-23 07:45:39,42
PRA ,2019-11-23 08:45:39,42
PRA ,2019-11-23 09:45:40,42
PRA ,2019-11-23 10:45:40,42
PRA ,2019-11-23 11:45:35,42
PRA ,2019-11-23 12:45:36,42
PRA ,2019-11-23 13:45:36,42
PRA ,2019-11-23 14:45:37,42
PRA ,2019-11-23 15:45:37,42
PRA ,2019-11-23 16:45:36,42
PRA ,2019-11-23 17:45:38,42
PRA ,2019-11-23 18:45:37,42
PRA ,2019-11-23 19:45:38,42
PRA ,2019-11-23 20:45:34,42
PRA ,2019-11-23 21:45:38,42
PRA ,2019-11-23 22:45:34,42
PRA ,2019-11-23 23:45:35,42
PRA ,2019-11-24 00:45:39,42
PRA ,2019-11-24 01:45:35,42
PRA ,2019-11-24 02:45:35,42
PRA ,2019-11-24 03:45:36,42
PRA ,2019-11-24 04:45:34,42
PRA ,2019-11-24 05:45:35,42
PRA ,2019-11-24 06:45:36,42
PRA ,2019-11-24 07:45:33,42
PRA ,2019-11-24 08:45:37,42
PRA ,2019-11-24 09:45:40,42
PRA ,2019-11-24 10:45:39,42
PRA ,2019-11-24 11:45:37,42
PRA ,2019-11-24 12:45:34,42
PRA ,2019-11-24 13:45:34,42
PRA ,2019-11-24 14:45:36,42
PRA ,2019-11-24 15:45:37,42
PRA ,2019-11-24 16:45:36,42
PRA ,2019-11-24 17:45:35,42
PRA ,2019-11-24 18:45:38,42
PRA ,2019-11-24 19:45:36,42
PRA ,2019-11-24 20:45:38,42
PRA ,2019-11-24 21:45:35,42
PRA ,2019-11-24 22:45:40,42
PRA ,2019-11-24 23:45:36,42
PRA ,2019-11-25 00:45:37,42
PRA ,2019-11-25 01:45:40,42
PRA ,2019-11-25 02:45:37,42
PRA ,2019-11-25 04:45:35,42
PRA ,2019-11-25 05:45:37,42
PRA ,2019-11-25 06:45:36,42
PRA ,2019-11-25 07:45:37,42
PRA ,2019-11-25 08:45:43,42
PRA ,2019-11-25 09:45:43,42
PRA ,2019-11-25 10:45:42,42
PRA ,2019-11-25 11:45:40,42
PRA ,2019-11-25 12:45:41,42
PRA ,2019-11-25 13:45:35,42
PRA ,2019-11-25 14:45:37,42
PRA ,2019-11-25 15:45:40,42
PRA ,2019-11-25 16:45:36,42
PRA ,2019-11-25 17:45:41,42
PRA ,2019-11-25 18:45:35,42
PRA ,2019-11-25 19:45:38,42
PRA ,2019-11-25 20:45:37,42
PRA ,2019-11-25 21:45:35,42
PRA ,2019-11-25 22:45:42,42
PRA ,2019-11-25 23:45:36,42
PRA ,2019-11-26 00:45:38,42
PRA ,2019-11-26 01:45:37,42
PRA ,2019-11-26 02:45:39,42
PRA ,2019-11-26 03:45:38,42
PRA ,2019-11-26 04:45:36,42
PRA ,2019-11-26 05:45:42,42
PRA ,2019-11-26 06:45:47,42
PRA ,2019-11-26 07:45:38,42
PRA ,2019-11-26 08:45:41,42
PRA ,2019-11-26 20:45:41,43
PRA ,2019-11-26 21:45:38,43
PRA ,2019-11-26 22:45:43,43
PRA ,2019-11-26 23:45:38,43
PRA ,2019-11-27 00:45:41,43
PRA ,2019-11-27 01:45:38,43
PRA ,2019-11-27 02:45:37,43
PRA ,2019-11-27 03:45:40,43
PRA ,2019-11-27 04:45:37,43
PRA ,2019-11-27 05:45:40,43
PRA ,2019-11-27 06:45:39,43
PRA ,2019-11-27 07:45:39,43
PRA ,2019-11-27 08:45:46,43
PRA ,2019-11-27 09:45:46,43
PRA ,2019-11-27 10:45:37,43
PRA ,2019-11-27 11:45:35,43
PRA ,2019-11-27 12:45:45,43
PRA ,2019-11-27 13:45:38,43
PRA ,2019-11-27 14:45:40,43
PRA ,2019-11-27 15:45:45,43
PRA ,2019-11-27 16:45:41,43
PRA ,2019-11-27 17:45:39,43
PRA ,2019-11-27 18:45:41,42
PRA ,2019-11-27 19:45:41,42
PRA ,2019-11-27 20:45:38,42
PRA ,2019-11-27 21:45:38,42
PRA ,2019-11-27 22:45:40,42
PRA ,2019-11-27 23:45:40,42
PRA ,2019-11-28 00:45:40,42
PRA ,2019-11-28 01:45:40,42
PRA ,2019-11-28 02:45:44,42
PRA ,2019-11-28 03:45:42,42
PRA ,2019-11-28 04:45:40,42
PRA ,2019-11-28 05:45:38,42
PRA ,2019-11-28 06:45:39,42
PRA ,2019-11-28 07:45:42,42
PRA ,2019-11-28 08:45:40,42
PRA ,2019-11-28 09:45:46,42
PRA ,2019-11-28 10:45:43,42
PRA ,2019-11-28 11:45:39,42
PRA ,2019-11-28 12:45:38,42
PRA ,2019-11-28 13:45:36,42
PRA ,2019-11-28 14:45:38,42
PRA ,2019-11-28 15:45:39,42
PRA ,2019-11-28 16:45:38,42
PRA ,2019-11-28 17:45:40,42
PRA ,2019-11-28 18:45:39,42
PRA ,2019-11-28 19:45:37,42
PRA ,2019-11-28 20:45:36,42
PRA ,2019-11-28 21:45:38,42
PRA ,2019-11-28 22:45:37,42
PRA ,2019-11-28 23:45:39,42
PRA ,2019-11-29 00:45:38,42
PRA ,2019-11-29 01:45:38,42
PRA ,2019-11-29 02:45:38,42
PRA ,2019-11-29 04:45:41,42
PRA ,2019-11-29 05:45:40,42
PRA ,2019-11-29 06:45:37,42
PRA ,2019-11-29 07:45:40,42
PRA ,2019-11-29 08:45:49,42
PRA ,2019-11-29 09:45:51,42
PRA ,2019-11-29 10:45:59,42
PRA ,2019-11-29 11:45:44,42
PRA ,2019-11-29 12:45:43,42
PRA ,2019-11-29 13:45:48,42
PRA ,2019-11-29 14:45:48,42
PRA ,2019-11-29 15:45:45,42
PRA ,2019-11-29 16:45:48,42
PRA ,2019-11-29 17:45:50,42
PRA ,2019-11-29 18:45:46,42
PRA ,2019-11-29 20:45:45,42
PRA ,2019-11-29 21:45:36,42
PRA ,2019-11-29 22:45:46,42
PRA ,2019-11-29 23:45:43,42
PRA ,2019-11-30 00:45:39,42
PRA ,2019-11-30 01:45:37,42
PRA ,2019-11-30 02:45:41,42
PRA ,2019-11-30 03:45:42,42
PRA ,2019-11-30 04:45:42,42
PRA ,2019-11-30 05:45:46,42
PRA ,2019-11-30 06:45:43,42
PRA ,2019-11-30 07:45:43,42
PRA ,2019-11-30 08:45:42,42
PRA ,2019-11-30 21:46:08,42
PRA ,2019-11-30 22:45:48,42
PRA ,2019-11-30 23:45:43,42
PRA ,2019-12-01 00:45:44,42
PRA ,2019-12-01 01:45:39,42
PRA ,2019-12-01 02:45:48,42
PRA ,2019-12-01 22:45:52,42
PRA ,2019-12-01 23:45:39,42
PRA ,2019-12-02 00:45:37,42
PRA ,2019-12-02 01:45:43,42
PRA ,2019-12-02 02:45:42,42
PRA ,2019-12-02 06:19:31,42
PRA ,2019-12-02 06:48:06,42
PRA ,2019-12-02 07:48:12,42
PRA ,2019-12-02 08:48:03,42
PRA ,2019-12-02 09:48:03,42
PRA ,2019-12-02 10:48:04,42
PRA ,2019-12-02 11:48:05,42
PRA ,2019-12-02 12:48:00,42
PRA ,2019-12-02 14:10:24,42
PRA ,2019-12-02 14:48:09,42
PRA ,2019-12-02 15:48:13,42
PRA ,2019-12-02 16:48:05,42
PRA ,2019-12-02 17:48:30,42
PRA ,2019-12-02 18:48:27,42
PRA ,2019-12-02 19:48:29,42
PRA ,2019-12-02 20:48:23,42
PRA ,2019-12-02 21:48:27,42
PRA ,2019-12-02 22:48:49,42
PRA ,2019-12-02 23:48:29,42
PRA ,2019-12-03 00:48:12,42
PRA ,2019-12-03 01:48:29,42
PRA ,2019-12-03 02:48:26,42
PRA ,2019-12-03 03:48:27,42
PRA ,2019-12-03 04:48:28,42
PRA ,2019-12-03 05:48:30,42
PRA ,2019-12-03 06:48:06,42
PRA ,2019-12-03 07:48:03,42
PRA ,2019-12-03 08:48:04,42
PRA ,2019-12-03 09:48:22,42
PRA ,2019-12-03 10:48:27,42
PRA ,2019-12-03 11:48:14,42
PRA ,2019-12-03 12:48:01,42
PRA ,2019-12-03 13:47:58,42
PRA ,2019-12-03 14:48:28,42
PRA ,2019-12-03 15:48:03,42
PRA ,2019-12-03 16:48:28,42
PRA ,2019-12-03 17:48:24,42
PRA ,2019-12-03 18:48:24,42
PRA ,2019-12-03 19:48:22,42
PRA ,2019-12-03 20:48:24,42
PRA ,2019-12-03 21:48:55,42
PRA ,2019-12-03 22:48:27,42
PRA ,2019-12-03 23:48:45,42
PRA ,2019-12-04 00:49:03,42
PRA ,2019-12-04 01:49:09,42
PRA ,2019-12-04 02:48:49,42
PRA ,2019-12-04 03:48:35,42
PRA ,2019-12-04 04:48:33,42
PRA ,2019-12-04 06:48:36,42
PRA ,2019-12-04 07:48:33,42
PRA ,2019-12-04 08:48:13,42
PRA ,2019-12-04 09:48:15,42
PRA ,2019-12-04 10:48:10,42
PRA ,2019-12-04 11:48:14,42
PRA ,2019-12-04 12:48:11,42
PRA ,2019-12-04 14:09:55,42
PRA ,2019-12-04 14:48:43,42
PRA ,2019-12-04 15:48:39,42
PRA ,2019-12-04 16:48:32,42
PRA ,2019-12-04 17:48:33,42
PRA ,2019-12-04 18:48:33,42
PRA ,2019-12-04 19:48:35,42
PRA ,2019-12-04 20:48:30,42
PRA ,2019-12-04 21:48:27,42
PRA ,2019-12-04 22:48:26,42
PRA ,2019-12-04 23:48:27,42
PRA ,2019-12-05 00:48:32,42
PRA ,2019-12-05 01:48:31,42
PRA ,2019-12-05 02:48:30,42
PRA ,2019-12-05 03:48:31,42
PRA ,2019-12-05 04:48:29,42
PRA ,2019-12-05 06:48:32,42
PRA ,2019-12-05 07:48:08,42
PRA ,2019-12-05 08:48:29,42
PRA ,2019-12-05 09:48:03,42
PRA ,2019-12-05 10:48:03,42
PRA ,2019-12-05 11:48:04,42
PRA ,2019-12-05 12:48:02,42
PRA ,2019-12-05 13:48:26,42
PRA ,2019-12-05 14:48:33,42
PRA ,2019-12-05 15:48:27,42
PRA ,2019-12-05 16:48:27,42
PRA ,2019-12-05 17:48:27,42
PRA ,2019-12-05 18:48:28,42
PRA ,2019-12-05 20:10:26,42
PRA ,2019-12-05 20:48:39,42
PRA ,2019-12-05 21:48:27,42
PRA ,2019-12-05 22:48:28,42
PRA ,2019-12-05 23:48:09,42
PRA ,2019-12-06 00:48:29,42
PRA ,2019-12-06 01:48:27,42
PRA ,2019-12-06 02:48:34,42
PRA ,2019-12-06 03:48:30,42
PRA ,2019-12-06 04:48:27,42
PRA ,2019-12-06 05:48:43,41
PRA ,2019-12-06 06:48:39,41
PRA ,2019-12-06 07:48:34,41
PRA ,2019-12-06 08:48:31,41
PRA ,2019-12-06 09:48:25,41
PRA ,2019-12-06 10:48:30,41
PRA ,2019-12-06 11:48:24,41
PRA ,2019-12-06 12:48:12,41
PRA ,2019-12-06 13:49:27,41
PRA ,2019-12-06 14:48:38,41
PRA ,2019-12-06 15:49:02,41
PRA ,2019-12-06 16:48:32,41
PRA ,2019-12-06 17:48:28,41
PRA ,2019-12-06 18:48:29,41
PRA ,2019-12-06 19:48:32,41
PRA ,2019-12-06 20:48:29,41
PRA ,2019-12-06 21:48:02,41
PRA ,2019-12-06 22:48:05,41
PRA ,2019-12-06 23:48:09,41
PRA ,2019-12-07 00:48:16,41
PRA ,2019-12-07 01:49:04,41
PRA ,2019-12-07 02:48:32,41
PRA ,2019-12-07 03:48:30,41
PRA ,2019-12-07 04:48:14,41
PRA ,2019-12-07 05:48:58,41
PRA ,2019-12-07 06:48:07,41
PRA ,2019-12-07 07:48:10,41
PRA ,2019-12-07 08:48:07,41
PRA ,2019-12-07 09:48:05,41
PRA ,2019-12-07 10:48:05,41
PRA ,2019-12-07 11:48:04,41
PRA ,2019-12-07 12:48:21,41
PRA ,2019-12-07 13:48:45,41
PRA ,2019-12-07 14:48:34,41
PRA ,2019-12-07 15:48:34,41
PRA ,2019-12-07 16:48:30,41
PRA ,2019-12-07 17:48:35,41
PRA ,2019-12-07 18:48:30,41
PRA ,2019-12-07 19:48:08,41
PRA ,2019-12-07 20:48:30,41
PRA ,2019-12-07 21:48:36,41
PRA ,2019-12-07 22:48:11,41
PRA ,2019-12-07 23:48:07,41
PRA ,2019-12-08 00:48:25,41
PRA ,2019-12-08 01:48:06,41
PRA ,2019-12-08 02:48:33,41
PRA ,2019-12-08 03:48:31,41
PRA ,2019-12-08 04:48:27,41
PRA ,2019-12-08 05:48:34,41
PRA ,2019-12-08 06:48:33,41
PRA ,2019-12-08 07:48:30,41
PRA ,2019-12-08 08:48:29,41
PRA ,2019-12-08 09:48:28,41
PRA ,2019-12-08 10:48:30,41
PRA ,2019-12-08 11:48:05,41
PRA ,2019-12-08 12:48:11,41
PRA ,2019-12-08 13:48:25,41
PRA ,2019-12-08 14:48:25,41
PRA ,2019-12-08 15:48:09,41
PRA ,2019-12-08 16:48:29,41
PRA ,2019-12-08 17:48:33,41
PRA ,2019-12-08 18:48:05,41
PRA ,2019-12-08 19:48:25,41
PRA ,2019-12-08 20:48:26,41
PRA ,2019-12-08 21:48:33,41
PRA ,2019-12-08 22:48:33,41
PRA ,2019-12-08 23:48:30,41
PRA ,2019-12-09 00:48:30,41
PRA ,2019-12-09 01:48:05,41
PRA ,2019-12-09 02:48:24,41
PRA ,2019-12-09 03:48:38,41
PRA ,2019-12-09 04:48:09,41
PRA ,2019-12-09 05:48:14,41
PRA ,2019-12-09 06:48:34,41
PRA ,2019-12-09 07:48:11,41
PRA ,2019-12-09 08:48:10,41
PRA ,2019-12-09 09:48:04,41
PRA ,2019-12-09 10:48:06,41
PRA ,2019-12-09 11:48:02,41
PRA ,2019-12-09 12:48:07,41
PRA ,2019-12-09 14:10:56,41
PRA ,2019-12-09 14:48:18,41
PRA ,2019-12-09 15:48:20,41
PRA ,2019-12-09 16:48:42,41
PRA ,2019-12-09 17:48:50,41
PRA ,2019-12-09 18:48:19,41
PRA ,2019-12-09 19:48:06,41
PRA ,2019-12-09 20:48:40,41
PRA ,2019-12-09 21:48:35,41
PRA ,2019-12-09 22:48:07,41
PRA ,2019-12-09 23:48:27,41
PRA ,2019-12-10 00:48:37,41
PRA ,2019-12-10 01:48:28,41
PRA ,2019-12-10 02:48:33,41
PRA ,2019-12-10 03:48:39,41
PRA ,2019-12-10 04:48:30,41
PRA ,2019-12-10 05:48:40,41
PRA ,2019-12-10 06:48:35,41
PRA ,2019-12-10 07:48:31,41
PRA ,2019-12-10 08:48:35,41
PRA ,2019-12-10 09:48:08,41
PRA ,2019-12-10 10:48:08,41
PRA ,2019-12-10 11:48:06,41
PRA ,2019-12-10 12:48:38,41
PRA ,2019-12-10 13:48:05,41
PRA ,2019-12-10 14:48:12,41
PRA ,2019-12-10 15:48:10,41
PRA ,2019-12-10 16:48:42,41
PRA ,2019-12-10 17:48:29,41
PRA ,2019-12-10 18:48:27,41
PRA ,2019-12-10 19:48:10,41
PRA ,2019-12-10 20:48:30,41
PRA ,2019-12-10 21:48:28,41
PRA ,2019-12-10 22:48:36,41
PRA ,2019-12-10 23:48:43,41
PRA ,2019-12-11 00:48:40,41
PRA ,2019-12-11 01:48:43,41
PRA ,2019-12-11 02:48:54,41
PRA ,2019-12-11 03:48:35,41
PRA ,2019-12-11 04:48:40,41
PRA ,2019-12-11 05:48:41,41
PRA ,2019-12-11 06:48:19,41
PRA ,2019-12-11 07:48:18,41
PRA ,2019-12-11 08:48:29,41
PRA ,2019-12-11 09:48:16,41
PRA ,2019-12-11 10:48:20,41
PRA ,2019-12-11 11:48:23,41
PRA ,2019-12-11 12:48:39,41
PRA ,2019-12-11 13:48:27,41
PRA ,2019-12-11 14:49:01,41
PRA ,2019-12-11 15:48:24,41
PRA ,2019-12-11 16:48:43,41
PRA ,2019-12-11 17:48:50,41
PRA ,2019-12-11 18:48:42,41
PRA ,2019-12-11 19:48:49,41
PRA ,2019-12-11 20:48:43,41
PRA ,2019-12-11 21:48:33,41
PRA ,2019-12-11 22:48:38,41
PRA ,2019-12-11 23:48:41,41
PRA ,2019-12-12 00:48:23,41
PRA ,2019-12-12 01:49:01,41
PRA ,2019-12-12 02:48:43,41
PRA ,2019-12-12 03:48:24,41
PRA ,2019-12-12 04:48:42,41
PRA ,2019-12-12 05:48:40,41
PRA ,2019-12-12 06:48:44,41
PRA ,2019-12-12 07:48:38,41
PRA ,2019-12-12 08:48:19,41
PRA ,2019-12-12 09:48:35,41
PRA ,2019-12-12 10:48:35,41
PRA ,2019-12-12 11:48:18,41
PRA ,2019-12-12 12:48:14,41
PRA ,2019-12-12 14:09:26,41
PRA ,2019-12-12 15:48:24,41
PRA ,2019-12-12 16:48:46,41
PRA ,2019-12-12 17:48:22,41
PRA ,2019-12-12 18:48:21,41
PRA ,2019-12-12 19:48:26,41
PRA ,2019-12-12 20:48:31,41
PRA ,2019-12-12 21:48:21,41
PRA ,2019-12-12 22:48:16,41
PRA ,2019-12-12 23:48:23,41
PRA ,2019-12-13 00:49:25,41
PRA ,2019-12-13 01:49:48,41
PRA ,2019-12-13 02:49:41,41
PRA ,2019-12-13 03:49:50,41
PRA ,2019-12-13 04:49:42,41
PRA ,2019-12-13 05:49:57,41
PRA ,2019-12-13 06:50:16,41
PRA ,2019-12-13 07:49:38,41
PRA ,2019-12-13 08:49:26,41
PRA ,2019-12-13 09:49:35,41
PRA ,2019-12-13 10:49:05,41
PRA ,2019-12-13 11:49:16,41
PRA ,2019-12-13 12:49:28,41
PRA ,2019-12-13 14:41:35,41
PRA ,2019-12-13 14:50:18,41
PRA ,2019-12-13 15:49:54,41
PRA ,2019-12-13 16:49:36,41
PRA ,2019-12-13 17:49:44,41
PRA ,2019-12-13 18:49:37,41
PRA ,2019-12-13 19:49:34,41
PRA ,2019-12-13 20:50:12,41
PRA ,2019-12-13 21:49:36,41
PRA ,2019-12-13 22:49:30,41
PRA ,2019-12-13 23:49:13,41
PRA ,2019-12-14 00:49:30,41
PRA ,2019-12-14 01:49:21,41
PRA ,2019-12-14 02:49:35,41
PRA ,2019-12-14 03:49:26,41
PRA ,2019-12-14 04:49:33,41
PRA ,2019-12-14 05:49:30,41
PRA ,2019-12-14 06:49:34,41
PRA ,2019-12-14 07:48:57,41
PRA ,2019-12-14 08:49:21,41
PRA ,2019-12-14 09:49:10,41
PRA ,2019-12-14 10:49:04,41
PRA ,2019-12-14 11:49:06,41
PRA ,2019-12-14 12:49:08,41
PRA ,2019-12-14 13:49:50,41
PRA ,2019-12-14 14:49:26,41
PRA ,2019-12-14 15:49:40,41
PRA ,2019-12-14 16:49:48,41
PRA ,2019-12-14 17:49:22,41
PRA ,2019-12-14 18:49:45,41
PRA ,2019-12-14 19:49:19,41
PRA ,2019-12-14 22:49:45,41
PRA ,2019-12-14 23:49:21,41
PRA ,2019-12-15 00:49:33,41
PRA ,2019-12-15 01:49:48,41
PRA ,2019-12-15 02:49:42,41
PRA ,2019-12-15 03:49:31,41
PRA ,2019-12-15 04:49:39,41
PRA ,2019-12-15 05:49:09,41
PRA ,2019-12-15 06:49:32,41
PRA ,2019-12-15 07:49:15,41
PRA ,2019-12-15 08:49:12,41
PRA ,2019-12-15 09:48:54,41
PRA ,2019-12-15 10:49:01,41
PRA ,2019-12-15 11:49:20,41
PRA ,2019-12-15 13:49:12,41
PRA ,2019-12-15 14:49:06,41
PRA ,2019-12-15 15:49:43,41
PRA ,2019-12-15 16:49:29,41
PRA ,2019-12-15 17:49:33,41
PRA ,2019-12-15 19:49:25,41
PRA ,2019-12-15 20:49:29,41
PRA ,2019-12-15 21:49:22,41
PRA ,2019-12-15 22:49:12,41
PRA ,2019-12-15 23:49:31,41
PRA ,2019-12-16 00:49:27,41
PRA ,2019-12-16 01:49:50,41
PRA ,2019-12-16 02:49:22,41
PRA ,2019-12-16 04:50:20,41
PRA ,2019-12-16 05:49:48,41
PRA ,2019-12-16 06:49:45,41
PRA ,2019-12-16 07:49:11,41
PRA ,2019-12-16 08:49:04,41
PRA ,2019-12-16 09:49:12,41
PRA ,2019-12-16 10:49:07,41
PRA ,2019-12-16 11:49:20,41
PRA ,2019-12-16 12:49:23,41
PRA ,2019-12-16 13:49:28,41
PRA ,2019-12-16 14:51:36,41
PRA ,2019-12-16 16:08:56,41
PRA ,2019-12-16 16:50:15,41
PRA ,2019-12-16 17:49:52,41
PRA ,2019-12-16 18:49:54,41
PRA ,2019-12-16 19:49:34,41
PRA ,2019-12-16 20:49:39,41
PRA ,2019-12-16 21:49:33,41
PRA ,2019-12-16 22:49:30,41
PRA ,2019-12-16 23:49:23,41
PRA ,2019-12-17 00:49:07,41
PRA ,2019-12-17 01:49:32,41
PRA ,2019-12-17 02:49:52,41
PRA ,2019-12-17 03:49:35,41
PRA ,2019-12-17 04:49:52,41
PRA ,2019-12-17 05:49:40,41
PRA ,2019-12-17 06:49:50,41
PRA ,2019-12-17 07:49:19,41
PRA ,2019-12-17 08:49:39,41
PRA ,2019-12-17 09:49:01,41
PRA ,2019-12-17 10:49:13,41
PRA ,2019-12-17 11:48:53,41
PRA ,2019-12-17 12:48:59,41
PRA ,2019-12-17 14:10:25,41
PRA ,2019-12-17 14:50:25,41
PRA ,2019-12-17 15:50:00,41
PRA ,2019-12-17 16:49:46,41
PRA ,2019-12-17 17:49:48,41
PRA ,2019-12-17 18:49:33,41
PRA ,2019-12-17 19:50:00,41
PRA ,2019-12-17 20:49:50,41
PRA ,2019-12-17 21:49:21,41
PRA ,2019-12-17 22:49:35,41
PRA ,2019-12-17 23:49:39,41
PRA ,2019-12-18 01:50:07,41
PRA ,2019-12-18 02:49:44,41
PRA ,2019-12-18 03:49:32,41
PRA ,2019-12-18 04:49:06,41
PRA ,2019-12-18 05:49:26,41
PRA ,2019-12-18 06:49:26,41
PRA ,2019-12-18 07:49:11,41
PRA ,2019-12-18 08:49:35,41
PRA ,2019-12-18 09:49:14,41
PRA ,2019-12-18 10:49:12,41
PRA ,2019-12-18 11:49:18,41
PRA ,2019-12-18 12:49:12,41
PRA ,2019-12-18 14:09:26,41
PRA ,2019-12-18 14:50:33,41
PRA ,2019-12-18 15:49:42,41
PRA ,2019-12-18 16:49:47,41
PRA ,2019-12-18 17:49:51,41
PRA ,2019-12-18 18:49:40,41
PRA ,2019-12-18 19:49:35,41
PRA ,2019-12-18 20:49:41,41
PRA ,2019-12-18 21:49:22,41
PRA ,2019-12-18 22:49:28,41
PRA ,2019-12-18 23:49:26,41
PRA ,2019-12-19 00:49:34,41
PRA ,2019-12-19 01:49:25,41
PRA ,2019-12-19 02:49:50,41
PRA ,2019-12-19 03:49:21,41
PRA ,2019-12-19 04:49:28,41
PRA ,2019-12-19 05:49:14,41
PRA ,2019-12-19 06:49:41,41
PRA ,2019-12-19 07:49:20,41
PRA ,2019-12-19 08:49:06,41
PRA ,2019-12-19 09:49:04,41
PRA ,2019-12-19 10:48:57,41
PRA ,2019-12-19 11:48:47,41
PRA ,2019-12-19 12:49:20,41
PRA ,2019-12-19 14:10:58,41
PRA ,2019-12-19 14:50:13,41
PRA ,2019-12-19 15:50:39,41
PRA ,2019-12-19 16:50:14,41
PRA ,2019-12-19 17:49:56,41
PRA ,2019-12-19 18:49:49,41
PRA ,2019-12-19 19:49:52,41
PRA ,2019-12-19 21:11:01,41
PRA ,2019-12-19 21:49:49,41
PRA ,2019-12-19 22:49:49,41
PRA ,2019-12-19 23:49:54,41
PRA ,2019-12-20 00:49:48,41
PRA ,2019-12-20 01:49:39,41
PRA ,2019-12-20 02:49:46,41
PRA ,2019-12-20 03:49:43,41
PRA ,2019-12-20 04:49:55,41
PRA ,2019-12-20 05:49:45,41
PRA ,2019-12-20 06:50:08,41
PRA ,2019-12-20 07:49:45,41
PRA ,2019-12-20 08:49:50,41
PRA ,2019-12-20 09:49:37,41
PRA ,2019-12-20 10:48:58,41
PRA ,2019-12-20 11:49:29,41
PRA ,2019-12-20 12:49:46,41
PRA ,2019-12-20 14:09:57,41
PRA ,2019-12-20 14:51:00,41
PRA ,2019-12-20 15:50:35,42
PRA ,2019-12-20 16:50:31,42
PRA ,2019-12-20 17:50:29,42
PRA ,2019-12-20 18:50:11,42
PRA ,2019-12-20 19:50:28,42
PRA ,2019-12-20 20:50:30,42
PRA ,2019-12-20 21:49:55,42
PRA ,2019-12-20 22:49:45,42
PRA ,2019-12-20 23:49:58,42
PRA ,2019-12-21 00:49:47,42
PRA ,2019-12-21 01:49:50,42
PRA ,2019-12-21 02:50:16,42
PRA ,2019-12-21 03:49:39,42
PRA ,2019-12-21 04:49:59,42
PRA ,2019-12-21 05:49:29,42
PRA ,2019-12-21 06:49:32,42
PRA ,2019-12-21 07:49:38,42
PRA ,2019-12-21 08:49:29,42
PRA ,2019-12-21 09:49:08,42
PRA ,2019-12-21 10:49:07,42
PRA ,2019-12-21 11:48:59,42
PRA ,2019-12-21 12:49:19,42
PRA ,2019-12-21 13:49:20,42
PRA ,2019-12-21 14:49:29,42
PRA ,2019-12-21 15:49:25,42
PRA ,2019-12-21 16:49:58,42
PRA ,2019-12-21 17:49:22,42
PRA ,2019-12-21 18:49:16,42
PRA ,2019-12-21 19:49:22,42
PRA ,2019-12-21 20:49:26,42
PRA ,2019-12-21 22:49:59,42
PRA ,2019-12-21 23:49:03,42
PRA ,2019-12-22 00:49:19,42
PRA ,2019-12-22 01:49:19,42
PRA ,2019-12-22 02:49:16,42
PRA ,2019-12-22 04:49:34,42
PRA ,2019-12-22 05:49:09,42
PRA ,2019-12-22 06:49:06,42
PRA ,2019-12-22 07:49:15,42
PRA ,2019-12-22 08:49:10,42
PRA ,2019-12-22 09:49:00,42
PRA ,2019-12-22 10:49:03,42
PRA ,2019-12-22 11:48:51,42
PRA ,2019-12-22 12:49:05,42
PRA ,2019-12-22 13:49:11,42
PRA ,2019-12-22 14:49:18,42
PRA ,2019-12-22 15:49:46,42
PRA ,2019-12-22 16:49:27,42
PRA ,2019-12-22 17:49:25,42
PRA ,2019-12-22 18:49:21,42
PRA ,2019-12-22 19:49:47,42
PRA ,2019-12-22 20:49:48,42
PRA ,2019-12-22 22:49:17,42
PRA ,2019-12-22 23:49:39,42
PRA ,2019-12-23 00:49:48,42
PRA ,2019-12-23 01:49:50,42
PRA ,2019-12-23 02:49:36,42
PRA ,2019-12-23 03:49:41,42
PRA ,2019-12-23 04:49:52,42
PRA ,2019-12-23 05:49:34,42
PRA ,2019-12-23 06:49:36,42
PRA ,2019-12-23 07:49:12,42
PRA ,2019-12-23 08:49:10,42
PRA ,2019-12-23 09:48:53,42
PRA ,2019-12-23 10:48:58,42
PRA ,2019-12-23 11:49:15,42
PRA ,2019-12-23 12:49:17,42
PRA ,2019-12-23 14:11:01,42
PRA ,2019-12-23 14:50:53,42
PRA ,2019-12-23 15:49:49,45
PRA ,2019-12-23 16:49:37,46
PRA ,2019-12-23 17:50:04,47
PRA ,2019-12-23 18:49:57,47
PRA ,2019-12-23 19:49:59,48
PRA ,2019-12-23 20:50:06,48
PRA ,2019-12-23 21:49:50,48
PRA ,2019-12-23 22:49:34,48
PRA ,2019-12-23 23:49:54,48
PRA ,2019-12-24 00:49:26,48
PRA ,2019-12-24 01:49:31,48
PRA ,2019-12-24 02:49:57,48
PRA ,2019-12-24 03:50:05,48
PRA ,2019-12-24 04:50:01,48
PRA ,2019-12-24 05:49:29,48
PRA ,2019-12-24 06:49:58,48
PRA ,2019-12-24 07:49:13,48
PRA ,2019-12-24 08:49:19,48
PRA ,2019-12-24 09:49:14,48
PRA ,2019-12-24 10:48:51,48
PRA ,2019-12-24 11:49:13,48
PRA ,2019-12-24 12:49:03,48
PRA ,2019-12-24 13:49:11,48
PRA ,2019-12-24 14:50:44,48
PRA ,2019-12-24 15:49:41,49
PRA ,2019-12-24 16:49:27,49
PRA ,2019-12-24 17:49:37,49
PRA ,2019-12-24 18:49:21,49
PRA ,2019-12-24 20:49:09,49
PRA ,2019-12-24 21:49:17,49
PRA ,2019-12-24 22:49:55,49
PRA ,2019-12-24 23:49:31,49
PRA ,2019-12-25 00:49:44,49
PRA ,2019-12-25 01:49:09,49
PRA ,2019-12-25 02:49:12,49
PRA ,2019-12-25 03:49:29,49
PRA ,2019-12-25 04:49:40,49
PRA ,2019-12-25 05:49:37,49
PRA ,2019-12-25 06:49:27,49
PRA ,2019-12-25 07:49:23,49
PRA ,2019-12-25 08:49:47,49
PRA ,2019-12-25 09:49:19,49
PRA ,2019-12-25 10:49:07,49
PRA ,2019-12-25 11:49:02,49
PRA ,2019-12-25 12:49:02,49
PRA ,2019-12-25 13:49:03,49
PRA ,2019-12-25 14:49:25,49
PRA ,2019-12-25 15:49:43,49
PRA ,2019-12-25 16:49:23,49
PRA ,2019-12-25 17:49:40,49
PRA ,2019-12-25 18:49:08,49
PRA ,2019-12-25 19:49:18,49
PRA ,2019-12-25 20:49:11,49
PRA ,2019-12-25 21:49:22,49
PRA ,2019-12-25 22:49:14,49
PRA ,2019-12-25 23:49:23,49
PRA ,2019-12-26 00:49:35,49
PRA ,2019-12-26 01:49:39,49
PRA ,2019-12-26 02:49:48,49
PRA ,2019-12-26 03:49:58,49
PRA ,2019-12-26 04:49:55,49
PRA ,2019-12-26 05:49:27,49
PRA ,2019-12-26 06:49:42,49
PRA ,2019-12-26 07:49:36,49
PRA ,2019-12-26 08:49:00,49
PRA ,2019-12-26 09:49:01,49
PRA ,2019-12-26 10:49:13,49
PRA ,2019-12-26 11:48:53,49
PRA ,2019-12-26 12:48:54,49
PRA ,2019-12-26 13:49:28,49
PRA ,2019-12-26 14:50:15,49
PRA ,2019-12-26 15:50:02,48
PRA ,2019-12-26 16:49:47,48
PRA ,2019-12-26 17:50:16,48
PRA ,2019-12-26 18:49:35,48
PRA ,2019-12-26 19:49:31,48
PRA ,2019-12-26 20:50:24,48
PRA ,2019-12-26 21:49:52,48
PRA ,2019-12-26 23:49:38,48
PRA ,2019-12-27 00:49:21,48
PRA ,2019-12-27 01:50:00,48
PRA ,2019-12-27 02:50:13,48
PRA ,2019-12-27 03:49:36,48
PRA ,2019-12-27 04:50:05,48
PRA ,2019-12-27 05:50:02,48
PRA ,2019-12-27 06:50:02,48
PRA ,2019-12-27 07:49:24,48
PRA ,2019-12-27 08:49:36,48
PRA ,2019-12-27 09:49:08,48
PRA ,2019-12-27 10:48:53,48
PRA ,2019-12-27 11:49:05,48
PRA ,2019-12-27 12:49:11,48
PRA ,2019-12-27 14:10:58,48
PRA ,2019-12-27 14:50:15,48
PRA ,2019-12-27 15:49:56,48
PRA ,2019-12-27 16:49:47,47
PRA ,2019-12-27 17:49:43,47
PRA ,2019-12-27 18:49:50,47
PRA ,2019-12-27 19:50:28,47
PRA ,2019-12-27 20:49:44,47
PRA ,2019-12-27 21:50:17,47
PRA ,2019-12-27 22:49:50,47
PRA ,2019-12-27 23:49:19,47
PRA ,2019-12-28 00:49:52,47
PRA ,2019-12-28 01:49:34,47
PRA ,2019-12-28 02:49:36,47
PRA ,2019-12-28 03:49:29,47
PRA ,2019-12-28 04:49:50,47
PRA ,2019-12-28 05:49:53,47
PRA ,2019-12-28 06:49:52,47
PRA ,2019-12-28 07:49:28,47
PRA ,2019-12-28 08:49:44,47
PRA ,2019-12-28 09:49:18,47
PRA ,2019-12-28 10:49:29,47
PRA ,2019-12-28 11:49:07,47
PRA ,2019-12-28 12:48:57,47
PRA ,2019-12-28 13:49:17,47
PRA ,2019-12-28 14:49:39,47
PRA ,2019-12-28 15:50:04,47
PRA ,2019-12-28 16:49:31,47
PRA ,2019-12-28 17:49:57,47
PRA ,2019-12-28 18:49:31,47
PRA ,2019-12-28 19:49:29,47
PRA ,2019-12-28 20:49:59,47
PRA ,2019-12-28 21:49:20,47
PRA ,2019-12-28 22:49:28,47
PRA ,2019-12-28 23:49:39,47
PRA ,2019-12-29 00:49:29,47
PRA ,2019-12-29 01:50:12,47
PRA ,2019-12-29 02:49:45,47
PRA ,2019-12-29 03:50:07,47
PRA ,2019-12-29 05:49:57,47
PRA ,2019-12-29 06:50:01,47
PRA ,2019-12-29 07:49:21,47
PRA ,2019-12-29 08:49:50,47
PRA ,2019-12-29 09:49:16,47
PRA ,2019-12-29 10:49:25,47
PRA ,2019-12-29 11:49:06,47
PRA ,2019-12-29 12:49:13,47
PRA ,2019-12-29 13:49:16,47
PRA ,2019-12-29 14:49:39,47
PRA ,2019-12-29 15:49:40,47
PRA ,2019-12-29 16:49:36,47
PRA ,2019-12-29 17:49:23,47
PRA ,2019-12-29 18:49:44,47
PRA ,2019-12-29 19:49:50,47
PRA ,2019-12-29 20:49:20,47
PRA ,2019-12-29 21:50:26,47
PRA ,2019-12-29 22:49:28,47
PRA ,2019-12-29 23:49:20,47
PRA ,2019-12-30 00:49:21,47
PRA ,2019-12-30 01:49:52,47
PRA ,2019-12-30 02:50:25,47
PRA ,2019-12-30 03:49:19,47
PRA ,2019-12-30 04:50:03,47
PRA ,2019-12-30 05:49:39,47
PRA ,2019-12-30 06:49:18,47
PRA ,2019-12-30 07:49:04,47
PRA ,2019-12-30 08:49:24,47
PRA ,2019-12-30 09:49:31,47
PRA ,2019-12-30 10:48:53,47
PRA ,2019-12-30 11:49:33,47
PRA ,2019-12-30 12:49:13,47
PRA ,2019-12-30 14:10:56,47
PRA ,2019-12-30 14:50:54,47
PRA ,2019-12-30 15:49:53,47
PRA ,2019-12-30 16:49:45,47
PRA ,2019-12-30 17:49:44,47
PRA ,2019-12-30 18:49:58,47
PRA ,2019-12-30 19:49:53,47
PRA ,2019-12-30 20:49:35,47
PRA ,2019-12-30 21:49:28,47
PRA ,2019-12-30 23:49:33,47
PRA ,2019-12-31 00:49:35,47
PRA ,2019-12-31 01:49:27,47
PRA ,2019-12-31 02:49:40,47
PRA ,2019-12-31 03:49:46,47
PRA ,2019-12-31 04:49:25,47
PRA ,2019-12-31 05:49:16,47
PRA ,2019-12-31 06:49:34,47
PRA ,2019-12-31 07:49:22,47
PRA ,2019-12-31 08:49:43,47
PRA ,2019-12-31 09:49:30,47
PRA ,2019-12-31 10:49:53,47
PRA ,2019-12-31 11:49:40,47
PRA ,2019-12-31 12:49:21,47
PRA ,2019-12-31 14:11:59,47
PRA ,2019-12-31 14:50:42,47
PRA ,2019-12-31 15:50:15,47
PRA ,2019-12-31 16:49:44,47
PRA ,2019-12-31 17:49:39,47
PRA ,2019-12-31 18:49:38,47
PRA ,2019-12-31 19:49:52,47
PRA ,2019-12-31 20:49:42,47
PRA ,2019-12-31 21:49:31,48
PRA ,2019-12-31 22:49:35,48
PRA ,2019-12-31 23:49:29,48
PRA ,2020-01-01 00:49:21,48
PRA ,2020-01-01 01:49:24,48
PRA ,2020-01-01 02:49:29,48
PRA ,2020-01-01 03:49:34,48
PRA ,2020-01-01 04:49:12,48
PRA ,2020-01-01 05:49:59,48
PRA ,2020-01-01 06:49:49,48
PRA ,2020-01-01 07:49:30,48
PRA ,2020-01-01 08:49:26,48
PRA ,2020-01-01 09:49:05,48
PRA ,2020-01-01 10:48:57,48
PRA ,2020-01-01 11:49:04,48
PRA ,2020-01-01 12:49:12,48
PRA ,2020-01-01 13:49:12,48
PRA ,2020-01-01 14:49:17,48
PRA ,2020-01-01 15:49:23,48
PRA ,2020-01-01 16:49:36,48
PRA ,2020-01-01 17:49:28,48
PRA ,2020-01-01 18:49:33,48
PRA ,2020-01-01 19:49:25,48
PRA ,2020-01-01 20:49:38,48
PRA ,2020-01-01 21:49:32,48
PRA ,2020-01-01 22:49:47,48
PRA ,2020-01-01 23:50:15,48
PRA ,2020-01-02 00:50:11,48
PRA ,2020-01-02 01:49:54,48
PRA ,2020-01-02 02:50:33,48
PRA ,2020-01-02 03:49:47,48
PRA ,2020-01-02 04:49:45,48
PRA ,2020-01-02 05:49:40,48
PRA ,2020-01-02 06:49:27,48
PRA ,2020-01-02 07:49:24,48
PRA ,2020-01-02 08:49:32,48
PRA ,2020-01-02 09:49:14,48
PRA ,2020-01-02 10:49:09,48
PRA ,2020-01-02 11:49:24,48
PRA ,2020-01-02 12:49:23,48
PRA ,2020-01-02 14:12:27,48
PRA ,2020-01-02 14:51:36,48
PRA ,2020-01-02 15:50:17,47
PRA ,2020-01-02 16:50:00,46
PRA ,2020-01-02 17:50:04,46
PRA ,2020-01-02 18:50:13,46
PRA ,2020-01-02 19:49:57,46
PRA ,2020-01-02 20:50:10,46
PRA ,2020-01-02 21:49:37,46
PRA ,2020-01-02 22:50:30,46
PRA ,2020-01-02 23:49:31,46
PRA ,2020-01-03 00:49:58,46
PRA ,2020-01-03 01:49:44,46
PRA ,2020-01-03 02:50:05,46
PRA ,2020-01-03 03:49:40,46
PRA ,2020-01-03 04:49:41,46
PRA ,2020-01-03 05:49:43,46
PRA ,2020-01-03 06:49:53,46
PRA ,2020-01-03 07:49:37,46
PRA ,2020-01-03 08:49:49,46
PRA ,2020-01-03 09:49:27,46
PRA ,2020-01-03 10:49:24,46
PRA ,2020-01-03 11:49:18,46
PRA ,2020-01-03 12:49:09,46
PRA ,2020-01-03 14:12:27,46
PRA ,2020-01-03 14:54:26,46
PRA ,2020-01-03 15:49:50,45
PRA ,2020-01-03 16:50:03,46
PRA ,2020-01-03 17:50:40,46
PRA ,2020-01-03 18:49:52,47
PRA ,2020-01-03 19:49:45,47
PRA ,2020-01-03 20:50:04,47
PRA ,2020-01-03 21:49:33,47
PRA ,2020-01-03 22:49:32,47
PRA ,2020-01-03 23:49:32,47
PRA ,2020-01-04 00:49:37,47
PRA ,2020-01-04 01:49:38,47
PRA ,2020-01-04 02:49:27,47
PRA ,2020-01-04 03:50:02,47
PRA ,2020-01-04 04:49:50,47
PRA ,2020-01-04 05:49:37,47
PRA ,2020-01-04 06:49:31,47
PRA ,2020-01-04 07:49:11,47
PRA ,2020-01-04 08:49:20,47
PRA ,2020-01-04 09:49:01,47
PRA ,2020-01-04 10:49:14,47
PRA ,2020-01-04 11:48:59,47
PRA ,2020-01-04 12:49:27,47
PRA ,2020-01-04 13:49:19,47
PRA ,2020-01-04 14:49:34,47
PRA ,2020-01-04 15:49:36,47
PRA ,2020-01-04 16:49:46,47
PRA ,2020-01-04 17:49:56,47
PRA ,2020-01-04 19:49:42,47
PRA ,2020-01-04 20:49:50,47
PRA ,2020-01-04 21:50:24,47
PRA ,2020-01-04 22:50:01,47
PRA ,2020-01-04 23:49:56,47
PRA ,2020-01-05 00:49:26,47
PRA ,2020-01-05 01:50:39,47
PRA ,2020-01-05 02:50:06,47
PRA ,2020-01-05 03:49:47,47
PRA ,2020-01-05 04:49:26,47
PRA ,2020-01-05 05:49:30,47
PRA ,2020-01-05 06:49:29,47
PRA ,2020-01-05 07:49:11,47
PRA ,2020-01-05 08:48:59,47
PRA ,2020-01-05 09:48:59,47
PRA ,2020-01-05 10:48:55,47
PRA ,2020-01-05 11:49:25,47
PRA ,2020-01-05 12:49:01,47
PRA ,2020-01-05 13:49:26,47
PRA ,2020-01-05 14:49:15,47
PRA ,2020-01-05 15:49:03,47
PRA ,2020-01-05 16:49:34,47
PRA ,2020-01-05 17:50:50,47
PRA ,2020-01-05 18:49:48,47
PRA ,2020-01-05 20:49:43,47
PRA ,2020-01-05 21:49:48,47
PRA ,2020-01-05 22:49:33,47
PRA ,2020-01-05 23:49:37,47
PRA ,2020-01-06 00:49:42,47
PRA ,2020-01-06 01:49:45,47
PRA ,2020-01-06 02:50:09,47
PRA ,2020-01-06 03:50:12,47
PRA ,2020-01-06 04:50:21,47
PRA ,2020-01-06 05:50:00,47
PRA ,2020-01-06 06:49:56,47
PRA ,2020-01-06 07:49:23,47
PRA ,2020-01-06 08:49:38,47
PRA ,2020-01-16 06:49:10,44
PRA ,2020-01-16 07:49:09,44
PRA ,2020-01-16 08:49:08,44
PRA ,2020-01-16 09:48:49,44
PRA ,2020-01-16 10:48:52,44
PRA ,2020-01-16 11:48:54,44
PRA ,2020-01-16 12:49:04,44
PRA ,2020-01-16 14:12:27,44
PRA ,2020-01-16 15:49:16,45
PRA ,2020-01-16 16:49:26,45
PRA ,2020-01-16 17:49:22,45
PRA ,2020-01-16 18:49:10,45
PRA ,2020-01-16 19:49:20,45
PRA ,2020-01-16 20:49:20,45
PRA ,2020-01-16 21:49:01,45
PRA ,2020-01-16 22:49:21,45
PRA ,2020-01-16 23:49:14,45
PRA ,2020-01-17 00:49:49,45
PRA ,2020-01-17 01:50:02,45
PRA ,2020-01-17 02:49:00,45
PRA ,2020-01-17 03:48:48,45
PRA ,2020-01-17 04:48:58,45
PRA ,2020-01-17 05:49:04,45
PRA ,2020-01-17 06:48:56,45
PRA ,2020-01-17 07:48:32,45
PRA ,2020-01-17 08:48:28,45
PRA ,2020-01-17 09:49:45,45
PRA ,2020-01-17 10:48:27,45
PRA ,2020-01-17 11:48:28,45
PRA ,2020-01-17 12:48:51,45
PRA ,2020-01-17 14:10:31,45
PRA ,2020-01-17 14:49:30,45
PRA ,2020-01-17 15:49:12,45
PRA ,2020-01-17 16:49:09,45
PRA ,2020-01-17 17:49:02,45
PRA ,2020-01-17 18:49:04,45
PRA ,2020-01-17 19:49:04,45
PRA ,2020-01-17 20:49:00,45
PRA ,2020-01-17 21:48:49,45
PRA ,2020-01-17 22:48:53,45
PRA ,2020-01-17 23:48:47,45
PRA ,2020-01-18 00:49:46,45
PRA ,2020-01-18 01:49:04,45
PRA ,2020-01-18 02:49:02,45
PRA ,2020-01-18 03:48:59,45
PRA ,2020-01-18 04:48:52,45
PRA ,2020-01-18 05:48:58,45
PRA ,2020-01-18 06:48:33,45
PRA ,2020-01-18 07:48:48,45
PRA ,2020-01-18 08:48:52,45
PRA ,2020-01-18 09:48:39,45
PRA ,2020-01-18 10:48:40,45
PRA ,2020-01-18 11:48:30,45
PRA ,2020-01-18 12:48:46,45
PRA ,2020-01-18 13:48:45,45
PRA ,2020-01-18 14:48:50,45
PRA ,2020-01-18 15:49:00,45
PRA ,2020-01-18 16:48:37,45
PRA ,2020-01-18 17:49:04,45
PRA ,2020-01-18 18:48:58,45
PRA ,2020-01-18 19:49:30,45
PRA ,2020-01-18 20:49:01,45
PRA ,2020-01-18 21:49:05,45
PRA ,2020-01-18 23:49:02,45
PRA ,2020-01-19 00:48:34,45
PRA ,2020-01-19 01:49:00,45
PRA ,2020-01-19 02:49:04,45
PRA ,2020-01-19 03:49:00,45
PRA ,2020-01-19 04:48:58,45
PRA ,2020-01-19 05:48:49,45
PRA ,2020-01-19 06:48:50,45
PRA ,2020-01-19 07:48:40,45
PRA ,2020-01-19 08:49:21,45
PRA ,2020-01-19 09:48:39,45
PRA ,2020-01-19 10:48:28,45
PRA ,2020-01-19 11:48:26,45
PRA ,2020-01-19 12:48:43,45
PRA ,2020-01-19 13:48:41,45
PRA ,2020-01-19 14:49:24,45
PRA ,2020-01-19 15:49:35,45
PRA ,2020-01-19 16:48:39,45
PRA ,2020-01-19 17:48:50,45
PRA ,2020-01-19 18:48:40,45
PRA ,2020-01-19 19:49:46,45
PRA ,2020-01-19 20:48:55,45
PRA ,2020-01-19 21:48:50,45
PRA ,2020-01-19 22:48:54,45
PRA ,2020-01-19 23:50:13,45
PRA ,2020-01-20 00:49:50,45
PRA ,2020-01-20 01:49:39,45
PRA ,2020-01-20 02:49:15,45
PRA ,2020-01-20 03:49:44,45
PRA ,2020-01-20 04:49:42,45
PRA ,2020-01-20 05:48:54,45
PRA ,2020-01-20 06:49:46,45
PRA ,2020-01-20 07:48:40,45
PRA ,2020-01-20 08:49:43,45
PRA ,2020-01-20 09:55:21,45
PRA ,2020-01-20 10:49:15,45
PRA ,2020-01-20 11:48:28,45
PRA ,2020-01-20 12:48:44,45
PRA ,2020-01-20 13:49:35,45
PRA ,2020-01-20 14:49:09,45
PRA ,2020-01-20 15:49:44,45
PRA ,2020-01-20 16:48:47,45
PRA ,2020-01-20 17:49:31,45
PRA ,2020-01-20 18:48:43,45
PRA ,2020-01-20 19:49:29,45
PRA ,2020-01-20 21:50:01,45
PRA ,2020-01-20 22:49:48,45
PRA ,2020-01-20 23:49:44,45
PRA ,2020-01-21 00:49:50,45
PRA ,2020-01-21 01:49:27,45
PRA ,2020-01-21 02:49:48,45
PRA ,2020-01-21 03:48:45,45
PRA ,2020-01-21 04:48:51,45
PRA ,2020-01-21 05:48:43,45
PRA ,2020-01-21 06:48:36,45
PRA ,2020-01-21 07:48:31,46
PRA ,2020-01-21 08:48:49,46
PRA ,2020-01-21 10:03:53,46
PRA ,2020-01-21 10:49:42,46
PRA ,2020-01-21 11:48:46,46
PRA ,2020-01-21 12:48:44,46
PRA ,2020-01-21 13:48:42,46
PRA ,2020-01-21 15:49:58,46
PRA ,2020-01-21 16:49:21,46
PRA ,2020-01-21 17:49:46,46
PRA ,2020-01-21 18:49:14,45
PRA ,2020-01-21 19:49:49,45
PRA ,2020-01-21 20:49:03,45
PRA ,2020-01-21 21:49:52,45
PRA ,2020-01-21 22:49:37,45
PRA ,2020-01-21 23:49:15,45
PRA ,2020-01-22 00:48:57,45
PRA ,2020-01-22 01:49:21,45
PRA ,2020-01-22 02:49:39,45
PRA ,2020-01-22 03:49:01,45
PRA ,2020-01-22 04:49:06,45
PRA ,2020-01-22 05:48:58,45
PRA ,2020-01-22 06:48:42,45
PRA ,2020-01-22 07:48:46,45
PRA ,2020-01-22 08:48:54,45
PRA ,2020-01-22 10:00:03,45
PRA ,2020-01-22 10:48:29,45
PRA ,2020-01-22 11:48:28,45
PRA ,2020-01-22 12:49:11,45
PRA ,2020-01-22 13:49:18,45
PRA ,2020-01-22 14:49:52,45
PRA ,2020-01-22 15:49:27,45
PRA ,2020-01-22 16:49:59,46
PRA ,2020-01-22 17:49:50,46
PRA ,2020-01-22 18:49:18,46
PRA ,2020-01-22 19:49:57,46
PRA ,2020-01-22 20:49:50,46
PRA ,2020-01-22 21:49:58,46
PRA ,2020-01-22 22:49:30,47
PRA ,2020-01-22 23:49:44,47
PRA ,2020-01-23 00:49:40,47
PRA ,2020-01-23 01:49:55,47
PRA ,2020-01-23 02:49:14,47
PRA ,2020-01-23 03:49:11,47
PRA ,2020-01-23 04:49:06,47
PRA ,2020-01-23 05:48:33,47
PRA ,2020-01-23 06:48:52,47
PRA ,2020-01-23 07:48:53,47
PRA ,2020-01-23 08:48:47,47
PRA ,2020-01-23 10:48:39,47
PRA ,2020-01-23 11:48:41,47
PRA ,2020-01-23 12:48:49,47
PRA ,2020-01-23 14:12:01,47
PRA ,2020-01-23 14:49:42,47
PRA ,2020-01-23 15:49:21,48
PRA ,2020-01-23 16:49:06,56
PRA ,2020-01-23 17:48:54,61
PRA ,2020-01-23 18:49:17,71
PRA ,2020-01-23 19:49:01,76
PRA ,2020-01-23 20:49:18,80
PRA ,2020-01-23 21:49:17,83
PRA ,2020-01-23 22:48:52,84
PRA ,2020-01-23 23:48:50,84
PRA ,2020-01-24 00:48:53,84
PRA ,2020-01-24 01:49:07,84
PRA ,2020-01-24 02:49:42,84
PRA ,2020-01-24 03:48:46,84
PRA ,2020-01-24 04:48:57,84
PRA ,2020-01-24 05:49:09,84
PRA ,2020-01-24 06:48:34,84
PRA ,2020-01-24 07:49:06,84
PRA ,2020-01-24 08:48:34,84
PRA ,2020-01-24 09:58:09,84
PRA ,2020-01-24 10:48:45,84
PRA ,2020-01-24 11:48:37,84
PRA ,2020-01-24 12:48:43,84
PRA ,2020-01-24 14:11:00,84
PRA ,2020-01-24 14:49:23,84
PRA ,2020-01-24 15:49:18,84
PRA ,2020-01-24 16:49:09,79
PRA ,2020-01-24 17:48:57,79
PRA ,2020-01-24 18:49:00,78
PRA ,2020-01-24 19:49:14,78
PRA ,2020-01-24 20:49:18,78
PRA ,2020-01-24 21:48:50,77
PRA ,2020-01-24 22:48:48,77
PRA ,2020-01-24 23:48:54,77
PRA ,2020-01-25 00:48:49,77
PRA ,2020-01-25 01:48:59,77
PRA ,2020-01-25 02:49:16,77
PRA ,2020-01-25 03:49:09,77
PRA ,2020-01-25 04:48:52,77
PRA ,2020-01-25 05:48:57,77
PRA ,2020-01-25 06:48:52,77
PRA ,2020-01-25 07:48:53,77
PRA ,2020-01-25 08:48:55,77
PRA ,2020-01-25 09:58:34,77
PRA ,2020-01-25 10:48:31,77
PRA ,2020-01-25 11:48:40,77
PRA ,2020-01-25 12:48:52,77
PRA ,2020-01-25 14:48:50,77
PRA ,2020-01-25 15:48:43,77
PRA ,2020-01-25 16:48:54,77
PRA ,2020-01-25 17:48:53,77
PRA ,2020-01-25 18:48:55,77
PRA ,2020-01-25 19:48:57,77
PRA ,2020-01-25 20:48:52,77
PRA ,2020-01-25 21:48:44,77
PRA ,2020-01-25 22:48:56,77
PRA ,2020-01-25 23:48:49,77
PRA ,2020-01-26 00:49:03,77
PRA ,2020-01-26 01:48:49,77
PRA ,2020-01-26 02:49:01,77
PRA ,2020-01-26 03:48:55,77
PRA ,2020-01-26 04:48:45,77
PRA ,2020-01-26 06:48:31,77
PRA ,2020-01-26 07:48:35,77
PRA ,2020-01-27 02:49:02,77
PRA ,2020-01-27 03:48:56,77
PRA ,2020-01-27 04:48:58,77
PRA ,2020-01-27 05:48:57,77
PRA ,2020-01-27 06:49:05,77
PRA ,2020-01-27 07:48:45,77
PRA ,2020-01-27 08:48:50,77
PRA ,2020-01-27 09:49:07,77
PRA ,2020-01-27 10:48:49,77
PRA ,2020-01-27 11:48:54,77
PRA ,2020-01-27 12:48:20,77
PRA ,2020-01-27 13:49:05,77
PRA ,2020-01-27 14:50:30,77
PRA ,2020-01-27 15:49:41,77
PRA ,2020-01-27 16:49:16,78
PRA ,2020-01-27 17:49:24,78
PRA ,2020-01-27 18:49:28,78
PRA ,2020-01-27 19:49:33,78
PRA ,2020-01-27 20:49:20,78
PRA ,2020-01-27 21:49:25,78
PRA ,2020-01-27 22:50:08,78
PRA ,2020-01-27 23:49:32,78
PRA ,2020-01-28 00:48:47,78
PRA ,2020-01-28 01:49:31,78
PRA ,2020-01-28 02:49:32,78
PRA ,2020-01-28 03:49:11,78
PRA ,2020-01-28 04:49:19,78
PRA ,2020-01-28 05:48:58,78
PRA ,2020-01-28 06:48:35,78
PRA ,2020-01-28 07:48:45,78
PRA ,2020-01-28 08:49:05,78
PRA ,2020-01-28 09:49:32,78
PRA ,2020-01-28 10:48:51,78
PRA ,2020-01-28 11:48:43,78
PRA ,2020-01-28 12:48:49,78
PRA ,2020-01-28 14:11:34,78
PRA ,2020-01-28 14:50:03,78
PRA ,2020-01-28 15:49:24,77
PRA ,2020-01-28 16:49:39,77
PRA ,2020-01-28 17:49:09,77
PRA ,2020-01-28 18:49:23,77
PRA ,2020-01-28 19:49:18,76
PRA ,2020-01-28 21:49:58,75
PRA ,2020-01-28 22:49:23,75
PRA ,2020-01-28 23:48:58,75
PRA ,2020-01-29 00:49:05,75
PRA ,2020-01-29 01:49:19,75
PRA ,2020-01-29 02:49:42,75
PRA ,2020-01-29 03:49:20,75
PRA ,2020-01-29 04:49:17,75
PRA ,2020-01-29 05:49:21,75
PRA ,2020-01-29 06:49:08,75
PRA ,2020-01-29 07:48:47,75
PRA ,2020-01-29 08:48:52,75
PRA ,2020-01-29 09:49:05,75
PRA ,2020-01-29 10:48:36,75
PRA ,2020-01-29 11:48:46,75
PRA ,2020-01-29 12:48:57,75
PRA ,2020-01-29 13:49:21,75
PRA ,2020-01-29 14:49:56,75
PRA ,2020-01-29 15:49:33,75
PRA ,2020-01-29 16:49:24,75
PRA ,2020-01-29 17:49:51,75
PRA ,2020-01-29 18:49:34,76
PRA ,2020-01-29 19:49:39,76
PRA ,2020-01-29 20:49:36,76
PRA ,2020-01-29 21:49:26,76
PRA ,2020-01-29 22:49:07,76
PRA ,2020-01-29 23:49:01,76
PRA ,2020-01-30 00:49:18,76
PRA ,2020-01-30 01:49:29,76
PRA ,2020-01-30 02:49:27,76
PRA ,2020-01-30 03:49:01,76
PRA ,2020-01-30 04:49:44,76
PRA ,2020-01-30 05:49:45,76
PRA ,2020-01-30 06:49:02,76
PRA ,2020-01-30 07:48:45,76
PRA ,2020-01-30 08:49:01,76
PRA ,2020-01-30 09:49:05,76
PRA ,2020-01-30 10:48:35,76
PRA ,2020-01-30 11:48:51,76
PRA ,2020-01-30 12:48:56,76
PRA ,2020-01-30 13:48:55,76
PRA ,2020-01-30 14:49:58,76
PRA ,2020-01-30 15:49:42,76
PRA ,2020-01-30 16:49:41,76
PRA ,2020-01-30 17:49:34,75
PRA ,2020-01-30 18:49:26,75
PRA ,2020-01-30 19:49:40,74
PRA ,2020-01-30 20:49:06,74
PRA ,2020-01-30 21:49:32,74
PRA ,2020-01-30 22:48:42,74
PRA ,2020-01-30 23:48:51,74
PRA ,2020-01-31 00:48:58,74
PRA ,2020-01-31 01:49:30,74
PRA ,2020-01-31 02:49:03,74
PRA ,2020-01-31 03:49:19,74
PRA ,2020-01-31 04:49:07,74
PRA ,2020-01-31 05:48:57,74
PRA ,2020-01-31 06:48:47,74
PRA ,2020-01-31 07:48:58,74
PRA ,2020-01-31 08:49:17,74
PRA ,2020-01-31 09:49:21,74
PRA ,2020-01-31 10:48:52,74
PRA ,2020-01-31 11:48:46,74
PRA ,2020-01-31 12:48:43,74
PRA ,2020-01-31 13:49:10,74
PRA ,2020-01-31 14:49:28,74
PRA ,2020-01-31 15:49:18,74
PRA ,2020-01-31 16:49:16,73
PRA ,2020-01-31 17:49:18,73
PRA ,2020-01-31 18:49:08,73
PRA ,2020-01-31 19:49:29,73
PRA ,2020-01-31 20:49:17,73
PRA ,2020-01-31 21:48:42,73
PRA ,2020-01-31 22:48:51,73
PRA ,2020-01-31 23:48:55,73
PRA ,2020-02-01 00:48:49,73
PRA ,2020-02-01 01:49:31,73
PRA ,2020-02-01 02:49:06,73
PRA ,2020-02-01 03:48:57,73
PRA ,2020-02-01 04:49:04,73
PRA ,2020-02-01 05:49:19,73
PRA ,2020-02-01 06:49:25,73
PRA ,2020-02-01 07:48:44,73
PRA ,2020-02-01 08:48:59,73
PRA ,2020-02-01 09:49:14,73
PRA ,2020-02-01 10:48:36,73
PRA ,2020-02-01 11:48:57,73
PRA ,2020-02-01 12:48:39,73
PRA ,2020-02-01 13:49:01,73
PRA ,2020-02-01 14:49:08,73
PRA ,2020-02-01 15:49:06,73
PRA ,2020-02-01 16:48:57,73
PRA ,2020-02-01 17:49:12,73
PRA ,2020-02-01 18:48:51,73
PRA ,2020-02-01 19:48:57,73
PRA ,2020-02-01 20:49:16,73
PRA ,2020-02-01 21:49:27,73
PRA ,2020-02-01 22:49:16,73
PRA ,2020-02-01 23:49:25,73
PRA ,2020-02-02 00:49:22,73
PRA ,2020-02-02 01:49:30,73
PRA ,2020-02-02 02:49:18,73
PRA ,2020-02-02 03:49:22,73
PRA ,2020-02-02 04:49:06,73
PRA ,2020-02-02 05:49:12,73
PRA ,2020-02-02 06:49:13,73
PRA ,2020-02-02 07:49:06,73
PRA ,2020-02-02 08:49:13,73
PRA ,2020-02-02 09:49:07,73
PRA ,2020-02-02 10:48:57,73
PRA ,2020-02-02 11:49:05,73
PRA ,2020-02-02 12:49:12,73
PRA ,2020-02-02 13:49:17,73
PRA ,2020-02-02 14:49:07,73
PRA ,2020-02-02 15:49:05,73
PRA ,2020-02-02 16:49:24,73
PRA ,2020-02-02 17:49:32,73
PRA ,2020-02-02 18:49:09,73
PRA ,2020-02-02 19:49:22,73
PRA ,2020-02-02 20:49:23,73
PRA ,2020-02-02 21:49:13,73
PRA ,2020-02-02 22:49:21,73
PRA ,2020-02-02 23:49:29,73
PRA ,2020-02-03 00:49:56,73
PRA ,2020-02-03 01:49:40,73
PRA ,2020-02-03 02:49:20,73
PRA ,2020-02-03 03:49:23,73
PRA ,2020-02-03 04:49:30,73
PRA ,2020-02-03 05:49:31,73
PRA ,2020-02-03 06:49:07,73
PRA ,2020-02-03 07:49:08,73
PRA ,2020-02-03 08:49:16,73
PRA ,2020-02-03 09:49:14,73
PRA ,2020-02-03 10:49:01,73
PRA ,2020-02-03 11:49:05,73
PRA ,2020-02-03 12:48:51,73
PRA ,2020-02-03 14:48:14,73
PRA ,2020-02-03 14:55:58,73
PRA ,2020-02-03 15:49:47,73
PRA ,2020-02-03 16:49:33,73
PRA ,2020-02-03 17:49:34,73
PRA ,2020-02-03 18:49:39,73
PRA ,2020-02-03 19:49:36,72
PRA ,2020-02-03 20:49:33,72
PRA ,2020-02-03 21:49:29,72
PRA ,2020-02-03 22:49:25,72
PRA ,2020-02-03 23:49:30,72
PRA ,2020-02-04 00:49:22,72
PRA ,2020-02-04 01:49:42,72
PRA ,2020-02-04 02:49:38,72
PRA ,2020-02-04 03:49:38,72
PRA ,2020-02-04 04:49:36,72
PRA ,2020-02-04 05:49:44,72
PRA ,2020-02-04 06:49:17,72
PRA ,2020-02-04 07:49:31,72
PRA ,2020-02-04 08:48:57,72
PRA ,2020-02-04 09:49:30,72
PRA ,2020-02-04 10:49:01,72
PRA ,2020-02-04 11:49:19,72
PRA ,2020-02-04 12:49:23,72
PRA ,2020-02-04 14:15:08,72
PRA ,2020-02-04 15:49:47,72
PRA ,2020-02-04 16:49:37,71
PRA ,2020-02-04 17:49:38,71
PRA ,2020-02-04 18:49:17,71
PRA ,2020-02-04 19:49:29,71
PRA ,2020-02-04 20:49:29,71
PRA ,2020-02-04 21:49:26,70
PRA ,2020-02-04 22:49:21,70
PRA ,2020-02-04 23:49:27,70
PRA ,2020-02-05 00:49:36,70
PRA ,2020-02-05 01:49:25,70
PRA ,2020-02-05 02:49:39,70
PRA ,2020-02-05 03:49:37,70
PRA ,2020-02-05 04:50:21,70
PRA ,2020-02-05 05:49:27,70
PRA ,2020-02-05 06:49:30,70
PRA ,2020-02-05 07:49:29,70
PRA ,2020-02-05 08:49:18,70
PRA ,2020-02-05 09:49:10,70
PRA ,2020-02-05 10:49:23,70
PRA ,2020-02-05 11:49:14,70
PRA ,2020-02-05 12:49:27,70
PRA ,2020-02-05 14:09:07,70
PRA ,2020-02-05 14:50:02,70
PRA ,2020-02-05 15:49:56,70
PRA ,2020-02-05 16:49:41,70
PRA ,2020-02-05 17:49:31,70
PRA ,2020-02-05 18:49:38,70
PRA ,2020-02-05 19:49:38,70
PRA ,2020-02-05 20:49:45,70
PRA ,2020-02-05 21:49:25,70
PRA ,2020-02-05 22:49:25,70
PRA ,2020-02-05 23:49:24,70
PRA ,2020-02-06 00:49:42,70
PRA ,2020-02-06 01:49:41,70
PRA ,2020-02-06 02:49:46,70
PRA ,2020-02-06 03:50:02,70
PRA ,2020-02-06 04:49:45,70
PRA ,2020-02-06 05:49:41,70
PRA ,2020-02-06 06:49:22,70
PRA ,2020-02-06 07:49:33,70
PRA ,2020-02-06 08:49:24,70
PRA ,2020-02-06 09:49:22,70
PRA ,2020-02-06 10:49:14,70
PRA ,2020-02-06 11:49:17,70
PRA ,2020-02-06 12:49:11,70
PRA ,2020-02-06 13:49:11,70
PRA ,2020-02-06 14:49:59,70
PRA ,2020-02-06 15:49:52,70
PRA ,2020-02-06 16:49:41,69
PRA ,2020-02-06 17:49:41,69
PRA ,2020-02-06 18:49:37,69
PRA ,2020-02-06 19:49:42,69
PRA ,2020-02-06 20:49:36,69
PRA ,2020-02-06 21:49:28,69
PRA ,2020-02-06 22:49:38,69
PRA ,2020-02-06 23:49:20,69
PRA ,2020-02-07 00:49:34,69
PRA ,2020-02-07 01:49:40,69
PRA ,2020-02-07 02:49:20,69
PRA ,2020-02-07 03:49:34,69
PRA ,2020-02-07 04:49:29,69
PRA ,2020-02-07 05:49:40,69
PRA ,2020-02-07 06:49:44,69
PRA ,2020-02-07 07:49:38,69
PRA ,2020-02-07 08:49:23,69
PRA ,2020-02-07 09:49:32,69
PRA ,2020-02-07 10:49:11,69
PRA ,2020-02-07 11:49:14,69
PRA ,2020-02-07 12:49:17,69
PRA ,2020-02-07 14:10:39,69
PRA ,2020-02-07 14:50:03,69
PRA ,2020-02-07 15:49:44,69
PRA ,2020-02-07 16:49:44,69
PRA ,2020-02-07 17:49:56,69
PRA ,2020-02-07 18:49:37,69
PRA ,2020-02-07 19:49:39,69
PRA ,2020-02-07 20:49:47,69
PRA ,2020-02-07 21:49:24,69
PRA ,2020-02-07 22:49:36,69
PRA ,2020-02-07 23:49:09,69
PRA ,2020-02-08 00:49:25,69
PRA ,2020-02-08 01:49:22,69
PRA ,2020-02-08 02:49:32,69
PRA ,2020-02-08 03:49:28,69
PRA ,2020-02-08 04:49:38,69
PRA ,2020-02-08 05:49:26,69
PRA ,2020-02-08 06:49:19,69
PRA ,2020-02-08 07:49:24,69
PRA ,2020-02-08 08:49:10,69
PRA ,2020-02-08 09:49:15,69
PRA ,2020-02-08 10:49:00,69
PRA ,2020-02-08 11:49:06,69
PRA ,2020-02-08 12:49:09,69
PRA ,2020-02-08 13:49:02,69
PRA ,2020-02-08 14:49:40,69
PRA ,2020-02-08 15:49:25,69
PRA ,2020-02-08 16:49:33,69
PRA ,2020-02-08 17:49:27,69
PRA ,2020-02-08 18:52:15,69
PRA ,2020-02-08 19:49:15,69
PRA ,2020-02-08 20:49:24,69
PRA ,2020-02-08 21:49:31,69
PRA ,2020-02-08 22:49:37,69
PRA ,2020-02-08 23:49:27,69
PRA ,2020-02-09 00:49:17,69
PRA ,2020-02-09 01:49:26,69
PRA ,2020-02-09 02:49:24,69
PRA ,2020-02-09 03:49:27,69
PRA ,2020-02-09 04:49:18,69
PRA ,2020-02-09 05:49:24,69
PRA ,2020-02-09 06:49:15,69
PRA ,2020-02-09 07:49:18,69
PRA ,2020-02-09 08:49:13,69
PRA ,2020-02-09 09:49:19,69
PRA ,2020-02-09 10:49:22,69
PRA ,2020-02-09 11:49:27,69
PRA ,2020-02-09 12:49:14,69
PRA ,2020-02-09 13:49:17,69
PRA ,2020-02-09 14:49:21,69
PRA ,2020-02-09 15:49:30,69
PRA ,2020-02-09 16:49:19,69
PRA ,2020-02-09 17:49:28,69
PRA ,2020-02-09 18:49:28,69
PRA ,2020-02-09 19:49:28,69
PRA ,2020-02-09 20:49:23,69
PRA ,2020-02-09 21:49:44,69
PRA ,2020-02-09 22:49:24,69
PRA ,2020-02-09 23:50:09,69
PRA ,2020-02-10 00:49:33,69
PRA ,2020-02-10 01:49:38,69
PRA ,2020-02-10 02:49:22,69
PRA ,2020-02-10 03:49:19,69
PRA ,2020-02-10 04:49:29,69
PRA ,2020-02-10 05:49:30,69
PRA ,2020-02-10 06:49:22,69
PRA ,2020-02-10 07:49:23,69
PRA ,2020-02-10 08:49:18,69
PRA ,2020-02-10 09:49:33,69
PRA ,2020-02-10 10:49:13,69
PRA ,2020-02-10 11:49:16,69
PRA ,2020-02-10 12:49:04,69
PRA ,2020-02-10 13:49:18,69
PRA ,2020-02-10 14:49:49,69
PRA ,2020-02-10 15:49:57,69
PRA ,2020-02-10 16:49:42,69
PRA ,2020-02-10 17:49:32,69
PRA ,2020-02-10 18:49:36,69
PRA ,2020-02-10 19:49:40,69
PRA ,2020-02-10 20:49:48,69
PRA ,2020-02-10 21:49:38,68
PRA ,2020-02-10 22:49:30,68
PRA ,2020-02-10 23:49:23,68
PRA ,2020-02-11 00:49:27,68
PRA ,2020-02-11 01:50:00,68
PRA ,2020-02-11 02:49:38,68
PRA ,2020-02-11 03:49:30,68
PRA ,2020-02-11 04:49:33,68
PRA ,2020-02-11 05:49:36,68
PRA ,2020-02-11 06:49:22,68
PRA ,2020-02-11 07:49:23,68
PRA ,2020-02-11 08:49:27,68
PRA ,2020-02-11 09:49:26,68
PRA ,2020-02-11 10:49:07,68
PRA ,2020-02-11 11:49:17,68
PRA ,2020-02-11 12:49:01,68
PRA ,2020-02-11 14:11:05,68
PRA ,2020-02-11 14:50:01,68
PRA ,2020-02-11 15:49:52,67
PRA ,2020-02-11 16:49:49,65
PRA ,2020-02-11 17:49:38,65
PRA ,2020-02-11 18:49:40,64
PRA ,2020-02-11 19:49:32,64
PRA ,2020-02-11 20:49:45,64
PRA ,2020-02-11 21:53:40,64
PRA ,2020-02-11 22:49:54,64
PRA ,2020-02-11 23:49:25,64
PRA ,2020-02-12 00:50:02,64
PRA ,2020-02-12 01:49:38,64
PRA ,2020-02-12 02:50:12,64
PRA ,2020-02-12 03:49:26,64
PRA ,2020-02-12 04:49:40,64
PRA ,2020-02-12 05:49:19,64
PRA ,2020-02-12 06:49:25,64
PRA ,2020-02-12 07:49:12,64
PRA ,2020-02-12 08:49:18,64
PRA ,2020-02-12 09:49:34,64
PRA ,2020-02-12 10:49:16,64
PRA ,2020-02-12 11:49:12,64
PRA ,2020-02-12 12:49:13,64
PRA ,2020-02-12 14:11:06,64
PRA ,2020-02-12 14:49:58,64
PRA ,2020-02-12 15:49:45,63
PRA ,2020-02-12 16:49:39,62
PRA ,2020-02-12 17:49:46,62
PRA ,2020-02-12 18:49:41,62
PRA ,2020-02-12 19:49:32,62
PRA ,2020-02-12 20:49:48,62
PRA ,2020-02-12 21:49:31,62
PRA ,2020-02-12 22:49:00,62
PRA ,2020-02-12 23:48:44,62
PRA ,2020-02-13 00:49:21,62
PRA ,2020-02-13 01:49:11,62
PRA ,2020-02-13 02:49:54,62
PRA ,2020-02-13 03:49:44,62
PRA ,2020-02-13 04:49:32,62
PRA ,2020-02-13 05:49:22,62
PRA ,2020-02-13 06:49:24,62
PRA ,2020-02-13 07:49:07,62
PRA ,2020-02-13 08:49:17,62
PRA ,2020-02-13 09:49:04,62
PRA ,2020-02-13 10:48:46,62
PRA ,2020-02-13 11:49:23,62
PRA ,2020-02-13 12:48:58,62
PRA ,2020-02-13 14:11:03,62
PRA ,2020-02-13 14:49:29,62
PRA ,2020-02-13 15:49:34,62
PRA ,2020-02-13 16:49:33,62
PRA ,2020-02-13 17:49:56,62
PRA ,2020-02-13 18:49:46,62
PRA ,2020-02-13 19:49:38,62
PRA ,2020-02-13 20:49:24,61
PRA ,2020-02-13 21:49:33,61
PRA ,2020-02-13 22:49:09,61
PRA ,2020-02-13 23:49:06,61
PRA ,2020-02-14 00:49:05,61
PRA ,2020-02-14 01:49:28,61
PRA ,2020-02-14 02:49:28,61
PRA ,2020-02-14 03:49:13,61
PRA ,2020-02-14 04:49:23,61
PRA ,2020-02-14 05:49:23,61
PRA ,2020-02-14 06:48:51,61
PRA ,2020-02-14 07:48:46,61
PRA ,2020-02-14 08:49:13,61
PRA ,2020-02-14 09:48:56,61
PRA ,2020-02-14 10:49:01,61
PRA ,2020-02-14 11:48:54,61
PRA ,2020-02-14 12:49:05,61
PRA ,2020-02-14 13:49:09,61
PRA ,2020-02-14 14:49:37,61
PRA ,2020-02-14 15:49:55,61
PRA ,2020-02-14 16:49:14,61
PRA ,2020-02-14 17:49:18,61
PRA ,2020-02-14 18:49:13,61
PRA ,2020-02-14 19:49:17,61
PRA ,2020-02-14 20:49:39,61
PRA ,2020-02-14 21:49:07,61
PRA ,2020-02-14 22:48:57,61
PRA ,2020-02-14 23:49:28,61
PRA ,2020-02-15 00:49:00,61
PRA ,2020-02-15 01:49:14,61
PRA ,2020-02-15 02:49:20,61
PRA ,2020-02-15 03:49:16,61
PRA ,2020-02-15 04:49:08,61
PRA ,2020-02-15 05:48:11,61
PRA ,2020-02-15 06:48:24,62
PRA ,2020-02-15 07:48:12,62
PRA ,2020-02-15 08:48:13,62
PRA ,2020-02-15 09:48:17,62
PRA ,2020-02-15 10:48:06,62
PRA ,2020-02-15 11:48:12,62
PRA ,2020-02-15 12:48:21,62
PRA ,2020-02-15 13:48:11,62
PRA ,2020-02-15 14:48:17,62
PRA ,2020-02-15 15:48:14,62
PRA ,2020-02-15 16:48:09,62
PRA ,2020-02-15 17:48:09,62
PRA ,2020-02-15 18:48:36,62
PRA ,2020-02-15 19:48:08,62
PRA ,2020-02-15 20:48:13,62
PRA ,2020-02-15 21:48:10,62
PRA ,2020-02-15 22:48:11,62
PRA ,2020-02-15 23:48:11,62
PRA ,2020-02-16 00:48:11,62
PRA ,2020-02-16 01:48:11,62
PRA ,2020-02-16 02:48:12,62
PRA ,2020-02-16 03:48:12,62
PRA ,2020-02-16 04:48:15,62
PRA ,2020-02-16 05:48:13,62
PRA ,2020-02-16 06:48:09,62
PRA ,2020-02-16 07:48:10,62
PRA ,2020-02-16 08:48:09,62
PRA ,2020-02-16 09:48:15,62
PRA ,2020-02-16 10:48:08,62
PRA ,2020-02-16 11:48:09,62
PRA ,2020-02-16 12:48:14,62
PRA ,2020-02-16 13:48:10,62
PRA ,2020-02-16 14:48:16,62
PRA ,2020-02-16 15:48:35,62
PRA ,2020-02-16 16:48:24,62
PRA ,2020-02-16 17:48:11,62
PRA ,2020-02-16 18:48:14,62
PRA ,2020-02-16 19:48:11,62
PRA ,2020-02-16 20:48:11,62
PRA ,2020-02-16 21:48:11,62
PRA ,2020-02-16 22:48:12,62
PRA ,2020-02-16 23:48:13,62
PRA ,2020-02-17 00:48:09,62
PRA ,2020-02-17 01:48:09,62
PRA ,2020-02-17 02:48:15,62
PRA ,2020-02-17 03:48:13,62
PRA ,2020-02-17 04:48:11,62
PRA ,2020-02-17 05:48:11,62
PRA ,2020-02-17 06:48:14,62
PRA ,2020-02-17 07:48:07,62
PRA ,2020-02-17 08:48:13,62
PRA ,2020-02-17 09:48:15,62
PRA ,2020-02-17 10:48:10,62
PRA ,2020-02-17 11:48:06,62
PRA ,2020-02-17 12:48:26,62
PRA ,2020-02-17 13:48:07,62
PRA ,2020-02-17 14:48:04,62
PRA ,2020-02-17 15:48:10,62
PRA ,2020-02-17 16:48:29,62
PRA ,2020-02-17 17:48:08,62
PRA ,2020-02-17 18:48:12,62
PRA ,2020-02-17 19:48:06,62
PRA ,2020-02-17 20:48:07,62
PRA ,2020-02-17 22:48:29,62
PRA ,2020-02-17 23:48:35,62
PRA ,2020-02-18 00:48:06,62
PRA ,2020-02-18 01:48:10,62
PRA ,2020-02-18 02:48:17,62
PRA ,2020-02-18 03:48:15,62
PRA ,2020-02-18 04:48:12,62
PRA ,2020-02-18 05:49:05,62
PRA ,2020-02-18 06:48:38,62
PRA ,2020-02-18 07:48:57,62
PRA ,2020-02-18 08:49:08,62
PRA ,2020-02-18 09:49:02,62
PRA ,2020-02-18 10:48:52,62
PRA ,2020-02-18 11:48:50,62
PRA ,2020-02-18 12:49:26,62
PRA ,2020-02-18 14:11:32,62
PRA ,2020-02-18 14:49:42,62
PRA ,2020-02-18 15:49:35,62
PRA ,2020-02-18 16:49:27,62
PRA ,2020-02-18 18:49:25,62
PRA ,2020-02-18 19:49:22,62
PRA ,2020-02-18 20:49:12,62
PRA ,2020-02-18 21:49:05,62
PRA ,2020-02-18 22:48:57,62
PRA ,2020-02-18 23:49:07,62
PRA ,2020-02-19 01:49:06,62
PRA ,2020-02-19 02:49:21,62
PRA ,2020-02-19 03:49:22,62
PRA ,2020-02-19 04:49:14,62
PRA ,2020-02-19 05:48:48,61
PRA ,2020-02-19 06:49:23,61
PRA ,2020-02-19 07:49:05,61
PRA ,2020-02-19 08:48:56,61
PRA ,2020-02-19 09:49:18,61
PRA ,2020-02-19 10:48:44,61
PRA ,2020-02-19 11:48:43,61
PRA ,2020-02-19 12:49:00,61
PRA ,2020-02-19 14:13:03,61
PRA ,2020-02-19 14:49:47,61
PRA ,2020-02-19 15:49:34,61
PRA ,2020-02-19 16:49:09,61
PRA ,2020-02-19 17:49:25,61
PRA ,2020-02-19 18:49:18,61
PRA ,2020-02-19 19:49:06,61
PRA ,2020-02-19 20:49:12,61
PRA ,2020-02-19 21:49:42,61
PRA ,2020-02-19 22:49:15,61
PRA ,2020-02-19 23:49:05,61
PRA ,2020-02-20 00:49:24,61
PRA ,2020-02-20 01:49:23,61
PRA ,2020-02-20 02:49:29,61
PRA ,2020-02-20 03:49:24,61
PRA ,2020-02-20 04:49:23,61
PRA ,2020-02-20 05:49:28,61
PRA ,2020-02-20 06:49:42,61
PRA ,2020-02-20 07:49:36,61
PRA ,2020-02-20 08:49:39,61
PRA ,2020-02-20 09:49:12,61
PRA ,2020-02-20 10:49:13,61
PRA ,2020-02-20 11:49:30,61
PRA ,2020-02-20 12:49:28,61
PRA ,2020-02-20 13:49:37,61
PRA ,2020-02-20 14:48:45,61
PRA ,2020-02-20 15:48:58,61
PRA ,2020-02-20 16:48:42,60
PRA ,2020-02-20 17:49:21,60
PRA ,2020-02-20 18:49:46,60
PRA ,2020-02-20 19:50:15,60
PRA ,2020-02-20 20:49:55,60
PRA ,2020-02-20 21:49:51,60
PRA ,2020-02-20 22:50:01,60
PRA ,2020-02-20 23:49:41,60
PRA ,2020-02-21 01:49:50,60
PRA ,2020-02-21 02:50:08,60
PRA ,2020-02-21 03:50:37,60
PRA ,2020-02-21 04:50:38,60
PRA ,2020-02-21 05:49:57,60
PRA ,2020-02-21 06:49:52,60
PRA ,2020-02-21 07:50:13,60
PRA ,2020-02-21 08:49:48,60
PRA ,2020-02-21 09:50:40,60
PRA ,2020-02-21 10:51:29,60
PRA ,2020-02-21 11:50:37,60
PRA ,2020-02-21 12:50:28,60
PRA ,2020-02-21 13:50:41,60
PRA ,2020-02-21 14:50:39,60
PRA ,2020-02-21 15:51:05,61
PRA ,2020-02-21 16:51:43,61
PRA ,2020-02-21 17:51:27,61
PRA ,2020-02-21 18:50:46,61
PRA ,2020-02-21 19:50:01,59
PRA ,2020-02-21 20:50:00,59
PRA ,2020-02-21 21:50:46,59
PRA ,2020-02-21 22:50:11,59
PRA ,2020-02-21 23:53:01,59
PRA ,2020-02-22 00:51:08,59
PRA ,2020-02-22 01:50:18,59
PRA ,2020-02-22 02:50:16,59
PRA ,2020-02-22 03:51:13,59
PRA ,2020-02-22 04:50:29,59
PRA ,2020-02-22 05:49:32,59
PRA ,2020-02-22 06:48:45,59
PRA ,2020-02-22 07:49:24,59
PRA ,2020-02-22 08:50:12,59
PRA ,2020-02-22 09:48:47,59
PRA ,2020-02-22 10:49:13,59
PRA ,2020-02-22 11:48:47,59
PRA ,2020-02-22 12:49:42,59
PRA ,2020-02-22 13:51:58,59
PRA ,2020-02-22 14:48:48,59
PRA ,2020-02-22 15:49:04,59
PRA ,2020-02-22 16:51:04,59
PRA ,2020-02-22 17:49:53,59
PRA ,2020-02-22 18:48:56,59
PRA ,2020-02-22 19:48:52,59
PRA ,2020-02-22 20:49:40,59
PRA ,2020-02-22 21:51:17,59
PRA ,2020-02-22 22:50:08,59
PRA ,2020-02-22 23:48:49,59
PRA ,2020-02-23 00:49:01,59
PRA ,2020-02-23 01:49:10,59
PRA ,2020-02-23 02:49:28,59
PRA ,2020-02-23 03:48:59,59
PRA ,2020-02-23 04:49:39,59
PRA ,2020-02-23 05:49:40,59
PRA ,2020-02-23 06:49:01,59
PRA ,2020-02-23 07:49:10,59
PRA ,2020-02-23 08:50:10,59
PRA ,2020-02-23 09:48:56,59
PRA ,2020-02-23 10:49:04,59
PRA ,2020-02-23 11:49:08,59
PRA ,2020-02-23 12:49:04,59
PRA ,2020-02-23 13:49:03,59
PRA ,2020-02-23 14:49:46,59
PRA ,2020-02-23 15:49:02,59
PRA ,2020-02-23 16:49:08,59
PRA ,2020-02-23 17:48:48,59
PRA ,2020-02-23 18:49:05,59
PRA ,2020-02-23 19:49:06,59
PRA ,2020-02-23 20:48:59,59
PRA ,2020-02-23 21:49:43,59
PRA ,2020-02-23 22:48:43,59
PRA ,2020-02-23 23:49:09,59
PRA ,2020-02-24 00:49:57,59
PRA ,2020-02-24 01:48:53,59
PRA ,2020-02-24 02:49:53,59
PRA ,2020-02-24 03:49:00,59
PRA ,2020-02-24 04:49:18,59
PRA ,2020-02-24 05:50:54,59
PRA ,2020-02-24 06:49:57,59
PRA ,2020-02-24 07:49:49,59
PRA ,2020-02-24 08:49:56,59
PRA ,2020-02-24 09:59:25,59
PRA ,2020-02-24 10:49:35,59
PRA ,2020-02-24 11:50:39,59
PRA ,2020-02-24 12:49:43,59
PRA ,2020-02-24 13:50:32,59
PRA ,2020-02-24 14:51:30,59
PRA ,2020-02-24 15:50:02,60
PRA ,2020-02-24 16:50:57,60
PRA ,2020-02-24 17:50:14,60
PRA ,2020-02-24 18:50:20,60
PRA ,2020-02-24 19:51:04,60
PRA ,2020-02-24 20:51:10,60
PRA ,2020-02-24 21:50:54,60
PRA ,2020-02-24 22:50:49,60
PRA ,2020-02-24 23:49:44,60
PRA ,2020-02-25 00:49:59,60
PRA ,2020-02-25 01:49:54,60
PRA ,2020-02-25 02:50:28,60
PRA ,2020-02-25 03:50:16,60
PRA ,2020-02-25 04:50:16,60
PRA ,2020-02-25 05:51:24,60
PRA ,2020-02-25 06:50:20,60
PRA ,2020-02-25 07:50:19,60
PRA ,2020-02-25 08:50:28,60
PRA ,2020-02-25 10:00:10,60
PRA ,2020-02-25 10:50:32,60
PRA ,2020-02-25 11:49:53,60
PRA ,2020-02-25 12:50:21,60
PRA ,2020-02-25 14:12:27,60
PRA ,2020-02-25 14:50:23,60
PRA ,2020-02-25 15:50:20,60
PRA ,2020-02-25 16:50:21,60
PRA ,2020-02-25 17:50:11,60
PRA ,2020-02-25 18:50:50,60
PRA ,2020-02-25 19:50:13,59
PRA ,2020-02-25 20:51:07,59
PRA ,2020-02-25 21:51:01,59
PRA ,2020-02-25 22:50:13,59
PRA ,2020-02-25 23:50:10,59
PRA ,2020-02-26 00:50:03,59
PRA ,2020-02-26 01:50:15,59
PRA ,2020-02-26 02:50:25,59
PRA ,2020-02-26 03:50:00,59
PRA ,2020-02-26 04:51:19,59
PRA ,2020-02-26 05:50:53,59
PRA ,2020-02-26 06:50:49,59
PRA ,2020-02-26 07:51:39,59
PRA ,2020-02-26 08:50:39,59
PRA ,2020-02-26 09:50:18,59
PRA ,2020-02-26 10:50:00,59
PRA ,2020-02-26 11:50:32,59
PRA ,2020-02-26 12:49:54,59
PRA ,2020-02-26 13:50:54,59
PRA ,2020-02-26 14:51:30,59
PRA ,2020-02-26 15:51:07,59
PRA ,2020-02-26 16:50:24,59
PRA ,2020-02-26 17:50:16,59
PRA ,2020-02-26 18:50:26,59
PRA ,2020-02-26 19:50:54,59
PRA ,2020-02-26 20:50:52,59
PRA ,2020-02-26 21:50:51,59
PRA ,2020-02-26 22:50:51,59
PRA ,2020-02-26 23:50:53,59
PRA ,2020-02-27 00:50:01,59
PRA ,2020-02-27 01:50:29,59
PRA ,2020-02-27 02:49:52,59
PRA ,2020-02-27 03:51:14,59
PRA ,2020-02-27 04:50:08,59
PRA ,2020-02-27 05:50:09,59
PRA ,2020-02-27 06:50:12,59
PRA ,2020-02-27 07:49:50,59
PRA ,2020-02-27 08:50:37,59
PRA ,2020-02-27 09:50:09,59
PRA ,2020-02-27 10:50:56,59
PRA ,2020-02-27 11:50:25,59
PRA ,2020-02-27 12:50:51,59
PRA ,2020-02-27 14:11:00,59
PRA ,2020-02-27 14:51:43,59
PRA ,2020-02-27 15:50:54,60
PRA ,2020-02-27 16:51:06,59
PRA ,2020-02-27 17:50:31,59
PRA ,2020-02-27 18:50:44,59
PRA ,2020-02-27 19:49:55,59
PRA ,2020-02-27 20:50:30,59
PRA ,2020-02-27 21:50:14,59
PRA ,2020-02-27 22:50:50,59
PRA ,2020-02-27 23:50:11,59
PRA ,2020-02-28 00:51:06,59
PRA ,2020-02-28 01:50:01,59
PRA ,2020-02-28 02:50:04,59
PRA ,2020-02-28 03:50:58,59
PRA ,2020-02-28 04:51:16,59
PRA ,2020-02-28 05:50:59,59
PRA ,2020-02-28 06:50:20,59
PRA ,2020-02-28 07:50:47,59
PRA ,2020-02-28 08:51:14,59
PRA ,2020-02-28 09:51:00,59
PRA ,2020-02-28 10:49:57,59
PRA ,2020-02-28 11:50:19,59
PRA ,2020-02-28 12:50:43,59
PRA ,2020-02-28 14:11:34,59
PRA ,2020-02-28 14:50:29,59
PRA ,2020-02-28 15:50:20,60
PRA ,2020-02-28 16:50:26,60
PRA ,2020-02-28 17:50:23,60
PRA ,2020-02-28 18:50:21,60
PRA ,2020-02-28 19:51:14,60
PRA ,2020-02-28 20:50:08,60
PRA ,2020-02-28 21:50:08,60
PRA ,2020-02-28 22:50:47,60
PRA ,2020-02-28 23:50:06,60
PRA ,2020-02-29 00:50:22,60
PRA ,2020-02-29 01:50:13,60
PRA ,2020-02-29 02:50:07,60
PRA ,2020-02-29 03:49:59,60
PRA ,2020-02-29 04:50:30,60
PRA ,2020-02-29 05:50:02,60
PRA ,2020-02-29 06:49:43,60
PRA ,2020-02-29 07:51:18,60
PRA ,2020-02-29 09:51:17,60
PRA ,2020-02-29 10:48:57,60
PRA ,2020-02-29 11:48:50,60
PRA ,2020-02-29 12:51:21,60
PRA ,2020-02-29 13:51:21,60
PRA ,2020-02-29 14:49:11,60
PRA ,2020-02-29 15:49:09,60
PRA ,2020-02-29 16:49:57,60
PRA ,2020-02-29 17:49:43,60
PRA ,2020-02-29 18:49:06,60
PRA ,2020-02-29 19:49:02,60
PRA ,2020-02-29 20:48:52,60
PRA ,2020-02-29 21:49:28,60
PRA ,2020-02-29 22:52:08,60
PRA ,2020-02-29 23:51:12,60
PRA ,2020-03-01 00:51:16,60
PRA ,2020-03-01 01:51:17,60
PRA ,2020-03-01 02:49:09,60
PRA ,2020-03-01 03:51:14,60
PRA ,2020-03-01 04:49:00,60
PRA ,2020-03-01 05:49:46,60
PRA ,2020-03-01 06:49:04,60
PRA ,2020-03-01 07:49:37,60
PRA ,2020-03-01 08:48:53,60
PRA ,2020-03-01 09:51:16,60
PRA ,2020-03-01 10:51:06,60
PRA ,2020-03-01 11:49:33,60
PRA ,2020-03-01 12:49:46,60
PRA ,2020-03-01 13:48:54,60
PRA ,2020-03-01 14:48:49,60
PRA ,2020-03-01 15:51:23,60
PRA ,2020-03-01 16:49:54,60
PRA ,2020-03-01 17:51:09,60
PRA ,2020-03-01 18:51:23,60
PRA ,2020-03-01 19:51:27,60
PRA ,2020-03-01 20:51:23,60
PRA ,2020-03-01 21:48:59,60
PRA ,2020-03-01 22:49:02,60
PRA ,2020-03-01 23:51:19,60
PRA ,2020-03-02 00:48:46,60
PRA ,2020-03-02 01:49:51,60
PRA ,2020-03-02 02:51:15,60
PRA ,2020-03-02 03:52:09,60
PRA ,2020-03-02 04:49:51,60
PRA ,2020-03-02 05:52:38,60
PRA ,2020-03-02 07:50:06,60
PRA ,2020-03-02 08:52:26,60
PRA ,2020-03-02 09:52:03,60
PRA ,2020-03-02 10:50:31,60
PRA ,2020-03-02 11:50:01,60
PRA ,2020-03-02 12:50:53,60
PRA ,2020-03-02 13:52:30,60
PRA ,2020-03-02 18:50:09,60
PRA ,2020-03-03 00:50:52,60
PRA ,2020-03-03 01:51:15,60
PRA ,2020-03-03 02:50:50,60
PRA ,2020-03-03 03:51:42,60
PRA ,2020-03-03 04:52:34,60
PRA ,2020-03-03 06:53:20,60
PRA ,2020-03-03 07:50:45,60
PRA ,2020-03-03 08:53:15,60
PRA ,2020-03-03 09:53:29,60
PRA ,2020-03-03 10:50:48,60
PRA ,2020-03-03 11:54:10,60
PRA ,2020-03-03 12:50:48,60
PRA ,2020-03-03 13:53:36,60
PRA ,2020-03-03 14:52:40,60
PRA ,2020-03-03 16:54:24,60
PRA ,2020-03-03 17:53:44,60
PRA ,2020-03-03 18:50:10,60
PRA ,2020-03-03 19:50:12,60
PRA ,2020-03-03 20:51:10,60
PRA ,2020-03-03 21:50:53,60
PRA ,2020-03-03 22:54:34,60
PRA ,2020-03-03 23:52:21,60
PRA ,2020-03-04 00:53:14,60
PRA ,2020-03-04 01:52:37,60
PRA ,2020-03-04 02:50:19,60
PRA ,2020-03-04 03:50:50,60
PRA ,2020-03-04 04:53:07,60
PRA ,2020-03-04 05:50:23,60
PRA ,2020-03-04 06:53:14,60
PRA ,2020-03-04 07:50:43,60
PRA ,2020-03-04 08:52:33,60
PRA ,2020-03-04 09:50:39,60
PRA ,2020-03-04 10:49:52,60
PRA ,2020-03-04 11:53:12,60
PRA ,2020-03-04 12:52:55,60
PRA ,2020-03-04 13:52:04,60
PRA ,2020-03-04 14:50:14,60
PRA ,2020-03-04 15:53:29,60
PRA ,2020-03-04 16:50:17,61
PRA ,2020-03-04 17:50:51,61
PRA ,2020-03-04 18:52:31,61
PRA ,2020-03-04 19:57:56,61
PRA ,2020-03-04 20:52:42,61
PRA ,2020-03-04 21:49:59,61
PRA ,2020-03-04 22:52:32,61
PRA ,2020-03-04 23:50:22,61
PRA ,2020-03-05 00:50:36,61
PRA ,2020-03-05 01:50:59,61
PRA ,2020-03-05 02:50:16,61
PRA ,2020-03-05 03:50:21,61
PRA ,2020-03-05 04:50:45,61
PRA ,2020-03-05 05:50:54,61
PRA ,2020-03-05 06:50:29,61
PRA ,2020-03-05 07:50:12,61
PRA ,2020-03-05 08:51:48,61
PRA ,2020-03-05 09:50:53,61
PRA ,2020-03-05 10:50:08,61
PRA ,2020-03-05 11:53:02,61
PRA ,2020-03-05 12:50:47,61
PRA ,2020-03-05 13:50:44,61
PRA ,2020-03-05 14:52:49,61
PRA ,2020-03-05 15:51:00,61
PRA ,2020-03-05 16:52:43,62
PRA ,2020-03-05 17:50:11,61
PRA ,2020-03-05 18:50:28,61
PRA ,2020-03-05 19:50:21,61
PRA ,2020-03-05 20:50:17,61
PRA ,2020-03-05 21:50:07,61
PRA ,2020-03-05 22:52:32,61
PRA ,2020-03-05 23:52:30,61
PRA ,2020-03-06 00:50:10,61
PRA ,2020-03-06 01:50:14,61
PRA ,2020-03-06 02:53:51,61
PRA ,2020-03-06 03:52:35,61
PRA ,2020-03-06 04:52:36,61
PRA ,2020-03-06 05:52:41,61
PRA ,2020-03-06 06:53:15,61
PRA ,2020-03-06 07:52:22,61
PRA ,2020-03-06 08:50:33,61
PRA ,2020-03-06 09:52:43,61
PRA ,2020-03-06 10:50:05,61
PRA ,2020-03-06 11:53:07,61
PRA ,2020-03-06 12:50:19,61
PRA ,2020-03-06 13:49:51,61
PRA ,2020-03-06 14:53:52,61
PRA ,2020-03-06 15:51:09,61
PRA ,2020-03-06 16:51:05,61
PRA ,2020-03-06 17:50:33,61
PRA ,2020-03-06 18:50:05,61
PRA ,2020-03-06 19:50:47,61
PRA ,2020-03-06 20:50:27,61
PRA ,2020-03-06 21:50:04,61
PRA ,2020-03-06 22:50:13,61
PRA ,2020-03-06 23:50:55,61
PRA ,2020-03-07 00:50:00,61
PRA ,2020-03-07 01:50:54,61
PRA ,2020-03-07 02:50:12,61
PRA ,2020-03-07 03:53:09,61
PRA ,2020-03-07 04:53:25,61
PRA ,2020-03-07 05:52:39,61
PRA ,2020-03-07 06:52:31,61
PRA ,2020-03-07 07:50:59,61
PRA ,2020-03-07 08:52:19,61
PRA ,2020-03-07 09:50:26,61
PRA ,2020-03-07 10:50:50,61
PRA ,2020-03-07 11:52:22,61
PRA ,2020-03-07 12:50:50,61
PRA ,2020-03-07 13:49:54,61
PRA ,2020-03-07 14:50:22,61
PRA ,2020-03-07 15:50:00,61
PRA ,2020-03-07 16:50:11,61
PRA ,2020-03-07 17:50:53,61
PRA ,2020-03-07 18:50:25,61
PRA ,2020-03-07 19:50:25,61
PRA ,2020-03-07 20:52:37,61
PRA ,2020-03-07 21:53:28,61
PRA ,2020-03-07 22:52:37,61
PRA ,2020-03-07 23:52:34,61
PRA ,2020-03-08 00:50:16,61
PRA ,2020-03-08 01:50:59,61
PRA ,2020-03-08 02:51:00,61
PRA ,2020-03-08 03:52:45,61
PRA ,2020-03-08 04:52:32,61
PRA ,2020-03-08 05:52:36,61
PRA ,2020-03-08 06:51:31,61
PRA ,2020-03-08 07:52:23,61
PRA ,2020-03-08 08:52:34,61
PRA ,2020-03-08 09:50:52,61
PRA ,2020-03-08 10:52:32,61
PRA ,2020-03-08 11:50:49,61
PRA ,2020-03-08 12:53:12,61
PRA ,2020-03-08 13:53:21,61
PRA ,2020-03-08 14:50:18,61
PRA ,2020-03-08 15:52:36,61
PRA ,2020-03-08 16:50:11,61
PRA ,2020-03-08 17:50:21,61
PRA ,2020-03-08 18:53:34,61
PRA ,2020-03-08 19:51:31,61
PRA ,2020-03-08 20:51:08,61
PRA ,2020-03-08 21:50:05,61
PRA ,2020-03-08 22:52:25,61
PRA ,2020-03-08 23:50:17,61
PRA ,2020-03-09 00:53:07,61
PRA ,2020-03-09 01:50:14,61
PRA ,2020-03-09 02:53:06,61
PRA ,2020-03-09 03:52:50,61
PRA ,2020-03-09 04:52:31,61
PRA ,2020-03-09 05:50:16,61
PRA ,2020-03-09 06:50:05,61
PRA ,2020-03-09 07:50:22,61
PRA ,2020-03-09 08:49:59,61
PRA ,2020-03-09 09:50:37,61
PRA ,2020-03-09 10:52:17,61
PRA ,2020-03-09 11:52:26,61
PRA ,2020-03-09 12:51:32,61
PRA ,2020-03-09 13:49:32,61
PRA ,2020-03-09 14:52:16,61
PRA ,2020-03-09 15:50:42,61
PRA ,2020-03-09 16:50:11,61
PRA ,2020-03-09 17:49:14,61
PRA ,2020-03-09 18:49:28,61
PRA ,2020-03-09 19:50:11,61
PRA ,2020-03-09 20:50:22,61
PRA ,2020-03-09 21:52:30,61
PRA ,2020-03-09 22:52:23,61
PRA ,2020-03-09 23:53:19,61
PRA ,2020-03-10 00:49:57,61
PRA ,2020-03-10 01:52:27,61
PRA ,2020-03-10 02:50:48,61
PRA ,2020-03-10 03:53:09,61
PRA ,2020-03-10 04:50:48,61
PRA ,2020-03-10 06:53:11,61
PRA ,2020-03-10 07:52:57,61
PRA ,2020-03-10 08:50:20,61
PRA ,2020-03-10 09:52:13,61
PRA ,2020-03-10 10:51:58,61
PRA ,2020-03-10 11:52:23,61
PRA ,2020-03-10 12:50:42,61
PRA ,2020-03-10 13:51:15,61
PRA ,2020-03-10 14:53:20,61
PRA ,2020-03-10 15:53:29,61
PRA ,2020-03-10 16:49:57,61
PRA ,2020-03-10 17:52:49,61
PRA ,2020-03-10 18:52:38,61
PRA ,2020-03-10 19:52:48,61
PRA ,2020-03-10 20:55:11,61
PRA ,2020-03-10 21:53:12,61
PRA ,2020-03-10 22:52:26,61
PRA ,2020-03-10 23:50:45,61
PRA ,2020-03-11 00:52:55,61
PRA ,2020-03-11 01:53:03,61
PRA ,2020-03-11 02:53:24,61
PRA ,2020-03-11 03:50:53,61
PRA ,2020-03-11 04:51:01,61
PRA ,2020-03-11 05:53:07,61
PRA ,2020-03-11 06:52:28,61
PRA ,2020-03-11 07:50:05,61
PRA ,2020-03-11 08:50:52,61
PRA ,2020-03-11 09:49:49,61
PRA ,2020-03-11 10:50:06,61
PRA ,2020-03-11 11:52:42,61
PRA ,2020-03-11 12:53:02,61
PRA ,2020-03-11 13:52:41,61
PRA ,2020-03-11 14:51:01,61
PRA ,2020-03-11 15:50:24,61
PRA ,2020-03-11 16:53:14,63
PRA ,2020-03-11 17:50:59,63
PRA ,2020-03-11 18:50:20,63
PRA ,2020-03-11 19:53:26,63
PRA ,2020-03-11 20:53:25,63
PRA ,2020-03-11 21:50:55,63
PRA ,2020-03-11 22:51:03,63
PRA ,2020-03-11 23:51:26,63
PRA ,2020-03-12 00:50:04,63
PRA ,2020-03-12 01:52:45,63
PRA ,2020-03-12 02:50:49,63
PRA ,2020-03-12 03:52:48,63
PRA ,2020-03-12 04:53:17,63
PRA ,2020-03-12 05:51:08,63
PRA ,2020-03-12 06:50:35,63
PRA ,2020-03-12 07:50:50,63
PRA ,2020-03-12 08:52:48,63
PRA ,2020-03-12 09:51:34,63
PRA ,2020-03-12 10:52:33,63
PRA ,2020-03-12 11:52:37,63
PRA ,2020-03-12 12:52:33,63
PRA ,2020-03-12 13:53:36,63
PRA ,2020-03-12 14:50:04,63
PRA ,2020-03-12 15:50:06,63
PRA ,2020-03-12 16:50:25,63
PRA ,2020-03-12 17:50:18,63
PRA ,2020-03-12 18:53:20,63
PRA ,2020-03-12 19:51:10,63
PRA ,2020-03-12 20:50:24,63
PRA ,2020-03-12 21:53:39,63
PRA ,2020-03-12 22:50:11,63
PRA ,2020-03-12 23:53:09,63
PRA ,2020-03-13 00:53:32,63
PRA ,2020-03-13 01:50:08,63
PRA ,2020-03-13 02:52:43,63
PRA ,2020-03-13 03:52:48,63
PRA ,2020-03-13 04:50:53,63
PRA ,2020-03-13 05:51:29,63
PRA ,2020-03-13 06:54:17,63
PRA ,2020-03-13 07:53:52,63
PRA ,2020-03-13 08:53:59,63
PRA ,2020-03-13 09:54:07,63
PRA ,2020-03-13 10:50:54,63
PRA ,2020-03-13 11:52:29,63
PRA ,2020-03-13 13:11:07,63
PRA ,2020-03-13 13:51:38,63
PRA ,2020-03-13 14:51:22,63
PRA ,2020-03-13 15:51:14,63
PRA ,2020-03-13 16:52:55,63
PRA ,2020-03-13 17:52:45,63
PRA ,2020-03-13 18:53:30,63
PRA ,2020-03-13 19:52:53,63
PRA ,2020-03-13 20:50:33,63
PRA ,2020-03-13 21:51:01,63
PRA ,2020-03-13 22:50:18,63
PRA ,2020-03-13 23:52:32,63
PRA ,2020-03-14 00:51:02,63
PRA ,2020-03-14 01:53:19,63
PRA ,2020-03-14 02:52:50,63
PRA ,2020-03-14 03:50:49,63
PRA ,2020-03-14 04:53:27,63
PRA ,2020-03-14 05:52:54,63
PRA ,2020-03-14 06:51:09,63
PRA ,2020-03-14 07:53:20,63
PRA ,2020-03-14 08:52:40,63
PRA ,2020-03-14 09:52:45,63
PRA ,2020-03-14 10:50:38,63
PRA ,2020-03-14 11:50:27,63
PRA ,2020-03-14 12:50:45,63
PRA ,2020-03-14 13:50:16,63
PRA ,2020-03-14 14:52:47,63
PRA ,2020-03-14 15:50:15,63
PRA ,2020-03-14 16:52:35,63
PRA ,2020-03-14 17:50:52,63
PRA ,2020-03-14 18:52:46,63
PRA ,2020-03-14 19:51:06,63
PRA ,2020-03-14 20:53:09,63
PRA ,2020-03-14 21:52:38,63
PRA ,2020-03-14 22:53:29,63
PRA ,2020-03-14 23:52:30,63
PRA ,2020-03-15 00:50:43,63
PRA ,2020-03-15 01:50:55,63
PRA ,2020-03-15 02:53:18,63
PRA ,2020-03-15 03:53:27,63
PRA ,2020-03-15 04:50:25,63
PRA ,2020-03-15 05:53:24,63
PRA ,2020-03-15 06:51:07,63
PRA ,2020-03-15 07:53:31,63
PRA ,2020-03-15 09:04:00,63
PRA ,2020-03-15 09:51:39,63
PRA ,2020-03-15 10:52:20,63
PRA ,2020-03-15 11:53:21,63
PRA ,2020-03-15 12:52:36,63
PRA ,2020-03-15 13:50:25,63
PRA ,2020-03-15 14:51:37,63
PRA ,2020-03-15 15:50:49,63
PRA ,2020-03-15 16:52:33,63
PRA ,2020-03-15 17:51:12,63
PRA ,2020-03-15 18:53:18,63
PRA ,2020-03-15 19:52:44,63
PRA ,2020-03-15 20:51:00,63
PRA ,2020-03-15 21:51:03,63
PRA ,2020-03-15 22:52:46,63
PRA ,2020-03-15 23:52:32,63
PRA ,2020-03-16 00:50:22,63
PRA ,2020-03-16 01:50:22,63
PRA ,2020-03-16 02:50:14,63
PRA ,2020-03-16 03:51:56,63
PRA ,2020-03-16 04:52:42,63
PRA ,2020-03-16 05:53:25,63
PRA ,2020-03-16 06:50:56,63
PRA ,2020-03-16 07:53:17,63
PRA ,2020-03-16 09:02:34,63
PRA ,2020-03-16 09:52:32,63
PRA ,2020-03-16 10:50:56,63
PRA ,2020-03-16 11:52:18,63
PRA ,2020-03-16 13:12:45,63
PRA ,2020-03-16 14:50:52,63
PRA ,2020-03-16 15:52:33,63
PRA ,2020-03-16 16:50:29,63
PRA ,2020-03-16 17:51:07,63
PRA ,2020-03-16 18:50:28,63
PRA ,2020-03-16 19:53:26,63
PRA ,2020-03-16 20:50:13,63
PRA ,2020-03-16 21:51:12,63
PRA ,2020-03-16 22:50:34,63
PRA ,2020-03-16 23:52:56,63
PRA ,2020-03-17 00:52:51,63
PRA ,2020-03-17 01:50:24,63
PRA ,2020-03-17 02:52:45,63
PRA ,2020-03-17 20:14:32,63
PRA ,2020-03-17 20:22:58,63
PRA ,2020-03-17 20:51:08,63
PRA ,2020-03-17 21:50:34,63
PRA ,2020-03-17 22:50:22,63
PRA ,2020-03-17 23:50:46,63
PRA ,2020-03-18 00:51:07,63
PRA ,2020-03-18 01:51:17,63
PRA ,2020-03-18 02:51:12,63
PRA ,2020-03-18 03:51:26,63
PRA ,2020-03-18 04:51:12,63
PRA ,2020-03-18 05:51:31,63
PRA ,2020-03-18 06:50:43,63
PRA ,2020-03-18 07:51:24,63
PRA ,2020-03-18 08:50:00,63
PRA ,2020-03-18 09:50:54,63
PRA ,2020-03-18 10:50:21,63
PRA ,2020-03-18 11:50:24,63
PRA ,2020-03-18 13:12:38,63
PRA ,2020-03-18 13:51:38,63
PRA ,2020-03-18 14:50:50,63
PRA ,2020-03-18 15:50:53,63
PRA ,2020-03-18 16:50:41,63
PRA ,2020-03-18 17:51:26,63
PRA ,2020-03-18 18:50:37,63
PRA ,2020-03-18 19:51:11,63
PRA ,2020-03-18 20:50:35,63
PRA ,2020-03-18 21:50:31,63
PRA ,2020-03-18 22:50:24,63
PRA ,2020-03-18 23:50:58,63
PRA ,2020-03-19 00:50:43,63
PRA ,2020-03-19 01:51:14,63
PRA ,2020-03-19 02:50:26,63
PRA ,2020-03-19 03:50:18,63
PRA ,2020-03-19 04:50:34,63
PRA ,2020-03-19 05:53:31,63
PRA ,2020-03-19 06:50:41,63
PRA ,2020-03-19 07:50:51,63
PRA ,2020-03-19 08:50:27,63
PRA ,2020-03-19 09:51:02,63
PRA ,2020-03-19 10:50:05,63
PRA ,2020-03-19 11:50:18,63
PRA ,2020-03-19 12:50:08,63
PRA ,2020-03-19 13:50:44,63
PRA ,2020-03-19 14:50:45,63
PRA ,2020-03-19 15:50:47,63
PRA ,2020-03-19 16:50:47,63
PRA ,2020-03-19 17:50:41,63
PRA ,2020-03-19 18:50:18,63
PRA ,2020-03-19 19:50:56,63
PRA ,2020-03-19 20:51:26,63
PRA ,2020-03-19 21:51:03,63
PRA ,2020-03-19 22:50:28,63
PRA ,2020-03-19 23:51:50,63
PRA ,2020-03-20 00:50:26,63
PRA ,2020-03-20 01:50:19,63
PRA ,2020-03-20 02:52:01,63
PRA ,2020-03-20 03:50:41,63
PRA ,2020-03-20 04:50:41,63
PRA ,2020-03-20 06:51:09,63
PRA ,2020-03-20 07:50:42,63
PRA ,2020-03-20 08:51:54,63
PRA ,2020-03-20 09:51:07,63
PRA ,2020-03-20 10:50:35,63
PRA ,2020-03-20 11:50:24,63
PRA ,2020-03-20 13:11:32,63
PRA ,2020-03-20 13:51:34,63
PRA ,2020-03-20 14:50:41,63
PRA ,2020-03-20 15:50:31,63
PRA ,2020-03-20 16:50:36,63
PRA ,2020-03-20 17:50:39,64
PRA ,2020-03-20 18:50:25,64
PRA ,2020-03-20 19:50:44,64
PRA ,2020-03-20 20:50:39,64
PRA ,2020-03-20 21:50:19,64
PRA ,2020-03-20 22:51:17,64
PRA ,2020-03-20 23:51:24,64
PRA ,2020-03-21 00:50:47,64
PRA ,2020-03-21 01:50:36,64
PRA ,2020-03-21 02:51:12,64
PRA ,2020-03-21 03:51:17,64
PRA ,2020-03-21 04:50:23,64
PRA ,2020-03-21 05:50:16,64
PRA ,2020-03-21 06:50:31,64
PRA ,2020-03-21 07:50:59,64
PRA ,2020-03-21 09:13:59,64
PRA ,2020-03-21 09:50:30,64
PRA ,2020-03-21 10:50:38,64
PRA ,2020-03-21 11:50:50,64
PRA ,2020-03-21 12:50:18,64
PRA ,2020-03-21 13:50:25,64
PRA ,2020-03-21 14:51:42,64
PRA ,2020-03-21 15:51:11,64
PRA ,2020-03-21 16:50:56,64
PRA ,2020-03-21 17:51:28,64
PRA ,2020-03-21 18:50:37,64
PRA ,2020-03-21 19:50:42,64
PRA ,2020-03-21 20:50:11,64
PRA ,2020-03-21 21:50:44,64
PRA ,2020-03-21 22:50:23,64
PRA ,2020-03-21 23:50:28,64
PRA ,2020-03-22 00:50:16,64
PRA ,2020-03-22 01:51:04,64
PRA ,2020-03-22 02:50:21,64
PRA ,2020-03-22 03:51:35,64
PRA ,2020-03-22 04:50:43,64
PRA ,2020-03-22 05:50:44,64
PRA ,2020-03-22 06:51:12,64
PRA ,2020-03-22 07:51:04,64
PRA ,2020-03-22 09:18:13,64
PRA ,2020-03-22 09:50:31,64
PRA ,2020-03-22 10:51:03,64
PRA ,2020-03-22 11:50:17,64
PRA ,2020-03-22 12:51:02,64
PRA ,2020-03-22 22:00:25,64
PRA ,2020-03-22 22:51:11,64
PRA ,2020-03-22 23:50:36,64
PRA ,2020-03-23 00:52:03,64
PRA ,2020-03-23 01:51:07,64
PRA ,2020-03-23 02:50:21,64
PRA ,2020-03-23 03:50:31,64
PRA ,2020-03-23 04:51:21,64
PRA ,2020-03-23 05:51:06,64
PRA ,2020-03-23 06:50:58,64
PRA ,2020-03-23 07:50:33,64
PRA ,2020-03-23 08:50:36,64
PRA ,2020-03-23 09:51:16,64
PRA ,2020-03-23 10:50:34,64
PRA ,2020-03-23 11:51:08,64
PRA ,2020-03-23 13:11:00,64
PRA ,2020-03-23 13:50:50,64
PRA ,2020-03-23 14:51:14,63
PRA ,2020-03-23 15:50:49,62
PRA ,2020-03-23 16:51:25,62
PRA ,2020-03-23 17:50:40,60
PRA ,2020-03-23 18:50:31,61
PRA ,2020-03-23 19:51:09,61
PRA ,2020-03-23 20:51:09,61
PRA ,2020-03-23 21:50:35,61
PRA ,2020-03-23 22:50:35,61
PRA ,2020-03-23 23:50:36,61
PRA ,2020-03-24 00:50:27,61
PRA ,2020-03-24 01:50:26,61
PRA ,2020-03-24 02:50:16,61
PRA ,2020-03-24 03:50:41,61
PRA ,2020-03-24 04:51:07,61
PRA ,2020-03-24 05:53:23,61
PRA ,2020-03-24 06:51:31,61
PRA ,2020-03-24 07:51:40,61
PRA ,2020-03-24 09:12:31,61
PRA ,2020-03-24 09:50:07,61
PRA ,2020-03-24 10:50:09,61
PRA ,2020-03-24 11:50:15,61
PRA ,2020-03-24 12:49:50,61
PRA ,2020-03-24 13:52:14,61
PRA ,2020-03-24 14:52:36,61
PRA ,2020-03-24 15:51:49,60
PRA ,2020-03-24 16:51:56,60
PRA ,2020-03-24 17:51:21,60
PRA ,2020-03-24 18:51:14,60
PRA ,2020-03-24 19:50:47,60
PRA ,2020-03-24 20:50:24,60
PRA ,2020-03-24 21:50:11,60
PRA ,2020-03-24 22:51:08,60
PRA ,2020-03-24 23:51:00,60
PRA ,2020-03-25 00:50:30,60
PRA ,2020-03-25 01:50:39,60
PRA ,2020-03-25 02:50:24,60
PRA ,2020-03-25 03:50:23,60
PRA ,2020-03-25 04:50:03,60
PRA ,2020-03-25 06:51:31,60
PRA ,2020-03-25 07:50:22,60
PRA ,2020-03-25 09:52:02,60
PRA ,2020-03-25 10:50:30,60
PRA ,2020-03-25 11:51:01,60
PRA ,2020-03-25 12:51:05,60
PRA ,2020-03-25 13:51:38,60
PRA ,2020-03-25 14:51:34,60
PRA ,2020-03-25 15:51:58,60
PRA ,2020-03-25 16:51:30,60
PRA ,2020-03-25 17:52:21,60
PRA ,2020-03-25 18:50:35,60
PRA ,2020-03-25 19:50:38,60
PRA ,2020-03-25 20:50:49,60
PRA ,2020-03-25 21:50:21,60
PRA ,2020-03-25 22:50:24,60
PRA ,2020-03-25 23:50:33,60
PRA ,2020-03-26 02:09:25,60
PRA ,2020-03-26 02:50:33,60
PRA ,2020-03-26 03:51:04,60
PRA ,2020-03-26 04:52:01,60
PRA ,2020-03-26 05:50:47,60
PRA ,2020-03-26 06:50:52,60
PRA ,2020-03-26 07:50:53,60
PRA ,2020-03-26 08:50:24,60
PRA ,2020-03-26 09:51:06,60
PRA ,2020-03-26 10:50:14,60
PRA ,2020-03-26 11:50:37,60
PRA ,2020-03-26 12:50:41,60
PRA ,2020-03-26 13:50:46,60
PRA ,2020-03-26 14:51:02,60
PRA ,2020-03-26 15:50:56,60
PRA ,2020-03-26 16:50:44,60
PRA ,2020-03-26 17:51:12,60
PRA ,2020-03-26 18:50:35,60
PRA ,2020-03-26 19:50:35,60
PRA ,2020-03-26 20:50:39,60
PRA ,2020-03-26 21:50:59,60
PRA ,2020-03-26 22:50:25,60
PRA ,2020-03-26 23:51:18,60
PRA ,2020-03-27 00:50:39,60
PRA ,2020-03-27 01:50:52,60
PRA ,2020-03-27 02:51:11,60
PRA ,2020-03-27 03:50:43,60
PRA ,2020-03-27 04:50:58,60
PRA ,2020-03-27 05:50:36,60
PRA ,2020-03-27 06:51:09,60
PRA ,2020-03-27 07:51:19,60
PRA ,2020-03-27 08:53:53,60
PRA ,2020-03-27 09:51:42,60
PRA ,2020-03-27 10:50:48,60
PRA ,2020-03-27 11:50:24,60
PRA ,2020-03-27 12:50:18,60
PRA ,2020-03-27 13:51:11,60
PRA ,2020-03-27 14:50:35,61
PRA ,2020-03-27 15:50:40,61
PRA ,2020-03-27 16:51:00,62
PRA ,2020-03-27 17:50:38,62
PRA ,2020-03-27 18:51:23,62
PRA ,2020-03-27 19:50:37,62
PRA ,2020-03-27 20:50:35,62
PRA ,2020-03-27 21:51:23,62
PRA ,2020-03-27 22:50:37,62
PRA ,2020-03-27 23:50:54,62
PRA ,2020-03-28 00:51:07,62
PRA ,2020-03-28 01:50:11,62
PRA ,2020-03-28 02:50:20,62
PRA ,2020-03-28 03:50:42,62
PRA ,2020-03-28 04:50:28,62
PRA ,2020-03-28 05:51:53,62
PRA ,2020-03-28 06:50:43,62
PRA ,2020-03-28 07:50:11,62
PRA ,2020-03-28 08:50:28,62
PRA ,2020-03-28 09:50:56,62
PRA ,2020-03-28 10:51:22,62
PRA ,2020-03-28 11:50:28,62
PRA ,2020-03-28 12:51:07,62
PRA ,2020-03-28 13:51:04,62
PRA ,2020-03-28 14:50:35,62
PRA ,2020-03-28 15:50:33,62
PRA ,2020-03-28 16:50:20,62
PRA ,2020-03-28 17:50:38,62
PRA ,2020-03-28 18:50:47,62
PRA ,2020-03-28 19:50:19,62
PRA ,2020-03-28 20:50:36,62
PRA ,2020-03-28 21:50:17,62
PRA ,2020-03-28 22:51:46,62
PRA ,2020-03-28 23:50:40,62
PRA ,2020-03-29 00:50:49,62
PRA ,2020-03-29 01:51:09,62
PRA ,2020-03-29 02:51:48,62
PRA ,2020-03-29 03:51:59,62
PRA ,2020-03-29 04:51:05,62
PRA ,2020-03-29 05:50:49,62
PRA ,2020-03-29 06:52:01,62
PRA ,2020-03-29 07:50:57,62
PRA ,2020-03-29 08:50:37,62
PRA ,2020-03-29 09:50:30,62
PRA ,2020-03-29 10:51:24,62
PRA ,2020-03-29 11:50:37,62
PRA ,2020-03-29 12:50:23,62
PRA ,2020-03-29 13:50:26,62
PRA ,2020-03-29 14:50:24,62
PRA ,2020-03-29 15:50:25,62
PRA ,2020-03-29 16:50:36,62
PRA ,2020-03-29 17:51:06,62
PRA ,2020-03-29 18:50:29,62
PRA ,2020-03-29 19:50:25,62
PRA ,2020-03-29 20:50:24,62
PRA ,2020-03-29 21:51:44,62
PRA ,2020-03-29 22:50:40,62
PRA ,2020-03-29 23:50:44,62
PRA ,2020-03-30 00:50:38,62
PRA ,2020-03-30 01:50:31,62
PRA ,2020-03-30 02:51:25,62
PRA ,2020-03-30 03:50:34,62
PRA ,2020-03-30 04:51:20,62
PRA ,2020-03-30 05:50:23,62
PRA ,2020-03-30 06:50:46,62
PRA ,2020-03-30 07:51:17,62
PRA ,2020-03-30 08:50:25,62
PRA ,2020-03-30 09:50:10,62
PRA ,2020-03-30 10:50:19,62
PRA ,2020-03-30 11:49:56,62
PRA ,2020-03-30 12:50:19,62
PRA ,2020-03-30 13:51:31,62
PRA ,2020-03-30 14:50:32,62
PRA ,2020-03-30 15:51:17,62
PRA ,2020-03-30 16:50:42,62
PRA ,2020-03-30 17:51:08,62
PRA ,2020-03-30 18:50:45,62
PRA ,2020-03-30 19:51:16,62
PRA ,2020-03-30 20:50:31,62
PRA ,2020-03-30 21:51:04,62
PRA ,2020-03-30 22:50:20,62
PRA ,2020-03-30 23:50:18,62
PRA ,2020-03-31 00:50:07,62
PRA ,2020-03-31 01:50:27,62
PRA ,2020-03-31 02:50:23,62
PRA ,2020-03-31 03:50:54,62
PRA ,2020-03-31 04:50:24,62
PRA ,2020-03-31 05:50:30,62
PRA ,2020-03-31 06:50:22,62
PRA ,2020-03-31 07:50:36,62
PRA ,2020-03-31 08:50:31,62
PRA ,2020-03-31 09:50:27,62
PRA ,2020-03-31 10:50:22,62
PRA ,2020-03-31 11:51:06,62
PRA ,2020-03-31 13:10:04,62
PRA ,2020-03-31 13:50:44,62
PRA ,2020-03-31 14:51:37,62
PRA ,2020-03-31 15:50:29,62
PRA ,2020-03-31 16:51:35,62
PRA ,2020-03-31 17:50:39,62
PRA ,2020-03-31 18:51:04,62
PRA ,2020-03-31 19:50:28,62
PRA ,2020-03-31 20:51:11,62
PRA ,2020-03-31 21:50:25,62
PRA ,2020-03-31 22:50:36,62
PRA ,2020-03-31 23:49:47,62
PRA ,2020-04-01 00:49:15,62
PRA ,2020-04-01 01:49:16,62
PRA ,2020-04-01 02:49:11,62
PRA ,2020-04-01 03:49:21,62
PRA ,2020-04-01 04:49:43,62
PRA ,2020-04-01 05:50:05,62
PRA ,2020-04-01 06:49:27,62
PRA ,2020-04-01 07:50:00,62
PRA ,2020-04-01 08:49:12,62
PRA ,2020-04-01 09:49:32,62
PRA ,2020-04-01 10:48:52,62
PRA ,2020-04-01 11:50:23,62
PRA ,2020-04-01 13:13:05,62
PRA ,2020-04-01 13:49:15,62
PRA ,2020-04-01 14:50:25,62
PRA ,2020-04-01 15:49:50,62
PRA ,2020-04-01 16:48:59,62
PRA ,2020-04-01 17:48:56,62
PRA ,2020-04-01 18:49:02,62
PRA ,2020-04-01 19:49:12,62
PRA ,2020-04-01 20:49:17,62
PRA ,2020-04-01 21:49:00,62
PRA ,2020-04-01 22:49:01,62
PRA ,2020-04-01 23:49:59,62
PRA ,2020-04-02 00:49:10,62
PRA ,2020-04-02 01:49:54,62
PRA ,2020-04-02 02:49:08,62
PRA ,2020-04-02 03:49:50,62
PRA ,2020-04-02 04:49:13,62
PRA ,2020-04-02 05:49:23,62
PRA ,2020-04-02 06:48:47,62
PRA ,2020-04-02 07:49:52,62
PRA ,2020-04-02 08:50:44,62
PRA ,2020-04-02 09:49:49,62
PRA ,2020-04-02 10:49:16,62
PRA ,2020-04-02 11:49:05,62
PRA ,2020-04-02 13:14:07,62
PRA ,2020-04-02 13:50:03,62
PRA ,2020-04-02 14:48:58,62
PRA ,2020-04-02 15:49:22,62
PRA ,2020-04-02 16:48:50,62
PRA ,2020-04-02 17:49:01,62
PRA ,2020-04-02 19:49:02,62
PRA ,2020-04-02 20:49:39,62
PRA ,2020-04-02 21:50:32,62
PRA ,2020-04-02 22:50:04,62
PRA ,2020-04-02 23:49:01,62
PRA ,2020-04-03 00:49:22,62
PRA ,2020-04-03 01:49:50,62
PRA ,2020-04-03 02:49:15,62
PRA ,2020-04-03 03:49:03,62
PRA ,2020-04-03 04:49:39,62
PRA ,2020-04-03 05:49:53,62
PRA ,2020-04-03 06:49:10,62
PRA ,2020-04-03 08:49:12,62
PRA ,2020-04-03 09:49:11,62
PRA ,2020-04-03 10:49:48,62
PRA ,2020-04-03 11:49:04,62
PRA ,2020-04-03 13:15:07,62
PRA ,2020-04-03 13:49:23,62
PRA ,2020-04-03 14:49:26,62
PRA ,2020-04-03 15:49:56,62
PRA ,2020-04-03 16:49:52,62
PRA ,2020-04-03 17:49:55,62
PRA ,2020-04-03 18:49:56,62
PRA ,2020-04-03 19:49:05,62
PRA ,2020-04-03 20:49:03,62
PRA ,2020-04-03 21:49:20,62
PRA ,2020-04-03 22:50:25,62
PRA ,2020-04-03 23:49:14,62
PRA ,2020-04-04 00:48:58,62
PRA ,2020-04-04 01:49:47,62
PRA ,2020-04-04 02:49:18,62
PRA ,2020-04-04 03:49:22,62
PRA ,2020-04-04 04:49:35,62
PRA ,2020-04-04 05:49:47,62
PRA ,2020-04-04 06:49:00,62
PRA ,2020-04-04 07:49:59,62
PRA ,2020-04-04 08:49:39,62
PRA ,2020-04-04 09:49:37,62
PRA ,2020-04-04 10:49:10,62
PRA ,2020-04-04 11:49:09,62
PRA ,2020-04-04 12:49:07,62
PRA ,2020-04-04 13:49:04,62
PRA ,2020-04-04 14:49:32,62
PRA ,2020-04-04 15:48:54,62
PRA ,2020-04-04 16:49:10,62
PRA ,2020-04-04 17:49:11,62
PRA ,2020-04-04 18:49:04,62
PRA ,2020-04-04 19:49:08,62
PRA ,2020-04-04 20:48:58,62
PRA ,2020-04-04 21:49:03,62
PRA ,2020-04-04 22:49:58,62
PRA ,2020-04-04 23:49:01,62
PRA ,2020-04-05 00:50:17,62
PRA ,2020-04-05 01:49:47,62
PRA ,2020-04-05 02:48:58,62
PRA ,2020-04-05 03:49:11,62
PRA ,2020-04-05 04:49:47,62
PRA ,2020-04-05 05:49:34,62
PRA ,2020-04-05 06:49:42,62
PRA ,2020-04-05 07:49:12,62
PRA ,2020-04-05 08:49:20,62
PRA ,2020-04-05 09:49:04,62
PRA ,2020-04-05 10:49:57,62
PRA ,2020-04-05 11:49:46,62
PRA ,2020-04-05 12:49:00,62
PRA ,2020-04-05 13:49:53,62
PRA ,2020-04-05 14:49:10,62
PRA ,2020-04-05 15:48:56,62
PRA ,2020-04-05 16:49:49,62
PRA ,2020-04-05 17:48:51,62
PRA ,2020-04-05 18:49:13,62
PRA ,2020-04-05 19:49:00,62
PRA ,2020-04-05 20:49:11,62
PRA ,2020-04-05 21:49:17,62
PRA ,2020-04-05 22:49:41,62
PRA ,2020-04-05 23:49:01,62
PRA ,2020-04-06 00:48:58,62
PRA ,2020-04-06 01:49:15,62
PRA ,2020-04-06 02:49:40,62
PRA ,2020-04-06 03:50:33,62
PRA ,2020-04-06 04:48:45,62
PRA ,2020-04-06 05:49:28,62
PRA ,2020-04-06 06:49:30,62
PRA ,2020-04-06 07:49:08,62
PRA ,2020-04-06 08:49:48,62
PRA ,2020-04-06 09:49:02,62
PRA ,2020-04-06 10:49:28,62
PRA ,2020-04-06 11:48:51,62
PRA ,2020-04-06 12:49:25,62
PRA ,2020-04-06 13:49:13,62
PRA ,2020-04-06 14:49:10,62
PRA ,2020-04-06 15:49:11,62
PRA ,2020-04-06 16:48:59,62
PRA ,2020-04-06 17:48:58,62
PRA ,2020-04-06 18:52:20,62
PRA ,2020-04-06 19:49:46,62
PRA ,2020-04-06 20:49:04,62
PRA ,2020-04-06 21:48:53,62
PRA ,2020-04-06 22:49:11,62
PRA ,2020-04-06 23:49:31,62
PRA ,2020-04-07 00:49:12,62
PRA ,2020-04-07 01:49:27,62
PRA ,2020-04-07 02:49:14,62
PRA ,2020-04-07 03:49:01,62
PRA ,2020-04-07 04:49:04,62
PRA ,2020-04-07 05:48:52,62
PRA ,2020-04-07 06:49:24,62
PRA ,2020-04-07 07:49:12,62
PRA ,2020-04-07 08:49:41,62
PRA ,2020-04-07 09:49:00,62
PRA ,2020-04-07 10:48:45,62
PRA ,2020-04-07 11:48:59,62
PRA ,2020-04-07 12:49:00,62
PRA ,2020-04-07 13:49:08,62
PRA ,2020-04-07 14:48:40,62
PRA ,2020-04-07 15:48:57,62
PRA ,2020-04-07 16:49:17,62
PRA ,2020-04-07 17:48:48,62
PRA ,2020-04-07 18:48:52,62
PRA ,2020-04-07 19:48:51,62
PRA ,2020-04-07 20:49:06,62
PRA ,2020-04-07 21:49:16,62
PRA ,2020-04-07 22:48:56,62
PRA ,2020-04-07 23:49:02,62
PRA ,2020-04-08 00:49:13,62
PRA ,2020-04-08 01:48:53,62
PRA ,2020-04-08 02:48:37,62
PRA ,2020-04-08 03:49:15,62
PRA ,2020-04-08 04:48:45,62
PRA ,2020-04-08 06:49:07,62
PRA ,2020-04-08 07:49:22,62
PRA ,2020-04-08 09:11:28,62
PRA ,2020-04-08 09:49:02,62
PRA ,2020-04-08 10:48:55,62
PRA ,2020-04-08 11:48:50,62
PRA ,2020-04-08 12:48:51,62
PRA ,2020-04-08 13:49:00,62
PRA ,2020-04-08 14:48:45,62
PRA ,2020-04-08 15:49:05,62
PRA ,2020-04-08 16:48:51,62
PRA ,2020-04-08 17:49:23,62
PRA ,2020-04-08 18:48:50,62
PRA ,2020-04-08 19:49:20,62
PRA ,2020-04-08 20:49:02,62
PRA ,2020-04-08 21:48:52,62
PRA ,2020-04-08 22:48:44,62
PRA ,2020-04-08 23:48:58,62
PRA ,2020-04-09 00:48:50,62
PRA ,2020-04-09 02:48:57,62
PRA ,2020-04-09 03:48:50,62
PRA ,2020-04-09 04:49:27,62
PRA ,2020-04-09 05:49:05,62
PRA ,2020-04-09 06:49:32,62
PRA ,2020-04-09 07:48:41,62
PRA ,2020-04-09 08:48:45,62
PRA ,2020-04-09 09:48:42,62
PRA ,2020-04-09 10:48:53,62
PRA ,2020-04-09 11:48:51,62
PRA ,2020-04-09 12:48:47,62
PRA ,2020-04-09 13:49:08,62
PRA ,2020-04-09 14:49:07,62
PRA ,2020-04-09 15:48:33,62
PRA ,2020-04-09 16:48:53,62
PRA ,2020-04-09 17:48:51,62
PRA ,2020-04-09 18:48:31,62
PRA ,2020-04-09 19:49:20,62
PRA ,2020-04-09 20:48:51,62
PRA ,2020-04-09 21:48:48,62
PRA ,2020-04-09 22:48:46,62
PRA ,2020-04-09 23:48:43,62
PRA ,2020-04-10 00:48:52,62
PRA ,2020-04-10 01:48:40,62
PRA ,2020-04-10 02:49:00,62
PRA ,2020-04-10 03:48:53,62
PRA ,2020-04-10 04:48:45,62
PRA ,2020-04-10 05:49:03,62
PRA ,2020-04-10 06:48:44,62
PRA ,2020-04-10 07:48:46,62
PRA ,2020-04-10 08:49:02,62
PRA ,2020-04-10 09:48:48,62
PRA ,2020-04-10 10:48:55,62
PRA ,2020-04-10 11:48:53,62
PRA ,2020-04-10 12:48:50,62
PRA ,2020-04-10 13:48:57,62
PRA ,2020-04-10 14:49:10,62
PRA ,2020-04-10 15:48:52,62
PRA ,2020-04-10 16:48:39,62
PRA ,2020-04-10 17:48:50,62
PRA ,2020-04-10 18:48:50,62
PRA ,2020-04-10 19:48:50,62
PRA ,2020-04-10 20:49:22,62
PRA ,2020-04-10 21:48:24,62
PRA ,2020-04-10 22:48:20,62
PRA ,2020-04-10 23:48:23,62
PRA ,2020-04-11 00:48:31,62
PRA ,2020-04-11 01:48:14,62
PRA ,2020-04-11 02:48:22,62
PRA ,2020-04-11 03:48:22,62
PRA ,2020-04-11 04:48:30,62
PRA ,2020-04-11 05:48:17,62
PRA ,2020-04-11 06:48:23,62
PRA ,2020-04-11 07:48:20,62
PRA ,2020-04-11 08:48:10,62
PRA ,2020-04-11 09:48:12,62
PRA ,2020-04-11 10:48:31,62
PRA ,2020-04-11 11:48:11,62
PRA ,2020-04-11 12:48:20,62
PRA ,2020-04-11 13:48:31,62
PRA ,2020-04-11 14:48:11,62
PRA ,2020-04-11 15:48:33,62
PRA ,2020-04-11 16:48:27,62
PRA ,2020-04-11 17:48:26,62
PRA ,2020-04-11 18:48:25,62
PRA ,2020-04-11 19:48:19,62
PRA ,2020-04-11 20:48:11,62
PRA ,2020-04-11 21:48:20,62
PRA ,2020-04-11 22:48:19,62
PRA ,2020-04-11 23:48:21,62
PRA ,2020-04-12 00:48:31,62
PRA ,2020-04-12 01:48:18,62
PRA ,2020-04-12 02:48:19,62
PRA ,2020-04-12 03:48:14,62
PRA ,2020-04-12 04:48:38,62
PRA ,2020-04-12 05:48:26,62
PRA ,2020-04-12 06:48:25,62
PRA ,2020-04-12 07:48:16,62
PRA ,2020-04-12 08:48:18,62
PRA ,2020-04-12 09:48:24,62
PRA ,2020-04-12 10:48:24,62
PRA ,2020-04-12 11:48:15,62
PRA ,2020-04-12 12:48:21,62
PRA ,2020-04-12 13:48:30,62
PRA ,2020-04-12 14:48:23,62
PRA ,2020-04-12 15:48:21,62
PRA ,2020-04-12 16:48:20,62
PRA ,2020-04-12 17:48:12,62
PRA ,2020-04-12 18:48:26,62
PRA ,2020-04-12 19:48:21,62
PRA ,2020-04-12 20:48:43,62
PRA ,2020-04-12 21:48:28,62
PRA ,2020-04-12 22:48:35,62
PRA ,2020-04-12 23:48:42,62
PRA ,2020-04-13 00:48:56,62
PRA ,2020-04-13 01:48:35,62
PRA ,2020-04-13 02:48:41,62
PRA ,2020-04-13 03:49:03,62
PRA ,2020-04-13 04:48:46,62
PRA ,2020-04-13 05:48:44,62
PRA ,2020-04-13 06:48:22,62
PRA ,2020-04-13 07:48:11,62
PRA ,2020-04-13 08:48:24,62
PRA ,2020-04-13 09:48:18,62
PRA ,2020-04-13 10:48:18,62
PRA ,2020-04-13 11:48:30,62
PRA ,2020-04-13 13:11:58,62
PRA ,2020-04-13 13:48:17,62
PRA ,2020-04-13 14:48:15,63
PRA ,2020-04-13 15:48:19,63
PRA ,2020-04-13 16:48:25,63
PRA ,2020-04-13 17:48:38,63
PRA ,2020-04-13 18:48:12,63
PRA ,2020-04-13 19:48:15,63
PRA ,2020-04-13 20:48:23,63
PRA ,2020-04-13 21:48:28,63
PRA ,2020-04-13 22:48:14,63
PRA ,2020-04-13 23:48:25,63
PRA ,2020-04-14 00:49:00,63
PRA ,2020-04-14 01:48:54,63
PRA ,2020-04-14 02:48:46,63
PRA ,2020-04-14 03:48:47,63
PRA ,2020-04-14 04:48:47,63
PRA ,2020-04-14 05:48:54,63
PRA ,2020-04-14 06:48:32,63
PRA ,2020-04-14 07:48:24,63
PRA ,2020-04-14 08:48:27,63
PRA ,2020-04-14 09:48:25,63
PRA ,2020-04-14 10:48:24,63
PRA ,2020-04-14 11:48:25,63
PRA ,2020-04-14 12:48:21,63
PRA ,2020-04-14 13:48:28,63
PRA ,2020-04-14 14:48:40,63
PRA ,2020-04-14 15:48:42,63
PRA ,2020-04-14 16:48:47,63
PRA ,2020-04-14 17:48:12,63
PRA ,2020-04-14 18:48:50,63
PRA ,2020-04-14 19:48:21,63
PRA ,2020-04-14 20:48:19,64
PRA ,2020-04-14 21:48:23,64
PRA ,2020-04-14 22:48:20,64
PRA ,2020-04-14 23:48:40,64
PRA ,2020-04-15 00:48:39,64
PRA ,2020-04-15 01:48:41,64
PRA ,2020-04-15 02:48:36,64
PRA ,2020-04-15 03:48:37,64
PRA ,2020-04-15 04:48:40,64
PRA ,2020-04-15 05:48:19,64
PRA ,2020-04-15 06:48:16,64
PRA ,2020-04-15 07:48:25,64
PRA ,2020-04-15 08:48:29,64
PRA ,2020-04-15 09:48:24,64
PRA ,2020-04-15 10:48:16,64
PRA ,2020-04-15 11:48:15,64
PRA ,2020-04-15 13:15:02,64
PRA ,2020-04-15 14:48:26,65
PRA ,2020-04-15 15:48:18,65
PRA ,2020-04-15 16:48:37,65
PRA ,2020-04-15 17:48:19,65
PRA ,2020-04-15 18:48:23,65
PRA ,2020-04-15 19:48:35,65
PRA ,2020-04-15 20:48:21,65
PRA ,2020-04-15 21:48:32,65
PRA ,2020-04-15 22:48:33,65
PRA ,2020-04-15 23:48:36,65
PRA ,2020-04-16 00:48:43,65
PRA ,2020-04-16 01:48:49,65
PRA ,2020-04-16 02:48:53,65
PRA ,2020-04-16 03:48:53,65
PRA ,2020-04-16 04:48:55,65
PRA ,2020-04-16 05:48:31,65
PRA ,2020-04-16 06:48:46,65
PRA ,2020-04-16 07:48:28,65
PRA ,2020-04-16 08:48:27,65
PRA ,2020-04-16 09:48:19,65
PRA ,2020-04-16 10:48:27,65
PRA ,2020-04-16 11:48:27,65
PRA ,2020-04-16 12:48:26,65
PRA ,2020-04-16 13:48:27,65
PRA ,2020-04-16 14:48:22,65
PRA ,2020-04-16 15:48:52,65
PRA ,2020-04-16 16:48:53,65
PRA ,2020-04-16 17:48:29,65
PRA ,2020-04-16 18:48:48,65
PRA ,2020-04-16 19:48:22,65
PRA ,2020-04-16 20:48:31,66
PRA ,2020-04-16 21:48:55,66
PRA ,2020-04-16 22:48:29,66
PRA ,2020-04-16 23:48:55,66
PRA ,2020-04-17 00:48:44,66
PRA ,2020-04-17 01:48:44,66
PRA ,2020-04-17 02:48:53,66
PRA ,2020-04-17 03:48:35,66
PRA ,2020-04-17 04:48:29,66
PRA ,2020-04-17 05:48:34,66
PRA ,2020-04-17 06:48:34,66
PRA ,2020-04-17 07:48:49,66
PRA ,2020-04-17 08:48:32,66
PRA ,2020-04-17 09:48:27,66
PRA ,2020-04-17 10:48:31,66
PRA ,2020-04-17 11:48:18,66
PRA ,2020-04-17 13:12:01,66
PRA ,2020-04-17 13:48:47,66
PRA ,2020-04-17 14:48:30,67
PRA ,2020-04-17 15:48:36,66
PRA ,2020-04-17 16:48:17,66
PRA ,2020-04-17 17:48:26,66
PRA ,2020-04-17 18:48:52,66
PRA ,2020-04-17 19:48:44,66
PRA ,2020-04-17 20:48:52,66
PRA ,2020-04-17 21:48:47,66
PRA ,2020-04-17 22:48:37,66
PRA ,2020-04-17 23:48:48,66
PRA ,2020-04-18 00:48:46,66
PRA ,2020-04-18 01:48:41,66
PRA ,2020-04-18 02:48:36,66
PRA ,2020-04-18 03:48:37,66
PRA ,2020-04-18 04:48:51,66
PRA ,2020-04-18 05:48:49,66
PRA ,2020-04-18 06:48:28,66
PRA ,2020-04-18 07:48:21,66
PRA ,2020-04-18 08:48:48,66
PRA ,2020-04-18 09:48:13,66
PRA ,2020-04-18 10:48:26,66
PRA ,2020-04-18 11:48:31,66
PRA ,2020-04-18 12:48:14,66
PRA ,2020-04-18 13:48:41,66
PRA ,2020-04-18 14:48:24,66
PRA ,2020-04-18 15:48:33,66
PRA ,2020-04-18 16:48:14,66
PRA ,2020-04-18 17:48:32,66
PRA ,2020-04-18 18:48:31,66
PRA ,2020-04-18 19:48:24,66
PRA ,2020-04-18 20:48:32,66
PRA ,2020-04-18 21:48:23,66
PRA ,2020-04-18 22:48:39,66
PRA ,2020-04-18 23:48:58,66
PRA ,2020-04-19 00:48:57,66
PRA ,2020-04-19 01:49:16,66
PRA ,2020-04-19 02:48:49,66
PRA ,2020-04-19 03:48:52,66
PRA ,2020-04-19 04:49:17,66
PRA ,2020-04-19 05:48:43,66
PRA ,2020-04-19 06:48:50,66
PRA ,2020-04-19 07:48:40,66
PRA ,2020-04-19 08:48:28,66
PRA ,2020-04-19 09:48:26,66
PRA ,2020-04-19 10:48:26,66
PRA ,2020-04-19 11:48:15,66
PRA ,2020-04-19 12:48:19,66
PRA ,2020-04-19 13:48:46,66
PRA ,2020-04-19 14:48:16,66
PRA ,2020-04-19 15:48:35,66
PRA ,2020-04-19 16:48:33,66
PRA ,2020-04-19 17:48:57,66
PRA ,2020-04-19 18:48:29,66
PRA ,2020-04-19 19:48:25,66
PRA ,2020-04-19 20:48:17,66
PRA ,2020-04-19 21:49:07,66
PRA ,2020-04-19 22:48:56,66
PRA ,2020-04-19 23:48:44,66
PRA ,2020-04-20 00:49:07,66
PRA ,2020-04-20 01:48:56,66
PRA ,2020-04-20 02:49:11,66
PRA ,2020-04-20 03:49:11,66
PRA ,2020-04-20 04:48:47,66
PRA ,2020-04-20 05:49:07,66
PRA ,2020-04-20 06:48:50,66
PRA ,2020-04-20 07:48:25,66
PRA ,2020-04-20 08:48:22,66
PRA ,2020-04-20 09:48:24,66
PRA ,2020-04-20 10:48:23,66
PRA ,2020-04-20 11:48:22,66
PRA ,2020-04-20 12:48:24,66
PRA ,2020-04-20 13:48:21,66
PRA ,2020-04-20 14:48:59,67
PRA ,2020-04-20 15:48:30,67
PRA ,2020-04-20 16:48:39,67
PRA ,2020-04-20 17:48:37,68
PRA ,2020-04-20 18:48:49,68
PRA ,2020-04-20 20:49:41,68
PRA ,2020-04-20 21:49:23,68
PRA ,2020-04-20 22:49:50,68
PRA ,2020-04-20 23:48:50,68
PRA ,2020-04-21 00:49:06,68
PRA ,2020-04-21 01:48:53,68
PRA ,2020-04-21 02:48:49,68
PRA ,2020-04-21 03:50:57,68
PRA ,2020-04-21 04:51:30,68
PRA ,2020-04-21 05:51:32,68
PRA ,2020-04-21 06:48:52,68
PRA ,2020-04-21 07:48:38,68
PRA ,2020-04-21 08:48:33,68
PRA ,2020-04-21 09:48:29,68
PRA ,2020-04-21 10:48:28,68
PRA ,2020-04-21 11:48:27,68
PRA ,2020-04-21 12:48:29,68
PRA ,2020-04-21 13:49:03,68
PRA ,2020-04-21 14:48:51,69
PRA ,2020-04-21 15:48:14,69
PRA ,2020-04-21 16:48:14,68
PRA ,2020-04-21 17:48:50,68
PRA ,2020-04-21 18:48:14,68
PRA ,2020-04-21 19:48:24,68
PRA ,2020-04-21 20:48:58,68
PRA ,2020-04-21 21:49:04,68
PRA ,2020-04-21 22:48:57,68
PRA ,2020-04-21 23:48:22,68
PRA ,2020-04-22 00:48:43,68
PRA ,2020-04-22 01:48:56,68
PRA ,2020-04-22 02:49:00,68
PRA ,2020-04-22 03:48:43,68
PRA ,2020-04-22 04:48:21,68
PRA ,2020-04-22 05:48:25,68
PRA ,2020-04-22 06:48:49,68
PRA ,2020-04-22 07:48:38,68
PRA ,2020-04-22 08:48:17,68
PRA ,2020-04-22 09:48:32,68
PRA ,2020-04-22 10:49:04,68
PRA ,2020-04-22 11:48:17,68
PRA ,2020-04-22 12:48:25,68
PRA ,2020-04-22 13:48:14,68
PRA ,2020-04-22 14:48:45,69
PRA ,2020-04-22 15:48:21,69
PRA ,2020-04-22 16:48:55,69
PRA ,2020-04-22 17:49:06,69
PRA ,2020-04-22 18:48:46,69
PRA ,2020-04-22 19:48:24,69
PRA ,2020-04-22 20:48:32,69
PRA ,2020-04-22 21:48:50,69
PRA ,2020-04-22 22:48:42,69
PRA ,2020-04-22 23:48:49,69
PRA ,2020-04-23 00:48:23,69
PRA ,2020-04-23 01:48:45,69
PRA ,2020-04-23 02:48:54,69
PRA ,2020-04-23 03:48:53,69
PRA ,2020-04-23 04:48:39,69
PRA ,2020-04-23 05:48:15,69
PRA ,2020-04-23 06:48:25,69
PRA ,2020-04-23 07:48:31,69
PRA ,2020-04-23 08:48:24,69
PRA ,2020-04-23 09:48:12,69
PRA ,2020-04-23 10:48:23,69
PRA ,2020-04-23 11:48:39,69
PRA ,2020-04-23 12:48:16,69
PRA ,2020-04-23 13:48:15,69
PRA ,2020-04-23 14:48:18,69
PRA ,2020-04-23 15:48:24,69
PRA ,2020-04-23 16:48:49,69
PRA ,2020-04-23 17:48:16,69
PRA ,2020-04-23 18:48:31,69
PRA ,2020-04-23 19:48:17,69
PRA ,2020-04-23 20:48:56,69
PRA ,2020-04-23 21:48:28,69
PRA ,2020-04-23 22:48:22,69
PRA ,2020-04-23 23:48:32,69
PRA ,2020-04-24 00:48:44,69
PRA ,2020-04-24 01:49:16,69
PRA ,2020-04-24 02:48:13,69
PRA ,2020-04-24 03:48:57,69
PRA ,2020-04-24 04:48:40,69
PRA ,2020-04-24 05:48:18,69
PRA ,2020-04-24 06:48:20,69
PRA ,2020-04-24 07:48:13,69
PRA ,2020-04-24 08:48:34,69
PRA ,2020-04-24 09:48:23,69
PRA ,2020-04-24 10:48:21,69
PRA ,2020-04-24 11:48:13,69
PRA ,2020-04-24 13:13:04,69
PRA ,2020-04-24 13:48:51,69
PRA ,2020-04-24 14:48:31,69
PRA ,2020-04-24 15:48:21,69
PRA ,2020-04-24 16:48:23,69
PRA ,2020-04-24 17:48:29,69
PRA ,2020-04-24 18:49:32,69
PRA ,2020-04-24 19:48:23,69
PRA ,2020-04-24 20:48:32,69
PRA ,2020-04-24 21:49:04,69
PRA ,2020-04-24 22:49:05,69
PRA ,2020-04-24 23:48:33,69
PRA ,2020-04-25 00:48:56,69
PRA ,2020-04-25 01:48:59,69
PRA ,2020-04-25 02:48:52,69
PRA ,2020-04-25 03:48:57,69
PRA ,2020-04-25 04:48:54,69
PRA ,2020-04-25 05:49:06,69
PRA ,2020-04-25 06:48:35,69
PRA ,2020-04-25 07:48:24,69
PRA ,2020-04-25 08:48:35,69
PRA ,2020-04-25 09:48:29,69
PRA ,2020-04-25 10:48:18,69
PRA ,2020-04-25 11:48:27,69
PRA ,2020-04-25 12:48:24,69
PRA ,2020-04-25 13:48:43,69
PRA ,2020-04-25 14:48:29,69
PRA ,2020-04-25 15:48:35,69
PRA ,2020-04-25 16:48:41,69
PRA ,2020-04-25 17:48:37,69
PRA ,2020-04-25 18:48:23,69
PRA ,2020-04-25 19:48:36,69
PRA ,2020-04-25 20:48:26,69
PRA ,2020-04-25 21:48:24,69
PRA ,2020-04-25 22:48:31,69
PRA ,2020-04-25 23:48:34,69
PRA ,2020-04-26 00:48:29,69
PRA ,2020-04-26 01:48:51,69
PRA ,2020-04-26 02:48:48,69
PRA ,2020-04-26 03:48:59,69
PRA ,2020-04-26 04:48:21,69
PRA ,2020-04-26 05:49:05,69
PRA ,2020-04-26 06:48:38,69
PRA ,2020-04-26 07:48:31,69
PRA ,2020-04-26 08:48:27,69
PRA ,2020-04-26 09:48:27,69
PRA ,2020-04-26 10:48:20,69
PRA ,2020-04-26 11:48:33,69
PRA ,2020-04-26 12:48:28,69
PRA ,2020-04-26 13:48:17,69
PRA ,2020-04-26 14:48:22,69
PRA ,2020-04-26 15:48:32,69
PRA ,2020-04-26 16:48:29,69
PRA ,2020-04-26 17:48:27,69
PRA ,2020-04-26 18:48:26,69
PRA ,2020-04-26 19:48:18,69
PRA ,2020-04-26 20:48:23,69
PRA ,2020-04-26 21:48:35,69
PRA ,2020-04-26 22:48:47,69
PRA ,2020-04-26 23:49:09,69
PRA ,2020-04-27 00:49:07,69
PRA ,2020-04-27 01:49:06,69
PRA ,2020-04-27 02:48:55,69
PRA ,2020-04-27 03:48:58,69
PRA ,2020-04-27 04:49:01,69
PRA ,2020-04-27 05:48:36,69
PRA ,2020-04-27 06:48:33,69
PRA ,2020-04-27 07:48:21,69
PRA ,2020-04-27 08:48:33,69
PRA ,2020-04-27 09:48:34,69
PRA ,2020-04-27 10:48:35,69
PRA ,2020-04-27 11:48:13,69
PRA ,2020-04-27 12:48:26,69
PRA ,2020-04-27 13:49:09,69
PRA ,2020-04-27 14:48:37,68
PRA ,2020-04-27 15:48:30,68
PRA ,2020-04-27 16:48:15,68
PRA ,2020-04-27 17:48:30,68
PRA ,2020-04-27 18:48:24,68
PRA ,2020-04-27 19:48:23,68
PRA ,2020-04-27 20:48:24,68
PRA ,2020-04-27 21:48:38,68
PRA ,2020-04-27 22:48:22,68
PRA ,2020-04-27 23:48:51,68
PRA ,2020-04-28 00:49:35,68
PRA ,2020-04-28 01:48:33,68
PRA ,2020-04-28 02:49:08,68
PRA ,2020-04-28 03:49:03,68
PRA ,2020-04-28 04:48:55,68
PRA ,2020-04-28 05:48:27,68
PRA ,2020-04-28 06:48:24,68
PRA ,2020-04-28 07:49:04,68
PRA ,2020-04-28 08:48:53,68
PRA ,2020-04-28 09:48:31,68
PRA ,2020-04-28 10:48:15,68
PRA ,2020-04-28 11:48:31,68
PRA ,2020-04-28 12:48:33,68
PRA ,2020-04-28 13:48:27,68
PRA ,2020-04-28 14:49:07,68
PRA ,2020-04-28 15:48:57,67
PRA ,2020-04-28 16:48:20,67
PRA ,2020-04-28 17:48:26,67
PRA ,2020-04-28 18:48:25,67
PRA ,2020-04-28 19:48:24,67
PRA ,2020-04-28 20:48:27,67
PRA ,2020-04-28 21:48:33,67
PRA ,2020-04-28 22:48:16,67
PRA ,2020-04-28 23:48:38,67
PRA ,2020-04-29 00:49:11,67
PRA ,2020-04-29 01:49:11,67
PRA ,2020-04-29 02:49:02,67
PRA ,2020-04-29 03:48:24,67
PRA ,2020-04-29 04:48:30,67
PRA ,2020-04-29 05:48:19,67
PRA ,2020-04-29 06:48:34,67
PRA ,2020-04-29 07:48:32,67
PRA ,2020-04-29 08:48:29,67
PRA ,2020-04-29 09:48:51,67
PRA ,2020-04-29 10:48:31,67
PRA ,2020-04-29 11:48:13,67
PRA ,2020-04-29 13:10:56,66
PRA ,2020-04-29 13:48:33,66
PRA ,2020-04-29 14:48:19,66
PRA ,2020-04-29 15:48:17,66
PRA ,2020-04-29 16:48:34,66
PRA ,2020-04-29 17:48:37,66
PRA ,2020-04-29 18:49:04,66
PRA ,2020-04-29 19:49:08,66
PRA ,2020-04-29 20:48:27,66
PRA ,2020-04-29 21:49:02,66
PRA ,2020-04-29 22:49:06,66
PRA ,2020-04-29 23:48:41,66
PRA ,2020-04-30 00:49:04,66
PRA ,2020-04-30 01:49:08,66
PRA ,2020-04-30 02:49:47,66
PRA ,2020-04-30 03:49:36,66
PRA ,2020-04-30 04:48:51,66
PRA ,2020-04-30 05:48:43,66
PRA ,2020-04-30 06:48:31,66
PRA ,2020-04-30 07:48:29,66
PRA ,2020-04-30 08:48:33,66
PRA ,2020-04-30 09:48:26,66
PRA ,2020-04-30 10:48:15,66
PRA ,2020-04-30 11:48:49,66
PRA ,2020-04-30 12:48:22,66
PRA ,2020-04-30 13:48:24,66
PRA ,2020-04-30 14:48:51,67
PRA ,2020-04-30 15:48:27,67
PRA ,2020-04-30 16:48:23,67
PRA ,2020-04-30 17:52:12,67
PRA ,2020-04-30 18:48:41,67
PRA ,2020-04-30 20:48:28,69
PRA ,2020-04-30 21:48:33,69
PRA ,2020-04-30 22:48:38,69
PRA ,2020-04-30 23:48:30,69
PRA ,2020-05-01 00:49:09,69
PRA ,2020-05-01 01:49:03,69
PRA ,2020-05-01 02:48:29,69
PRA ,2020-05-01 03:48:20,69
PRA ,2020-05-01 04:48:34,69
PRA ,2020-05-01 05:48:41,69
PRA ,2020-05-01 06:48:34,69
PRA ,2020-05-01 07:48:35,69
PRA ,2020-05-01 08:48:28,69
PRA ,2020-05-01 09:48:31,69
PRA ,2020-05-01 10:48:24,69
PRA ,2020-05-01 11:48:24,69
PRA ,2020-05-01 13:12:01,69
PRA ,2020-05-01 13:49:14,69
PRA ,2020-05-01 14:48:21,69
PRA ,2020-05-01 15:48:21,69
PRA ,2020-05-01 16:48:21,69
PRA ,2020-05-01 17:48:21,69
PRA ,2020-05-01 18:48:21,69
PRA ,2020-05-01 19:48:35,70
PRA ,2020-05-01 20:48:29,70
PRA ,2020-05-01 21:48:55,70
PRA ,2020-05-01 22:48:23,70
PRA ,2020-05-01 23:48:22,70
PRA ,2020-05-02 00:48:24,70
PRA ,2020-05-02 01:48:47,70
PRA ,2020-05-02 02:48:37,70
PRA ,2020-05-02 03:48:51,70
PRA ,2020-05-02 04:48:29,70
PRA ,2020-05-02 05:48:46,70
PRA ,2020-05-02 06:48:31,70
PRA ,2020-05-02 07:48:38,70
PRA ,2020-05-02 08:48:34,70
PRA ,2020-05-02 09:48:28,70
PRA ,2020-05-02 10:48:19,70
PRA ,2020-05-02 11:48:31,70
PRA ,2020-05-02 12:48:18,70
PRA ,2020-05-02 13:48:32,70
PRA ,2020-05-02 14:48:31,70
PRA ,2020-05-02 15:48:40,70
PRA ,2020-05-02 16:48:31,70
PRA ,2020-05-02 17:48:28,70
PRA ,2020-05-02 18:48:41,70
PRA ,2020-05-02 19:48:32,70
PRA ,2020-05-02 20:48:46,70
PRA ,2020-05-02 21:48:31,70
PRA ,2020-05-02 22:48:17,70
PRA ,2020-05-02 23:48:56,70
PRA ,2020-05-03 00:48:30,70
PRA ,2020-05-03 01:48:59,70
PRA ,2020-05-03 02:48:55,70
PRA ,2020-05-03 03:48:55,70
PRA ,2020-05-03 04:48:41,70
PRA ,2020-05-03 05:48:25,70
PRA ,2020-05-03 06:48:27,70
PRA ,2020-05-03 07:48:35,70
PRA ,2020-05-03 08:48:30,70
PRA ,2020-05-03 09:49:12,70
PRA ,2020-05-03 10:48:32,70
PRA ,2020-05-03 11:48:30,70
PRA ,2020-05-03 12:48:27,70
PRA ,2020-05-03 13:48:31,70
PRA ,2020-05-03 14:48:37,70
PRA ,2020-05-03 15:48:33,70
PRA ,2020-05-03 16:49:00,70
PRA ,2020-05-03 17:49:08,70
PRA ,2020-05-03 18:48:21,70
PRA ,2020-05-03 19:49:33,70
PRA ,2020-05-03 20:49:03,70
PRA ,2020-05-03 21:48:53,70
PRA ,2020-05-03 22:49:01,70
PRA ,2020-05-03 23:49:04,70
PRA ,2020-05-04 00:48:58,70
PRA ,2020-05-04 01:49:00,70
PRA ,2020-05-04 02:49:01,70
PRA ,2020-05-04 03:49:02,70
PRA ,2020-05-04 04:48:27,70
PRA ,2020-05-04 05:48:29,70
PRA ,2020-05-04 06:48:40,70
PRA ,2020-05-04 09:34:34,70
PRA ,2020-05-04 10:52:05,70
PRA ,2020-05-04 10:59:49,70
PRA ,2020-05-04 11:07:24,70
PRA ,2020-05-04 11:48:42,70
PRA ,2020-05-04 13:11:06,70
PRA ,2020-05-04 13:48:27,70
PRA ,2020-05-04 14:48:37,70
PRA ,2020-05-04 15:48:28,71
PRA ,2020-05-04 16:48:31,71
PRA ,2020-05-04 17:48:28,70
PRA ,2020-05-04 18:49:14,70
PRA ,2020-05-04 19:49:01,70
PRA ,2020-05-04 20:48:57,70
PRA ,2020-05-04 21:48:59,70
PRA ,2020-05-04 22:48:21,70
PRA ,2020-05-04 23:48:25,70
PRA ,2020-05-05 00:48:20,70
PRA ,2020-05-05 01:48:51,70
PRA ,2020-05-05 02:48:18,70
PRA ,2020-05-05 03:49:08,70
PRA ,2020-05-05 04:48:30,70
PRA ,2020-05-05 05:48:29,70
PRA ,2020-05-05 06:48:32,70
PRA ,2020-05-05 07:48:41,70
PRA ,2020-05-05 08:48:55,70
PRA ,2020-05-05 09:48:19,70
PRA ,2020-05-05 10:48:18,70
PRA ,2020-05-05 11:48:52,70
PRA ,2020-05-05 12:48:38,70
PRA ,2020-05-05 13:48:32,70
PRA ,2020-05-05 14:48:31,71
PRA ,2020-05-05 15:48:27,71
PRA ,2020-05-05 16:48:37,71
PRA ,2020-05-05 17:48:25,71
PRA ,2020-05-05 18:48:20,71
PRA ,2020-05-05 19:49:06,71
PRA ,2020-05-05 20:48:37,71
PRA ,2020-05-05 21:48:15,71
PRA ,2020-05-05 22:48:18,71
PRA ,2020-05-05 23:49:02,71
PRA ,2020-05-06 00:48:34,71
PRA ,2020-05-06 01:48:36,71
PRA ,2020-05-06 02:48:26,71
PRA ,2020-05-06 03:48:16,71
PRA ,2020-05-06 04:48:34,71
PRA ,2020-05-06 05:48:29,71
PRA ,2020-05-06 06:48:18,71
PRA ,2020-05-06 17:48:59,73
PRA ,2020-05-06 18:49:08,73
PRA ,2020-05-06 19:48:22,73
PRA ,2020-05-06 20:48:56,73
PRA ,2020-05-06 21:48:59,73
PRA ,2020-05-06 22:49:06,73
PRA ,2020-05-06 23:49:09,73
PRA ,2020-05-07 00:48:34,73
PRA ,2020-05-07 01:48:39,73
PRA ,2020-05-07 02:48:15,73
PRA ,2020-05-07 03:48:33,73
PRA ,2020-05-07 04:48:38,73
PRA ,2020-05-07 05:48:22,73
PRA ,2020-05-07 06:48:31,73
PRA ,2020-05-07 08:48:36,73
PRA ,2020-05-07 09:48:27,73
PRA ,2020-05-07 10:48:54,73
PRA ,2020-05-07 11:48:36,73
PRA ,2020-05-07 12:48:34,73
PRA ,2020-05-07 13:48:43,73
PRA ,2020-05-07 14:48:54,73
PRA ,2020-05-07 15:48:27,73
PRA ,2020-05-07 16:48:37,73
PRA ,2020-05-07 17:48:26,73
PRA ,2020-05-07 18:48:18,73
PRA ,2020-05-07 19:49:19,73
PRA ,2020-05-07 20:48:17,73
PRA ,2020-05-07 21:48:17,73
PRA ,2020-05-07 22:48:17,73
PRA ,2020-05-07 23:48:35,73
PRA ,2020-05-08 00:48:27,73
PRA ,2020-05-08 01:48:16,73
PRA ,2020-05-08 02:48:24,73
PRA ,2020-05-08 03:48:33,73
PRA ,2020-05-08 04:48:21,73
PRA ,2020-05-08 05:48:21,73
PRA ,2020-05-08 06:48:22,73
PRA ,2020-05-08 07:48:31,73
PRA ,2020-05-08 08:48:43,73
PRA ,2020-05-08 09:48:30,73
PRA ,2020-05-08 10:48:27,73
PRA ,2020-05-08 11:48:35,73
PRA ,2020-05-08 13:11:00,73
PRA ,2020-05-08 13:48:44,73
PRA ,2020-05-08 14:48:32,73
PRA ,2020-05-08 15:48:33,113
PRA ,2020-05-08 16:49:03,452
PRA ,2020-05-08 17:49:04,827
PRA ,2020-05-08 18:48:36,1106
PRA ,2020-05-08 19:48:23,1431
PRA ,2020-05-08 20:48:36,1919
PRA ,2020-05-08 21:48:30,1999
PRA ,2020-05-08 22:48:40,2086
PRA ,2020-05-08 23:48:32,2086
PRA ,2020-05-09 00:48:27,2086
PRA ,2020-05-09 01:48:43,2086
PRA ,2020-05-09 02:48:32,2086
PRA ,2020-05-09 03:49:16,2086
PRA ,2020-05-09 04:48:28,2086
PRA ,2020-05-09 05:48:35,2086
PRA ,2020-05-09 06:48:45,2086
PRA ,2020-05-09 07:48:25,2086
PRA ,2020-05-09 08:48:46,2086
PRA ,2020-05-09 09:48:32,2086
PRA ,2020-05-09 10:48:32,2086
PRA ,2020-05-09 11:48:20,2086
PRA ,2020-05-09 12:48:25,2086
PRA ,2020-05-09 13:48:29,2086
PRA ,2020-05-09 14:48:23,2086
PRA ,2020-05-09 15:48:32,2086
PRA ,2020-05-09 16:48:21,2086
PRA ,2020-05-09 17:48:32,2086
PRA ,2020-05-09 18:48:34,2086
PRA ,2020-05-09 19:48:29,2086
PRA ,2020-05-09 20:48:24,2086
PRA ,2020-05-09 21:48:41,2086
PRA ,2020-05-09 22:48:34,2086
PRA ,2020-05-09 23:48:26,2086
PRA ,2020-05-10 00:48:59,2086
PRA ,2020-05-10 01:48:26,2086
PRA ,2020-05-10 02:49:08,2086
PRA ,2020-05-10 03:48:38,2086
PRA ,2020-05-10 04:48:40,2086
PRA ,2020-05-10 05:48:48,2086
PRA ,2020-05-10 06:48:31,2086
PRA ,2020-05-10 07:48:43,2086
PRA ,2020-05-10 08:48:33,2086
PRA ,2020-05-10 09:48:37,2086
PRA ,2020-05-10 10:48:36,2086
PRA ,2020-05-10 11:48:42,2086
PRA ,2020-05-10 12:48:29,2086
PRA ,2020-05-10 13:48:39,2086
PRA ,2020-05-10 14:48:22,2086
PRA ,2020-05-10 15:48:33,2086
PRA ,2020-05-10 16:48:29,2086
PRA ,2020-05-10 17:48:26,2086
PRA ,2020-05-10 18:48:38,2086
PRA ,2020-05-10 19:48:29,2086
PRA ,2020-05-10 20:48:45,2086
PRA ,2020-05-10 21:48:30,2086
PRA ,2020-05-10 22:48:33,2086
PRA ,2020-05-10 23:48:35,2086
PRA ,2020-05-11 00:48:35,2086
PRA ,2020-05-11 01:48:22,2086
PRA ,2020-05-11 02:48:34,2086
PRA ,2020-05-11 03:49:12,2086
PRA ,2020-05-11 04:48:32,2086
PRA ,2020-05-11 05:48:28,2086
PRA ,2020-05-11 06:48:34,2086
PRA ,2020-05-11 07:48:43,2086
PRA ,2020-05-11 08:48:50,2086
PRA ,2020-05-11 09:48:31,2086
PRA ,2020-05-11 10:48:31,2086
PRA ,2020-05-11 11:48:22,2086
PRA ,2020-05-11 13:09:59,2086
PRA ,2020-05-11 13:48:44,2086
PRA ,2020-05-11 14:48:37,2577
PRA ,2020-05-11 15:49:07,2533
PRA ,2020-05-11 16:48:36,2472
PRA ,2020-05-11 17:48:39,2415
PRA ,2020-05-11 18:48:36,2373
PRA ,2020-05-11 19:48:26,2365
PRA ,2020-05-11 20:48:28,2337
PRA ,2020-05-11 21:48:31,2331
PRA ,2020-05-11 22:48:16,2325
PRA ,2020-05-11 23:48:43,2325
PRA ,2020-05-12 00:48:33,2325
PRA ,2020-05-12 01:48:35,2325
PRA ,2020-05-12 02:48:27,2325
PRA ,2020-05-12 03:48:21,2325
PRA ,2020-05-12 04:48:28,2325
PRA ,2020-05-12 05:48:24,2325
PRA ,2020-05-12 06:48:39,2325
PRA ,2020-05-12 07:48:27,2325
PRA ,2020-05-12 08:48:27,2325
PRA ,2020-05-12 09:49:49,2325
PRA ,2020-05-12 10:48:38,2325
PRA ,2020-05-12 11:48:20,2325
PRA ,2020-05-12 13:15:59,2325
PRA ,2020-05-12 17:48:21,2172
PRA ,2020-05-12 18:48:22,2179
PRA ,2020-05-12 19:48:54,2164
PRA ,2020-05-12 20:48:58,2157
PRA ,2020-05-12 21:48:42,2155
PRA ,2020-05-12 22:48:20,2155
PRA ,2020-05-12 23:48:21,2155
PRA ,2020-05-13 00:48:54,2155
PRA ,2020-05-13 01:48:32,2155
PRA ,2020-05-13 02:49:03,2153
PRA ,2020-05-13 03:48:58,2153
PRA ,2020-05-13 06:48:26,2153
PRA ,2020-05-13 07:48:51,2153
PRA ,2020-05-13 08:48:49,2153
PRA ,2020-05-13 09:48:19,2153
PRA ,2020-05-13 10:48:26,2153
PRA ,2020-05-13 11:48:20,2153
PRA ,2020-05-13 12:48:21,2153
PRA ,2020-05-13 13:48:22,2153
PRA ,2020-05-13 14:48:21,2106
PRA ,2020-05-13 15:48:30,2085
PRA ,2020-05-13 16:48:53,2045
PRA ,2020-05-13 17:48:25,2035
PRA ,2020-05-13 18:48:45,2028
PRA ,2020-05-13 19:48:26,2026
PRA ,2020-05-13 20:48:23,2028
PRA ,2020-05-13 21:48:22,2029
PRA ,2020-05-13 22:48:28,2028
PRA ,2020-05-13 23:48:34,2028
PRA ,2020-05-14 00:48:50,2028
PRA ,2020-05-14 01:48:29,2028
PRA ,2020-05-14 02:48:23,2028
PRA ,2020-05-14 03:48:32,2028
PRA ,2020-05-14 04:48:24,2028
PRA ,2020-05-14 05:48:29,2028
PRA ,2020-05-14 06:48:41,2028
PRA ,2020-05-14 07:48:27,2028
PRA ,2020-05-14 08:48:41,2028
PRA ,2020-05-14 09:48:21,2028
PRA ,2020-05-14 10:48:32,2028
PRA ,2020-05-14 11:48:39,2028
PRA ,2020-05-14 12:48:31,2028
PRA ,2020-05-14 13:48:37,2032
PRA ,2020-05-14 14:48:33,1988
PRA ,2020-05-14 15:48:28,1973
PRA ,2020-05-14 16:48:17,1971
PRA ,2020-05-14 17:48:21,1972
PRA ,2020-05-14 18:48:45,1966
PRA ,2020-05-14 19:48:42,1965
PRA ,2020-05-14 20:48:22,1964
PRA ,2020-05-14 21:48:28,1963
PRA ,2020-05-14 22:48:48,1963
PRA ,2020-05-14 23:48:36,1963
PRA ,2020-05-15 00:48:54,1963
PRA ,2020-05-15 01:48:49,1963
PRA ,2020-05-15 02:48:59,1963
PRA ,2020-05-15 03:49:00,1963
PRA ,2020-05-15 04:49:01,1963
PRA ,2020-05-15 05:48:30,1963
PRA ,2020-05-15 06:48:54,1963
PRA ,2020-05-15 07:48:21,1963
PRA ,2020-05-15 08:48:35,1963
PRA ,2020-05-15 09:48:41,1963
PRA ,2020-05-15 10:48:22,1963
PRA ,2020-05-15 11:48:28,1963
PRA ,2020-05-15 12:48:24,1963
PRA ,2020-05-15 13:48:32,1963
PRA ,2020-05-15 14:48:20,1956
PRA ,2020-05-15 15:48:28,1946
PRA ,2020-05-15 16:48:18,1940
PRA ,2020-05-15 17:48:42,1936
PRA ,2020-05-15 18:48:22,1936
PRA ,2020-05-15 19:48:36,1933
PRA ,2020-05-15 20:48:29,1924
PRA ,2020-05-15 21:48:31,1923
PRA ,2020-05-15 22:48:19,1922
PRA ,2020-05-15 23:48:17,1922
PRA ,2020-05-16 00:48:51,1922
PRA ,2020-05-16 01:48:44,1922
PRA ,2020-05-16 02:49:13,1922
PRA ,2020-05-16 03:48:43,1922
PRA ,2020-05-16 04:48:29,1922
PRA ,2020-05-16 05:48:27,1922
PRA ,2020-05-16 06:49:04,1922
PRA ,2020-05-16 07:49:00,1922
PRA ,2020-05-16 08:48:28,1922
PRA ,2020-05-16 09:48:40,1922
PRA ,2020-05-16 10:48:24,1922
PRA ,2020-05-16 11:48:19,1922
PRA ,2020-05-16 12:48:35,1922
PRA ,2020-05-16 13:48:28,1922
PRA ,2020-05-16 14:48:21,1922
PRA ,2020-05-16 15:48:33,1922
PRA ,2020-05-16 16:48:28,1922
PRA ,2020-05-16 17:48:24,1922
PRA ,2020-05-16 18:48:29,1922
PRA ,2020-05-16 19:48:24,1922
PRA ,2020-05-16 20:48:33,1922
PRA ,2020-05-16 21:48:31,1922
PRA ,2020-05-16 22:48:34,1922
PRA ,2020-05-16 23:48:33,1922
PRA ,2020-05-17 00:48:46,1922
PRA ,2020-05-17 01:48:38,1922
PRA ,2020-05-18 09:54:49,1922
PRA ,2020-05-18 10:01:18,1922
PRA ,2020-05-18 10:02:44,1922
PRA ,2020-05-18 10:02:58,1922
PRA ,2020-05-18 10:03:10,1922
PRA ,2020-05-18 10:03:25,1922
PRA ,2020-05-18 10:03:49,1922
PRA ,2020-05-18 10:03:52,1922
PRA ,2020-05-18 10:04:21,1922
PRA ,2020-05-18 10:15:34,1922
PRA ,2020-05-18 10:16:01,1922
PRA ,2020-05-18 10:16:17,1922
PRA ,2020-05-18 10:16:36,1922
PRA ,2020-05-18 10:16:39,1922
PRA ,2020-05-18 10:20:01,1922
PRA ,2020-05-18 10:20:08,1922
PRA ,2020-05-18 10:22:05,1922
PRA ,2020-05-18 10:31:39,1922
PRA ,2020-05-18 10:36:53,1922
PRA ,2020-05-18 10:42:33,1922
PRA ,2020-05-18 11:00:28,1922
PRA ,2020-05-18 11:05:00,1922
PRA ,2020-05-18 11:14:18,1922
PRA ,2020-05-18 11:14:39,1922
PRA ,2020-05-18 11:14:53,1922
PRA ,2020-05-18 11:22:29,1922
PRA ,2020-05-18 11:28:38,1922
PRA ,2020-05-18 11:33:01,1922
PRA ,2020-05-18 11:37:24,1922
PRA ,2020-05-18 11:39:02,1922
PRA ,2020-05-18 11:47:39,1922
PRA ,2020-05-18 11:55:16,1922
PRA ,2020-05-18 12:02:53,1922
PRA ,2020-05-18 12:10:31,1922
PRA ,2020-05-18 13:10:29,1922
PRA ,2020-05-18 13:48:37,1922
PRA ,2020-05-18 14:48:28,1902
PRA ,2020-05-18 15:49:09,1889
PRA ,2020-05-18 16:49:22,1884
PRA ,2020-05-18 17:48:28,1890
PRA ,2020-05-18 18:49:03,1879
PRA ,2020-05-18 19:48:57,1873
PRA ,2020-05-18 20:48:34,1869
PRA ,2020-05-18 21:49:02,1869
PRA ,2020-05-18 22:49:08,1868
PRA ,2020-05-18 23:49:11,1868
PRA ,2020-05-19 01:48:22,1868
PRA ,2020-05-19 02:48:42,1868
PRA ,2020-05-19 03:48:37,1868
PRA ,2020-05-19 04:48:30,1868
PRA ,2020-05-19 05:48:37,1868
PRA ,2020-05-19 06:48:35,1868
PRA ,2020-05-19 07:48:37,1868
PRA ,2020-05-19 08:48:50,1868
PRA ,2020-05-19 09:49:19,1868
PRA ,2020-05-19 10:48:34,1868
PRA ,2020-05-19 11:48:53,1868
PRA ,2020-05-19 13:11:02,1868
PRA ,2020-05-19 13:48:37,1868
PRA ,2020-05-19 14:48:29,1856
PRA ,2020-05-19 15:48:25,1859
PRA ,2020-05-19 16:48:37,1868
PRA ,2020-05-19 17:48:26,1871
PRA ,2020-05-19 18:48:36,1878
PRA ,2020-05-19 19:48:33,1888
PRA ,2020-05-19 20:48:39,1885
PRA ,2020-05-19 21:48:40,1885
PRA ,2020-05-19 22:48:58,1884
PRA ,2020-05-19 23:48:32,1884
PRA ,2020-05-20 00:49:05,1884
PRA ,2020-05-20 01:49:14,1884
PRA ,2020-05-20 02:49:05,1884
PRA ,2020-05-20 03:49:06,1884
PRA ,2020-05-20 04:48:42,1884
PRA ,2020-05-20 05:48:33,1884
PRA ,2020-05-20 06:48:28,1884
PRA ,2020-05-20 07:48:47,1884
PRA ,2020-05-20 08:48:27,1884
PRA ,2020-05-20 09:48:37,1884
PRA ,2020-05-20 10:48:26,1884
PRA ,2020-05-20 11:48:27,1884
PRA ,2020-05-20 12:48:23,1884
PRA ,2020-05-20 13:48:37,1884
PRA ,2020-05-20 14:48:27,1862
PRA ,2020-05-20 15:49:13,1841
PRA ,2020-05-20 16:48:27,1830
PRA ,2020-05-20 17:49:05,1811
PRA ,2020-05-20 18:48:34,1798
PRA ,2020-05-20 19:48:34,1774
PRA ,2020-05-20 20:48:24,1773
PRA ,2020-05-20 21:48:38,1772
PRA ,2020-05-20 22:48:18,1771
PRA ,2020-05-20 23:48:29,1771
PRA ,2020-05-21 00:49:02,1771
PRA ,2020-05-21 01:48:23,1771
PRA ,2020-05-21 02:48:34,1771
PRA ,2020-05-21 03:48:34,1771
PRA ,2020-05-21 04:48:26,1771
PRA ,2020-05-21 05:48:30,1771
PRA ,2020-05-21 06:48:33,1771
PRA ,2020-05-21 07:48:36,1771
PRA ,2020-05-21 08:48:37,1771
PRA ,2020-05-21 09:48:24,1771
PRA ,2020-05-21 10:48:32,1771
PRA ,2020-05-21 11:48:35,1771
PRA ,2020-05-21 12:48:31,1771
PRA ,2020-05-21 13:48:37,1771
PRA ,2020-05-21 14:48:35,1766
PRA ,2020-05-21 15:48:27,1760
PRA ,2020-05-21 16:48:49,1756
PRA ,2020-05-21 17:48:40,1755
PRA ,2020-05-21 18:48:36,1749
PRA ,2020-05-21 19:48:26,1748
PRA ,2020-05-21 20:48:36,1744
PRA ,2020-05-21 21:48:38,1743
PRA ,2020-05-21 22:48:41,1743
PRA ,2020-05-21 23:49:07,1743
PRA ,2020-05-22 00:50:06,1743
PRA ,2020-05-22 01:48:35,1743
PRA ,2020-05-22 02:48:37,1743
PRA ,2020-05-22 03:49:11,1743
PRA ,2020-05-22 04:48:38,1743
PRA ,2020-05-22 05:48:43,1743
PRA ,2020-05-22 06:48:30,1743
PRA ,2020-05-22 07:48:35,1743
PRA ,2020-05-22 08:48:51,1743
PRA ,2020-05-22 09:48:38,1743
PRA ,2020-05-22 10:48:33,1743
PRA ,2020-05-22 11:48:30,1743
PRA ,2020-05-22 12:48:36,1743
PRA ,2020-05-22 13:48:44,1743
PRA ,2020-05-22 14:48:28,1738
PRA ,2020-05-22 15:48:29,1736
PRA ,2020-05-22 16:48:33,1736
PRA ,2020-05-22 17:48:32,1734
PRA ,2020-05-22 18:49:02,1733
PRA ,2020-05-22 19:48:31,1730
PRA ,2020-05-22 20:48:22,1724
PRA ,2020-05-22 21:48:24,1724
PRA ,2020-05-22 22:48:30,1723
PRA ,2020-05-22 23:48:24,1723
PRA ,2020-05-23 00:48:35,1723
PRA ,2020-05-23 01:48:26,1723
PRA ,2020-05-23 02:48:44,1723
PRA ,2020-05-23 03:48:36,1723
PRA ,2020-05-23 04:48:49,1723
PRA ,2020-05-23 05:48:32,1723
PRA ,2020-05-23 06:48:45,1723
PRA ,2020-05-23 07:48:44,1723
PRA ,2020-05-23 08:48:44,1723
PRA ,2020-05-23 09:48:36,1723
PRA ,2020-05-23 10:48:28,1723
PRA ,2020-05-23 11:48:47,1723
PRA ,2020-05-23 12:48:32,1723
PRA ,2020-05-23 13:48:39,1723
PRA ,2020-05-23 14:48:34,1723
PRA ,2020-05-23 15:48:25,1723
PRA ,2020-05-23 16:48:43,1723
PRA ,2020-05-23 17:48:36,1723
PRA ,2020-05-23 18:48:46,1723
PRA ,2020-05-23 19:48:30,1723
PRA ,2020-05-23 20:48:22,1723
PRA ,2020-05-23 21:48:24,1723
PRA ,2020-05-23 22:48:32,1723
PRA ,2020-05-23 23:48:30,1723
PRA ,2020-05-24 00:48:44,1723
PRA ,2020-05-24 01:48:46,1723
PRA ,2020-05-24 02:48:25,1723
PRA ,2020-05-24 03:48:32,1723
PRA ,2020-05-24 04:48:34,1723
PRA ,2020-05-24 05:48:25,1723
PRA ,2020-05-24 06:48:29,1723
PRA ,2020-05-24 07:48:28,1723
PRA ,2020-05-24 08:48:38,1723
PRA ,2020-05-24 09:48:24,1723
PRA ,2020-05-24 10:48:43,1723
PRA ,2020-05-24 11:48:37,1723
PRA ,2020-05-24 12:48:31,1723
PRA ,2020-05-24 13:48:41,1723
PRA ,2020-05-24 14:48:35,1723
PRA ,2020-05-24 15:48:21,1723
PRA ,2020-05-24 16:48:42,1723
PRA ,2020-05-24 17:48:38,1723
PRA ,2020-05-24 18:48:41,1723
PRA ,2020-05-24 19:48:36,1723
PRA ,2020-05-24 20:48:35,1723
PRA ,2020-05-24 21:48:48,1723
PRA ,2020-05-24 22:48:39,1723
PRA ,2020-05-24 23:48:24,1723
PRA ,2020-05-25 00:48:28,1723
PRA ,2020-05-25 01:48:49,1723
PRA ,2020-05-25 02:48:37,1723
PRA ,2020-05-25 03:48:56,1723
PRA ,2020-05-25 04:48:32,1723
PRA ,2020-05-25 06:49:51,1723
PRA ,2020-05-25 07:48:38,1723
PRA ,2020-05-25 08:48:46,1723
PRA ,2020-05-25 09:48:35,1723
PRA ,2020-05-25 10:48:31,1723
PRA ,2020-05-25 11:48:47,1723
PRA ,2020-05-25 12:48:32,1723
PRA ,2020-05-25 13:48:24,1723
PRA ,2020-05-25 14:48:43,1723
PRA ,2020-05-25 15:48:30,1723
PRA ,2020-05-25 16:48:20,1723
PRA ,2020-05-25 17:48:31,1723
PRA ,2020-05-25 18:48:32,1723
PRA ,2020-05-25 19:48:38,1723
PRA ,2020-05-25 20:48:38,1723
PRA ,2020-05-25 21:48:22,1723
PRA ,2020-05-25 22:48:21,1723
PRA ,2020-05-25 23:48:23,1723
PRA ,2020-05-26 00:48:36,1723
PRA ,2020-05-26 01:48:24,1723
PRA ,2020-05-26 02:48:20,1723
PRA ,2020-05-26 03:48:37,1723
PRA ,2020-05-26 04:48:43,1723
PRA ,2020-05-26 05:48:30,1723
PRA ,2020-05-26 06:48:35,1723
PRA ,2020-05-26 07:48:40,1723
PRA ,2020-05-26 08:48:43,1723
PRA ,2020-05-26 09:48:34,1723
PRA ,2020-05-26 10:48:31,1723
PRA ,2020-05-26 11:48:38,1723
PRA ,2020-05-26 12:48:30,1723
PRA ,2020-05-26 13:48:38,1723
PRA ,2020-05-26 14:48:33,1704
PRA ,2020-05-26 15:48:29,1704
PRA ,2020-05-26 16:48:26,1692
PRA ,2020-05-26 17:48:33,1690
PRA ,2020-05-26 18:48:23,1685
PRA ,2020-05-26 19:48:27,1679
PRA ,2020-05-26 20:48:34,1676
PRA ,2020-05-26 21:48:51,1676
PRA ,2020-05-26 22:48:25,1676
PRA ,2020-05-26 23:48:27,1676
PRA ,2020-05-27 00:49:16,1676
PRA ,2020-05-27 01:48:25,1676
PRA ,2020-05-27 02:48:27,1676
PRA ,2020-05-27 03:48:32,1676
PRA ,2020-05-27 04:48:32,1676
PRA ,2020-05-27 05:48:27,1676
PRA ,2020-05-27 06:48:37,1676
PRA ,2020-05-27 07:48:35,1676
PRA ,2020-05-27 08:48:27,1676
PRA ,2020-05-27 09:48:23,1676
PRA ,2020-05-27 10:48:26,1676
PRA ,2020-05-27 11:48:19,1676
PRA ,2020-05-27 13:11:31,1676
PRA ,2020-05-27 13:48:47,1676
PRA ,2020-05-27 14:48:34,1669
PRA ,2020-05-27 15:48:23,1667
PRA ,2020-05-27 16:48:25,1638
PRA ,2020-05-27 17:48:22,1633
PRA ,2020-05-27 18:48:22,1628
PRA ,2020-05-27 19:48:36,1620
PRA ,2020-05-27 20:48:31,1598
PRA ,2020-05-27 21:48:26,1597
PRA ,2020-05-27 22:48:28,1598
PRA ,2020-05-27 23:48:24,1598
PRA ,2020-05-28 00:48:35,1598
PRA ,2020-05-28 01:48:40,1598
PRA ,2020-05-28 02:48:27,1598
PRA ,2020-05-28 03:48:27,1598
PRA ,2020-05-28 04:48:29,1598
PRA ,2020-05-28 05:48:23,1598
PRA ,2020-05-28 06:48:29,1598
PRA ,2020-05-28 07:48:44,1598
PRA ,2020-05-28 08:48:37,1598
PRA ,2020-05-28 09:48:25,1598
PRA ,2020-05-28 10:48:41,1598
PRA ,2020-05-28 11:48:45,1598
PRA ,2020-05-28 13:12:06,1598
PRA ,2020-05-28 13:48:36,1598
PRA ,2020-05-28 14:48:43,1587
PRA ,2020-05-28 15:48:36,1586
PRA ,2020-05-28 16:48:50,1586
PRA ,2020-05-28 17:48:32,1585
PRA ,2020-05-28 18:48:31,1579
PRA ,2020-05-28 19:48:28,1580
PRA ,2020-05-28 20:48:48,1579
PRA ,2020-05-28 21:48:53,1579
PRA ,2020-05-28 22:48:30,1579
PRA ,2020-05-28 23:48:51,1579
PRA ,2020-05-29 00:48:37,1579
PRA ,2020-05-29 01:48:37,1579
PRA ,2020-05-29 02:49:12,1579
PRA ,2020-05-29 03:48:32,1579
PRA ,2020-05-29 04:48:39,1579
PRA ,2020-05-29 05:48:51,1578
PRA ,2020-05-29 06:48:48,1578
PRA ,2020-05-29 07:48:57,1578
PRA ,2020-05-29 08:48:46,1578
PRA ,2020-05-29 09:54:31,1578
PRA ,2020-05-29 10:48:39,1578
PRA ,2020-05-29 11:48:35,1578
PRA ,2020-05-29 12:49:08,1578
PRA ,2020-05-29 13:48:49,1578
PRA ,2020-05-29 14:48:37,1575
PRA ,2020-05-29 15:48:33,1578
PRA ,2020-05-29 16:48:24,1578
PRA ,2020-05-29 17:48:40,1583
PRA ,2020-05-29 18:48:41,1585
PRA ,2020-05-29 19:48:35,1586
PRA ,2020-05-29 20:48:51,1589
PRA ,2020-05-29 21:48:31,1587
PRA ,2020-05-29 22:48:34,1586
PRA ,2020-05-29 23:48:47,1586
PRA ,2020-05-30 00:48:29,1586
PRA ,2020-05-30 01:48:24,1586
PRA ,2020-05-30 02:48:33,1586
PRA ,2020-05-30 03:48:37,1586
PRA ,2020-05-30 04:48:31,1586
PRA ,2020-05-30 05:48:37,1586
PRA ,2020-05-30 06:48:39,1586
PRA ,2020-05-30 07:49:09,1586
PRA ,2020-05-30 09:30:40,1586
PRA ,2020-05-30 09:48:30,1586
PRA ,2020-05-30 10:48:40,1586
PRA ,2020-05-30 11:48:36,1586
PRA ,2020-05-30 12:48:34,1586
PRA ,2020-05-30 13:48:33,1586
PRA ,2020-05-30 14:48:26,1586
PRA ,2020-05-30 15:48:30,1586
PRA ,2020-05-30 16:48:52,1586
PRA ,2020-05-30 17:48:36,1586
PRA ,2020-05-30 18:48:33,1586
PRA ,2020-05-30 19:48:42,1586
PRA ,2020-05-30 20:48:30,1586
PRA ,2020-05-30 21:48:43,1586
PRA ,2020-05-30 22:48:32,1586
PRA ,2020-05-30 23:48:43,1586
PRA ,2020-05-31 00:48:41,1586
PRA ,2020-05-31 01:48:44,1586
PRA ,2020-05-31 02:48:38,1586
PRA ,2020-05-31 03:48:38,1586
PRA ,2020-05-31 04:48:31,1586
PRA ,2020-05-31 05:48:42,1586
PRA ,2020-05-31 06:48:40,1586
PRA ,2020-05-31 07:48:43,1586
PRA ,2020-05-31 09:32:36,1586
PRA ,2020-05-31 09:48:34,1586
PRA ,2020-05-31 13:14:38,1586
PRA ,2020-05-31 13:22:17,1586
PRA ,2020-05-31 13:23:45,1586
PRA ,2020-06-01 05:21:52,1586
PRA ,2020-06-01 05:39:14,1586
PRA ,2020-06-01 05:39:27,1586
PRA ,2020-06-01 05:40:49,1586
PRA ,2020-06-01 05:53:36,1586
PRA ,2020-06-01 05:54:58,1586
PRA ,2020-06-01 06:06:20,1586
PRA ,2020-06-01 06:06:33,1586
PRA ,2020-06-01 06:16:16,1586
PRA ,2020-06-01 06:20:27,1586
PRA ,2020-06-01 06:22:22,1586
PRA ,2020-06-01 06:23:37,1586
PRA ,2020-06-01 06:28:47,1586
PRA ,2020-06-01 06:30:13,1586
PRA ,2020-06-01 06:32:29,1586
PRA ,2020-06-01 06:41:07,1586
PRA ,2020-06-01 06:48:42,1586
PRA ,2020-06-01 06:56:19,1586
PRA ,2020-06-01 07:48:36,1586
PRA ,2020-06-01 08:48:50,1586
PRA ,2020-06-01 09:48:56,1586
PRA ,2020-06-01 10:48:29,1586
PRA ,2020-06-01 11:48:33,1586
PRA ,2020-06-01 13:10:05,1586
PRA ,2020-06-01 13:49:29,1586
PRA ,2020-06-01 14:48:40,1581
PRA ,2020-06-01 15:48:36,1570
PRA ,2020-06-01 16:49:14,1567
PRA ,2020-06-01 17:49:08,1563
PRA ,2020-06-01 18:49:05,1561
PRA ,2020-06-01 19:48:42,1565
PRA ,2020-06-01 20:48:38,1572
PRA ,2020-06-01 21:48:34,1573
PRA ,2020-06-01 22:48:27,1573
PRA ,2020-06-01 23:48:39,1573
PRA ,2020-06-02 00:48:40,1573
PRA ,2020-06-02 01:48:27,1573
PRA ,2020-06-02 02:48:27,1573
PRA ,2020-06-02 03:48:35,1573
PRA ,2020-06-02 04:48:33,1573
PRA ,2020-06-02 05:48:36,1572
PRA ,2020-06-02 06:48:49,1572
PRA ,2020-06-02 07:48:40,1572
PRA ,2020-06-02 08:48:47,1572
PRA ,2020-06-02 09:48:32,1572
PRA ,2020-06-02 10:48:46,1572
PRA ,2020-06-02 11:48:34,1572
PRA ,2020-06-02 12:48:44,1572
PRA ,2020-06-02 13:48:46,1572
PRA ,2020-06-02 14:49:17,1572
PRA ,2020-06-02 15:49:13,1552
PRA ,2020-06-02 16:48:34,1545
PRA ,2020-06-02 17:49:11,1543
PRA ,2020-06-02 18:48:29,1540
PRA ,2020-06-02 19:48:56,1537
PRA ,2020-06-02 20:49:14,1532
PRA ,2020-06-02 21:48:25,1531
PRA ,2020-06-02 22:48:38,1531
PRA ,2020-06-02 23:48:26,1531
PRA ,2020-06-03 00:48:45,1531
PRA ,2020-06-03 01:49:16,1531
PRA ,2020-06-03 02:48:24,1531
PRA ,2020-06-03 03:49:03,1531
PRA ,2020-06-03 04:48:58,1531
PRA ,2020-06-03 05:48:25,1531
PRA ,2020-06-03 06:48:34,1531
PRA ,2020-06-03 07:49:09,1531
PRA ,2020-06-03 09:24:57,1531
PRA ,2020-06-03 09:48:37,1531
PRA ,2020-06-03 10:48:35,1531
PRA ,2020-06-03 11:48:38,1531
PRA ,2020-06-03 13:13:38,1530
PRA ,2020-06-03 13:48:39,1530
PRA ,2020-06-03 14:48:29,1506
PRA ,2020-06-03 15:49:15,1480
PRA ,2020-06-03 16:49:07,1460
PRA ,2020-06-03 17:49:08,1447
PRA ,2020-06-03 18:49:23,1433
PRA ,2020-06-03 19:48:59,1422
PRA ,2020-06-03 20:48:35,1422
PRA ,2020-06-03 21:48:34,1415
PRA ,2020-06-03 22:48:33,1415
PRA ,2020-06-03 23:48:25,1415
PRA ,2020-06-04 00:49:09,1415
PRA ,2020-06-04 01:48:43,1415
PRA ,2020-06-04 02:48:34,1415
PRA ,2020-06-04 03:48:41,1415
PRA ,2020-06-04 04:48:41,1415
PRA ,2020-06-04 05:48:35,1415
PRA ,2020-06-04 06:48:35,1415
PRA ,2020-06-04 07:48:50,1415
PRA ,2020-06-04 08:48:57,1415
PRA ,2020-06-04 09:48:44,1415
PRA ,2020-06-04 10:48:33,1415
PRA ,2020-06-04 11:48:45,1415
PRA ,2020-06-04 12:48:35,1415
PRA ,2020-06-04 13:49:17,1415
PRA ,2020-06-04 14:49:39,1416
PRA ,2020-06-04 15:49:19,1419
PRA ,2020-06-04 17:12:12,1427
PRA ,2020-06-04 17:48:45,1427
PRA ,2020-06-04 18:49:09,1423
PRA ,2020-06-04 19:48:33,1421
PRA ,2020-06-04 20:49:16,1415
PRA ,2020-06-04 21:49:12,1415
PRA ,2020-06-04 22:48:37,1415
PRA ,2020-06-04 23:48:41,1415
PRA ,2020-06-05 00:48:48,1415
PRA ,2020-06-05 01:48:35,1415
PRA ,2020-06-05 02:48:31,1415
PRA ,2020-06-05 03:48:37,1415
PRA ,2020-06-05 04:48:46,1415
PRA ,2020-06-05 05:48:46,1415
PRA ,2020-06-05 06:48:41,1415
PRA ,2020-06-05 07:48:42,1415
PRA ,2020-06-05 09:28:40,1415
PRA ,2020-06-05 09:48:32,1415
PRA ,2020-06-05 10:48:32,1415
PRA ,2020-06-05 11:48:36,1415
PRA ,2020-06-05 13:14:39,1415
PRA ,2020-06-05 13:49:08,1415
PRA ,2020-06-05 14:48:40,1382
PRA ,2020-06-05 15:48:43,1360
PRA ,2020-06-05 16:49:23,1356
PRA ,2020-06-05 17:48:42,1333
PRA ,2020-06-05 18:48:44,1313
PRA ,2020-06-05 19:48:43,1294
PRA ,2020-06-05 20:49:19,1267
PRA ,2020-06-05 21:48:43,1266
PRA ,2020-06-05 22:48:42,1266
PRA ,2020-06-05 23:48:45,1266
PRA ,2020-06-06 00:48:48,1266
PRA ,2020-06-06 01:48:32,1266
PRA ,2020-06-06 02:48:37,1266
PRA ,2020-06-06 03:48:49,1266
PRA ,2020-06-06 04:48:48,1266
PRA ,2020-06-06 05:48:54,1266
PRA ,2020-06-06 06:48:43,1266
PRA ,2020-06-06 07:49:30,1266
PRA ,2020-06-06 08:48:49,1266
PRA ,2020-06-06 09:57:54,1266
PRA ,2020-06-06 10:48:34,1266
PRA ,2020-06-06 11:48:41,1266
PRA ,2020-06-06 12:48:45,1266
PRA ,2020-06-06 13:48:33,1266
PRA ,2020-06-06 14:49:20,1266
PRA ,2020-06-06 15:48:40,1266
PRA ,2020-06-06 16:49:12,1266
PRA ,2020-06-06 18:48:41,1266
PRA ,2020-06-06 19:48:30,1266
PRA ,2020-06-06 20:48:38,1266
PRA ,2020-06-06 21:48:37,1266
PRA ,2020-06-06 22:48:38,1266
PRA ,2020-06-06 23:48:50,1266
PRA ,2020-06-07 00:48:55,1266
PRA ,2020-06-07 01:48:37,1266
PRA ,2020-06-07 02:48:41,1266
PRA ,2020-06-07 03:48:41,1266
PRA ,2020-06-07 04:48:41,1266
PRA ,2020-06-07 05:48:41,1266
PRA ,2020-06-07 06:48:40,1266
PRA ,2020-06-07 07:48:47,1266
PRA ,2020-06-07 08:48:47,1266
PRA ,2020-06-08 04:48:32,1266
PRA ,2020-06-08 05:48:27,1266
PRA ,2020-06-08 06:48:58,1266
PRA ,2020-06-08 07:48:24,1266
PRA ,2020-06-08 08:48:42,1266
PRA ,2020-06-08 09:48:34,1266
PRA ,2020-06-08 10:48:32,1266
PRA ,2020-06-08 11:48:38,1266
PRA ,2020-06-08 12:49:20,1266
PRA ,2020-06-08 13:48:42,1264
PRA ,2020-06-08 14:49:33,1243
PRA ,2020-06-08 15:48:36,1221
PRA ,2020-06-08 16:48:57,1208
PRA ,2020-06-08 17:48:55,1188
PRA ,2020-06-08 18:49:29,1181
PRA ,2020-06-08 19:49:25,1172
PRA ,2020-06-08 20:49:05,1165
PRA ,2020-06-08 21:48:51,1165
PRA ,2020-06-08 22:48:49,1164
PRA ,2020-06-08 23:48:45,1164
PRA ,2020-06-09 00:48:49,1164
PRA ,2020-06-09 01:49:00,1164
PRA ,2020-06-09 02:49:01,1164
PRA ,2020-06-09 03:48:35,1164
PRA ,2020-06-09 04:49:18,1164
PRA ,2020-06-09 05:49:28,1164
PRA ,2020-06-09 06:49:32,1164
PRA ,2020-06-09 07:49:01,1164
PRA ,2020-06-09 08:49:37,1164
PRA ,2020-06-09 09:49:10,1164
PRA ,2020-06-09 10:48:57,1164
PRA ,2020-06-09 11:48:57,1164
PRA ,2020-06-09 12:49:31,1164
PRA ,2020-06-09 13:49:23,1164
PRA ,2020-06-09 14:49:07,1150
PRA ,2020-06-09 15:49:23,1131
PRA ,2020-06-09 16:49:26,1133
PRA ,2020-06-09 17:48:50,1134
PRA ,2020-06-09 18:49:40,1139
PRA ,2020-06-09 19:49:52,1134
PRA ,2020-06-09 20:49:52,1134
PRA ,2020-06-09 21:49:14,1125
PRA ,2020-06-09 22:49:23,1125
PRA ,2020-06-09 23:49:27,1125
PRA ,2020-06-10 00:49:31,1125
PRA ,2020-06-10 01:49:11,1125
PRA ,2020-06-10 02:49:21,1125
PRA ,2020-06-10 03:49:27,1125
PRA ,2020-06-10 04:49:09,1125
PRA ,2020-06-10 05:49:22,1125
PRA ,2020-06-10 06:48:59,1125
PRA ,2020-06-10 07:48:35,1125
PRA ,2020-06-10 08:48:51,1125
PRA ,2020-06-10 09:48:35,1125
PRA ,2020-06-10 10:48:37,1125
PRA ,2020-06-10 11:48:49,1125
PRA ,2020-06-10 12:49:04,1125
PRA ,2020-06-10 13:49:30,1125
PRA ,2020-06-10 15:48:52,1113
PRA ,2020-06-10 16:49:02,1113
PRA ,2020-06-10 17:49:00,1112
PRA ,2020-06-10 18:49:03,1111
PRA ,2020-06-10 19:48:57,1111
PRA ,2020-06-10 20:48:46,1110
PRA ,2020-06-10 21:49:12,1111
PRA ,2020-06-10 22:48:38,1110
PRA ,2020-06-10 23:49:16,1110
PRA ,2020-06-11 00:50:35,1110
PRA ,2020-06-11 01:48:42,1110
PRA ,2020-06-11 02:49:43,1110
PRA ,2020-06-11 03:49:43,1110
PRA ,2020-06-11 04:48:52,1110
PRA ,2020-06-11 05:49:45,1110
PRA ,2020-06-11 06:49:02,1110
PRA ,2020-06-11 07:49:29,1110
PRA ,2020-06-11 08:48:51,1110
PRA ,2020-06-11 09:48:58,1110
PRA ,2020-06-11 10:48:55,1110
PRA ,2020-06-11 11:48:38,1110
PRA ,2020-06-11 12:49:01,1110
PRA ,2020-06-11 13:49:35,1110
PRA ,2020-06-11 14:49:00,1103
PRA ,2020-06-11 15:49:24,1104
PRA ,2020-06-11 16:49:56,1106
PRA ,2020-06-11 17:49:13,1106
PRA ,2020-06-11 18:49:23,1108
PRA ,2020-06-11 19:49:16,1110
PRA ,2020-06-11 20:48:45,1109
PRA ,2020-06-11 21:48:36,1109
PRA ,2020-06-11 22:48:33,1109
PRA ,2020-06-11 23:48:29,1109
PRA ,2020-06-12 00:48:45,1109
PRA ,2020-06-12 01:48:46,1109
PRA ,2020-06-12 02:48:44,1109
PRA ,2020-06-12 03:48:45,1109
PRA ,2020-06-12 04:48:41,1109
PRA ,2020-06-12 05:48:35,1109
PRA ,2020-06-12 06:48:53,1109
PRA ,2020-06-12 07:48:48,1109
PRA ,2020-06-12 08:48:37,1109
PRA ,2020-06-12 09:48:52,1109
PRA ,2020-06-12 10:48:56,1109
PRA ,2020-06-12 11:48:44,1109
PRA ,2020-06-12 14:14:15,1111
PRA ,2020-06-12 14:22:13,1111
PRA ,2020-06-12 14:49:20,1111
PRA ,2020-06-12 15:48:46,1111
PRA ,2020-06-12 16:48:56,1113
PRA ,2020-06-12 17:48:59,1110
PRA ,2020-06-12 18:48:51,1113
PRA ,2020-06-12 19:49:15,1113
PRA ,2020-06-12 20:49:12,1113
PRA ,2020-06-12 21:49:00,1113
PRA ,2020-06-12 22:48:35,1113
PRA ,2020-06-12 23:48:38,1113
PRA ,2020-06-13 00:48:32,1113
PRA ,2020-06-13 01:48:36,1113
PRA ,2020-06-13 02:48:39,1113
PRA ,2020-06-13 03:48:38,1113
PRA ,2020-06-13 04:48:38,1113
PRA ,2020-06-13 05:48:33,1113
PRA ,2020-06-13 06:48:42,1113
PRA ,2020-06-13 07:48:43,1113
PRA ,2020-06-13 08:48:33,1113
PRA ,2020-06-13 09:48:37,1113
PRA ,2020-06-13 10:48:36,1113
PRA ,2020-06-13 11:48:32,1113
PRA ,2020-06-13 12:48:31,1113
PRA ,2020-06-13 13:48:29,1113
PRA ,2020-06-13 14:48:39,1113
PRA ,2020-06-13 15:48:36,1113
PRA ,2020-06-13 16:48:53,1113
PRA ,2020-06-13 17:48:38,1113
PRA ,2020-06-13 18:48:41,1113
PRA ,2020-06-13 19:48:32,1113
PRA ,2020-06-13 20:48:38,1113
PRA ,2020-06-13 21:48:48,1113
PRA ,2020-06-13 22:48:45,1113
PRA ,2020-06-13 23:48:45,1113
PRA ,2020-06-14 00:48:41,1113
PRA ,2020-06-14 01:48:32,1113
PRA ,2020-06-14 02:48:42,1113
PRA ,2020-06-14 03:48:46,1113
PRA ,2020-06-14 04:48:25,1113
PRA ,2020-06-14 05:49:02,1113
PRA ,2020-06-14 06:48:40,1113
PRA ,2020-06-14 07:48:40,1113
PRA ,2020-06-14 08:48:34,1113
PRA ,2020-06-14 09:48:37,1113
PRA ,2020-06-14 10:48:40,1113
PRA ,2020-06-14 11:48:30,1113
PRA ,2020-06-14 12:48:35,1113
PRA ,2020-06-14 13:48:37,1113
PRA ,2020-06-14 14:48:39,1113
PRA ,2020-06-14 15:48:53,1113
PRA ,2020-06-14 16:48:34,1113
PRA ,2020-06-14 17:48:40,1113
PRA ,2020-06-14 18:48:49,1113
PRA ,2020-06-14 19:48:40,1113
PRA ,2020-06-14 20:48:42,1113
PRA ,2020-06-14 21:48:53,1113
PRA ,2020-06-14 22:48:35,1113
PRA ,2020-06-14 23:48:41,1113
PRA ,2020-06-15 00:49:01,1113
PRA ,2020-06-15 01:48:51,1113
PRA ,2020-06-15 02:48:45,1113
PRA ,2020-06-15 03:48:43,1113
PRA ,2020-06-15 04:49:00,1113
PRA ,2020-06-15 05:49:14,1113
PRA ,2020-06-15 06:48:38,1113
PRA ,2020-06-15 07:48:37,1113
PRA ,2020-06-15 08:49:18,1113
PRA ,2020-06-15 09:48:43,1113
PRA ,2020-06-15 10:48:31,1113
PRA ,2020-06-15 11:48:34,1113
PRA ,2020-06-15 12:48:47,1113
PRA ,2020-06-15 13:49:37,1113
PRA ,2020-06-15 14:49:24,1113
PRA ,2020-06-15 15:48:51,1113
PRA ,2020-06-15 16:49:10,1112
PRA ,2020-06-15 17:48:55,1113
PRA ,2020-06-15 18:45:10,1113
PRA ,2020-06-15 18:52:49,1113
PRA ,2020-06-15 19:00:29,1113
PRA ,2020-06-15 19:08:10,1116
PRA ,2020-06-15 19:16:00,1116
PRA ,2020-06-15 19:23:44,1116
PRA ,2020-06-15 19:31:26,1116
PRA ,2020-06-15 19:39:05,1116
PRA ,2020-06-15 19:46:44,1116
PRA ,2020-06-15 19:54:25,1116
PRA ,2020-06-15 20:02:15,1116
PRA ,2020-06-15 20:14:56,1114
PRA ,2020-06-15 20:22:35,1114
PRA ,2020-06-15 20:30:14,1114
PRA ,2020-06-15 20:37:52,1114
PRA ,2020-06-15 20:45:30,1114
PRA ,2020-06-15 20:53:08,1114
PRA ,2020-06-15 21:00:50,1114
PRA ,2020-06-15 21:08:32,1113
PRA ,2020-06-15 21:16:11,1113
PRA ,2020-06-15 21:23:48,1113
PRA ,2020-06-15 21:31:26,1113
PRA ,2020-06-15 21:39:03,1113
PRA ,2020-06-15 21:46:41,1113
PRA ,2020-06-15 21:54:21,1113
PRA ,2020-06-15 22:48:40,1112
PRA ,2020-06-15 23:48:32,1112
PRA ,2020-06-16 00:48:38,1112
PRA ,2020-06-16 01:48:31,1112
PRA ,2020-06-16 02:49:29,1112
PRA ,2020-06-16 03:48:37,1112
PRA ,2020-06-16 04:48:30,1112
PRA ,2020-06-16 05:48:37,1112
PRA ,2020-06-16 06:49:22,1112
PRA ,2020-06-16 07:49:11,1112
PRA ,2020-06-16 08:48:34,1112
PRA ,2020-06-16 09:48:31,1112
PRA ,2020-06-16 10:48:39,1112
PRA ,2020-06-16 11:48:31,1112
PRA ,2020-06-16 12:48:44,1112
PRA ,2020-06-16 13:48:44,1112
PRA ,2020-06-16 14:49:10,1106
PRA ,2020-06-16 15:48:46,1100
PRA ,2020-06-16 16:48:44,1096
PRA ,2020-06-16 17:49:29,1096
PRA ,2020-06-16 18:48:42,1097
PRA ,2020-06-16 19:48:46,1094
PRA ,2020-06-16 20:48:48,1097
PRA ,2020-06-16 21:48:38,1097
PRA ,2020-06-16 22:48:25,1097
PRA ,2020-06-16 23:48:28,1097
PRA ,2020-06-17 00:48:37,1097
PRA ,2020-06-17 01:49:04,1097
PRA ,2020-06-17 02:48:45,1097
PRA ,2020-06-17 03:49:16,1097
PRA ,2020-06-17 04:48:44,1097
PRA ,2020-06-17 05:48:39,1097
PRA ,2020-06-17 06:49:04,1097
PRA ,2020-06-17 07:48:36,1097
PRA ,2020-06-17 08:48:36,1097
PRA ,2020-06-17 09:48:28,1097
PRA ,2020-06-17 10:48:27,1097
PRA ,2020-06-17 11:48:40,1097
PRA ,2020-06-17 12:48:42,1097
PRA ,2020-06-17 13:48:52,1097
PRA ,2020-06-17 14:48:40,1099
PRA ,2020-06-17 15:48:42,1101
PRA ,2020-06-17 16:48:50,1104
PRA ,2020-06-17 17:48:47,1105
PRA ,2020-06-17 18:49:04,1105
PRA ,2020-06-17 19:49:16,1104
PRA ,2020-06-17 20:49:18,1103
PRA ,2020-06-17 21:49:02,1103
PRA ,2020-06-17 22:48:38,1103
PRA ,2020-06-17 23:48:40,1104
PRA ,2020-06-18 00:48:30,1104
PRA ,2020-06-18 01:48:43,1104
PRA ,2020-06-18 02:48:28,1104
PRA ,2020-06-18 03:48:56,1104
PRA ,2020-06-18 04:48:41,1104
PRA ,2020-06-18 05:48:29,1104
PRA ,2020-06-18 06:48:42,1104
PRA ,2020-06-18 07:49:02,1104
PRA ,2020-06-18 08:48:39,1104
PRA ,2020-06-18 09:48:36,1104
PRA ,2020-06-18 10:48:28,1104
PRA ,2020-06-18 11:48:57,1104
PRA ,2020-06-18 12:48:43,1104
PRA ,2020-06-18 13:49:06,1104
PRA ,2020-06-18 14:49:04,1103
PRA ,2020-06-18 17:10:34,1103
PRA ,2020-06-18 17:48:38,1103
PRA ,2020-06-18 18:48:59,1103
PRA ,2020-06-18 19:48:57,1103
PRA ,2020-06-18 20:48:47,1093
PRA ,2020-06-18 21:49:04,1093
PRA ,2020-06-18 22:48:39,1093
PRA ,2020-06-18 23:48:46,1093
PRA ,2020-06-19 00:49:11,1093
PRA ,2020-06-19 01:48:40,1093
PRA ,2020-06-19 02:48:35,1093
PRA ,2020-06-19 03:49:14,1093
PRA ,2020-06-19 04:51:11,1093
PRA ,2020-06-19 05:48:37,1093
PRA ,2020-06-19 06:48:34,1093
PRA ,2020-06-19 07:49:06,1093
PRA ,2020-06-19 08:49:23,1093
PRA ,2020-06-19 09:49:07,1093
PRA ,2020-06-19 10:48:38,1093
PRA ,2020-06-19 11:48:37,1093
PRA ,2020-06-19 13:12:09,1093
PRA ,2020-06-19 13:49:20,1093
PRA ,2020-06-19 14:48:45,1091
PRA ,2020-06-19 15:48:50,1092
PRA ,2020-06-19 16:48:38,1093
PRA ,2020-06-19 17:49:08,1095
PRA ,2020-06-19 18:48:38,1098
PRA ,2020-06-19 19:48:44,1099
PRA ,2020-06-19 20:48:42,1101
PRA ,2020-06-19 21:48:37,1101
PRA ,2020-06-19 22:48:45,1101
PRA ,2020-06-19 23:49:05,1101
PRA ,2020-06-20 00:48:44,1101
PRA ,2020-06-20 01:48:59,1101
PRA ,2020-06-20 02:48:52,1101
PRA ,2020-06-20 03:48:34,1101
PRA ,2020-06-20 04:48:24,1101
PRA ,2020-06-20 05:48:38,1101
PRA ,2020-06-20 06:48:33,1101
PRA ,2020-06-20 07:48:39,1101
PRA ,2020-06-20 08:48:38,1101
PRA ,2020-06-20 09:48:37,1101
PRA ,2020-06-20 10:48:36,1101
PRA ,2020-06-20 11:48:41,1101
PRA ,2020-06-20 12:48:39,1101
PRA ,2020-06-20 13:48:42,1101
PRA ,2020-06-20 14:48:39,1101
PRA ,2020-06-20 15:48:27,1101
PRA ,2020-06-20 16:49:10,1101
PRA ,2020-06-20 17:48:33,1101
PRA ,2020-06-20 18:48:33,1101
PRA ,2020-06-20 19:48:56,1101
PRA ,2020-06-20 20:48:38,1101
PRA ,2020-06-20 21:48:40,1101
PRA ,2020-06-20 22:48:48,1101
PRA ,2020-06-20 23:48:47,1101
PRA ,2020-06-21 00:48:46,1101
PRA ,2020-06-21 01:48:37,1101
PRA ,2020-06-21 02:48:40,1101
PRA ,2020-06-21 03:49:15,1101
PRA ,2020-06-21 04:48:36,1101
PRA ,2020-06-21 05:49:16,1101
PRA ,2020-06-21 06:48:40,1101
PRA ,2020-06-21 07:48:39,1101
PRA ,2020-06-21 08:48:30,1101
PRA ,2020-06-21 09:48:29,1101
PRA ,2020-06-21 10:48:25,1101
PRA ,2020-06-21 11:48:39,1101
PRA ,2020-06-21 12:48:49,1101
PRA ,2020-06-21 13:48:47,1101
PRA ,2020-06-21 14:49:22,1101
PRA ,2020-06-21 15:48:39,1101
PRA ,2020-06-21 16:48:29,1101
PRA ,2020-06-21 17:48:32,1101
PRA ,2020-06-21 18:48:41,1101
PRA ,2020-06-21 19:48:42,1101
PRA ,2020-06-21 20:48:39,1101
PRA ,2020-06-21 21:48:44,1101
PRA ,2020-06-21 22:49:10,1101
PRA ,2020-06-21 23:48:50,1101
PRA ,2020-06-22 00:48:31,1101
PRA ,2020-06-22 01:49:10,1101
PRA ,2020-06-22 02:48:45,1101
PRA ,2020-06-22 03:48:35,1101
PRA ,2020-06-22 04:48:45,1101
PRA ,2020-06-22 05:49:13,1101
PRA ,2020-06-22 06:48:41,1101
PRA ,2020-06-22 07:48:28,1101
PRA ,2020-06-22 08:48:46,1101
PRA ,2020-06-22 09:48:43,1101
PRA ,2020-06-22 10:49:11,1101
PRA ,2020-06-22 11:48:34,1101
PRA ,2020-06-22 12:48:44,1101
PRA ,2020-06-22 13:48:46,1101
PRA ,2020-06-22 14:48:49,1093
PRA ,2020-06-22 15:49:11,1092
PRA ,2020-06-22 16:48:47,1092
PRA ,2020-06-22 17:50:22,1092
PRA ,2020-06-22 18:48:38,1093
PRA ,2020-06-22 20:48:34,1100
PRA ,2020-06-22 21:49:50,1100
PRA ,2020-06-22 22:48:29,1100
PRA ,2020-06-22 23:48:38,1100
PRA ,2020-06-23 00:48:32,1100
PRA ,2020-06-23 01:48:39,1100
PRA ,2020-06-23 02:48:52,1100
PRA ,2020-06-23 03:48:51,1100
PRA ,2020-06-23 04:49:03,1100
PRA ,2020-06-23 05:48:59,1100
PRA ,2020-06-23 06:48:34,1100
PRA ,2020-06-23 07:48:50,1100
PRA ,2020-06-23 08:49:40,1100
PRA ,2020-06-23 09:48:36,1100
PRA ,2020-06-23 10:48:50,1100
PRA ,2020-06-23 11:48:43,1100
PRA ,2020-06-23 12:48:48,1100
PRA ,2020-06-23 13:48:55,1100
PRA ,2020-06-23 14:48:48,1099
PRA ,2020-06-23 15:49:01,1095
PRA ,2020-06-23 16:48:45,1096
PRA ,2020-06-23 17:48:55,1096
PRA ,2020-06-23 18:49:12,1096
PRA ,2020-06-23 19:48:32,1095
PRA ,2020-06-23 20:48:46,1098
PRA ,2020-06-23 21:48:34,1097
PRA ,2020-06-23 22:49:08,1097
PRA ,2020-06-23 23:49:16,1097
PRA ,2020-06-24 00:49:15,1097
PRA ,2020-06-24 01:49:11,1097
PRA ,2020-06-24 02:49:23,1097
PRA ,2020-06-24 03:48:37,1097
PRA ,2020-06-24 04:49:07,1097
PRA ,2020-06-24 05:49:19,1097
PRA ,2020-06-24 06:48:49,1097
PRA ,2020-06-24 07:48:39,1097
PRA ,2020-06-24 08:49:10,1097
PRA ,2020-06-24 09:48:48,1097
PRA ,2020-06-24 10:48:53,1097
PRA ,2020-06-24 11:48:33,1097
PRA ,2020-06-24 12:48:42,1097
PRA ,2020-06-24 13:48:48,1097
PRA ,2020-06-24 14:48:42,1092
PRA ,2020-06-24 15:48:37,1093
PRA ,2020-06-24 16:48:53,1096
PRA ,2020-06-24 17:49:11,1095
PRA ,2020-06-24 18:49:08,1095
PRA ,2020-06-24 19:49:12,1095
PRA ,2020-06-24 20:48:42,1095
PRA ,2020-06-24 21:48:51,1094
PRA ,2020-06-24 22:48:52,1094
PRA ,2020-06-24 23:48:43,1094
PRA ,2020-06-25 00:49:02,1094
PRA ,2020-06-25 01:48:43,1094
PRA ,2020-06-25 02:48:30,1094
PRA ,2020-06-25 03:48:37,1094
PRA ,2020-06-25 04:48:42,1094
PRA ,2020-06-25 05:48:41,1094
PRA ,2020-06-25 06:48:50,1094
PRA ,2020-06-25 07:48:51,1094
PRA ,2020-06-25 08:48:51,1094
PRA ,2020-06-25 09:49:13,1094
PRA ,2020-06-25 10:48:35,1094
PRA ,2020-06-25 11:49:32,1094
PRA ,2020-06-25 13:11:14,1094
PRA ,2020-06-25 13:49:14,1094
PRA ,2020-06-25 14:49:48,1086
PRA ,2020-06-25 15:49:25,1079
PRA ,2020-06-25 16:49:19,1079
PRA ,2020-06-25 17:49:25,1077
PRA ,2020-06-25 18:48:56,1078
PRA ,2020-06-25 19:48:55,1077
PRA ,2020-06-25 20:48:46,1076
PRA ,2020-06-25 21:49:13,1076
PRA ,2020-06-25 22:49:23,1076
PRA ,2020-06-25 23:48:39,1076
PRA ,2020-06-26 00:49:28,1076
PRA ,2020-06-26 01:48:54,1076
PRA ,2020-06-26 02:48:55,1076
PRA ,2020-06-26 03:49:12,1076
PRA ,2020-06-26 04:48:37,1076
PRA ,2020-06-26 05:48:50,1076
PRA ,2020-06-26 06:48:54,1076
PRA ,2020-06-26 07:49:06,1076
PRA ,2020-06-26 08:49:03,1076
PRA ,2020-06-26 09:48:49,1076
PRA ,2020-06-26 10:48:39,1076
PRA ,2020-06-26 11:48:47,1076
PRA ,2020-06-26 12:48:53,1076
PRA ,2020-06-26 13:49:41,1076
PRA ,2020-06-26 14:48:52,1076
PRA ,2020-06-26 15:48:42,1074
PRA ,2020-06-26 16:48:54,1074
PRA ,2020-06-26 17:48:43,1073
PRA ,2020-06-26 18:48:53,1074
PRA ,2020-06-26 19:48:57,1075
PRA ,2020-06-26 20:48:41,1076
PRA ,2020-06-26 21:48:46,1076
PRA ,2020-06-26 22:49:17,1076
PRA ,2020-06-26 23:48:36,1076
PRA ,2020-06-27 00:49:39,1076
PRA ,2020-06-27 01:49:11,1076
PRA ,2020-06-27 02:49:09,1076
PRA ,2020-06-27 03:49:07,1076
PRA ,2020-06-27 04:49:19,1076
PRA ,2020-06-27 05:48:33,1076
PRA ,2020-06-27 06:48:45,1076
PRA ,2020-06-27 07:48:46,1076
PRA ,2020-06-27 08:48:41,1076
PRA ,2020-06-27 09:48:40,1076
PRA ,2020-06-27 10:48:44,1076
PRA ,2020-06-27 11:48:31,1076
PRA ,2020-06-27 12:48:57,1076
PRA ,2020-06-27 13:48:48,1076
PRA ,2020-06-27 14:48:30,1076
PRA ,2020-06-27 15:49:17,1076
PRA ,2020-06-27 16:48:45,1076
PRA ,2020-06-27 17:48:38,1076
PRA ,2020-06-27 18:48:40,1076
PRA ,2020-06-27 19:48:42,1076
PRA ,2020-06-27 20:48:34,1076
PRA ,2020-06-27 21:48:39,1076
PRA ,2020-06-27 22:48:44,1076
PRA ,2020-06-27 23:48:35,1076
PRA ,2020-06-28 00:48:54,1076
PRA ,2020-06-28 01:48:33,1076
PRA ,2020-06-28 02:48:47,1076
PRA ,2020-06-28 03:48:34,1076
PRA ,2020-06-28 04:48:33,1076
PRA ,2020-06-28 05:48:41,1076
PRA ,2020-06-28 06:48:42,1076
PRA ,2020-06-28 07:48:59,1076
PRA ,2020-06-28 08:48:52,1076
PRA ,2020-06-28 09:48:38,1076
PRA ,2020-06-28 10:48:41,1076
PRA ,2020-06-28 11:48:33,1076
PRA ,2020-06-28 12:48:44,1076
PRA ,2020-06-28 13:48:44,1076
PRA ,2020-06-28 14:48:35,1076
PRA ,2020-06-28 15:48:49,1076
PRA ,2020-06-28 16:48:42,1076
PRA ,2020-06-28 17:48:41,1076
PRA ,2020-06-28 18:48:50,1076
PRA ,2020-06-28 19:48:47,1076
PRA ,2020-06-28 20:48:33,1076
PRA ,2020-06-28 21:48:50,1076
PRA ,2020-06-28 22:49:02,1076
PRA ,2020-06-28 23:48:52,1076
PRA ,2020-06-29 00:49:00,1076
PRA ,2020-06-29 01:48:33,1076
PRA ,2020-06-29 02:48:48,1076
PRA ,2020-06-29 03:48:41,1076
PRA ,2020-06-29 04:48:48,1076
PRA ,2020-06-29 05:48:38,1076
PRA ,2020-06-29 06:48:55,1076
PRA ,2020-06-29 07:49:00,1076
PRA ,2020-06-29 08:48:47,1076
PRA ,2020-06-29 09:48:49,1076
PRA ,2020-06-29 10:48:43,1076
PRA ,2020-06-29 11:48:40,1076
PRA ,2020-06-29 12:48:52,1076
PRA ,2020-06-29 13:49:07,1076
PRA ,2020-06-29 14:49:19,1074
PRA ,2020-06-29 15:48:52,1068
PRA ,2020-06-29 16:48:45,1063
PRA ,2020-06-29 17:48:43,1059
PRA ,2020-06-29 18:48:42,1055
PRA ,2020-06-29 19:48:53,1053
PRA ,2020-06-29 20:48:50,1052
PRA ,2020-06-29 21:48:49,1052
PRA ,2020-06-29 22:48:41,1051
PRA ,2020-06-29 23:48:55,1051
PRA ,2020-06-30 00:49:15,1051
PRA ,2020-06-30 01:48:51,1051
PRA ,2020-06-30 02:49:30,1051
PRA ,2020-06-30 03:48:42,1051
PRA ,2020-06-30 04:49:21,1051
PRA ,2020-06-30 05:48:52,1051
PRA ,2020-06-30 06:49:09,1051
PRA ,2020-06-30 07:48:43,1051
PRA ,2020-06-30 08:48:43,1051
PRA ,2020-06-30 09:48:53,1051
PRA ,2020-06-30 10:50:49,1051
PRA ,2020-06-30 11:48:45,1051
PRA ,2020-06-30 12:48:43,1051
PRA ,2020-06-30 13:49:51,1051
PRA ,2020-06-30 14:48:58,1047
PRA ,2020-06-30 15:49:13,1046
PRA ,2020-06-30 16:49:39,1046
PRA ,2020-06-30 17:48:52,1045
PRA ,2020-06-30 18:49:11,1045
PRA ,2020-06-30 19:48:47,1042
PRA ,2020-06-30 20:49:03,1037
PRA ,2020-06-30 21:49:24,1037
PRA ,2020-06-30 22:48:34,1037
PRA ,2020-06-30 23:48:41,1037
PRA ,2020-07-01 00:50:00,1037
PRA ,2020-07-01 01:48:49,1037
PRA ,2020-07-01 02:49:21,1037
PRA ,2020-07-01 03:48:52,1037
PRA ,2020-07-01 04:48:55,1037
PRA ,2020-07-01 05:49:05,1037
PRA ,2020-07-01 06:48:53,1037
PRA ,2020-07-01 07:48:55,1037
PRA ,2020-07-01 08:49:27,1037
PRA ,2020-07-01 09:49:50,1037
PRA ,2020-07-01 10:49:33,1037
PRA ,2020-07-01 11:48:59,1037
PRA ,2020-07-01 13:10:48,1037
PRA ,2020-07-01 13:49:41,1037
PRA ,2020-07-01 14:49:46,1036
PRA ,2020-07-01 15:49:45,1036
PRA ,2020-07-01 16:49:32,1035
PRA ,2020-07-01 17:49:22,1035
PRA ,2020-07-01 18:49:25,1035
PRA ,2020-07-01 19:49:42,1036
PRA ,2020-07-01 20:49:27,1036
PRA ,2020-07-01 21:48:48,1037
PRA ,2020-07-01 22:49:24,1037
PRA ,2020-07-01 23:48:53,1037
PRA ,2020-07-02 00:50:39,1037
PRA ,2020-07-02 01:48:53,1037
PRA ,2020-07-02 02:49:01,1037
PRA ,2020-07-02 03:49:06,1037
PRA ,2020-07-02 04:48:57,1037
PRA ,2020-07-02 05:49:04,1037
PRA ,2020-07-02 06:48:53,1037
PRA ,2020-07-02 07:48:45,1037
PRA ,2020-07-02 08:48:54,1037
PRA ,2020-07-02 09:49:12,1037
PRA ,2020-07-02 10:48:57,1037
PRA ,2020-07-02 11:49:01,1037
PRA ,2020-07-02 13:13:46,1037
PRA ,2020-07-02 13:49:26,1037
PRA ,2020-07-02 14:49:04,1030
PRA ,2020-07-02 15:49:07,1028
PRA ,2020-07-02 16:49:16,1028
PRA ,2020-07-02 17:49:09,1029
PRA ,2020-07-02 18:49:13,1030
PRA ,2020-07-02 19:49:17,1030
PRA ,2020-07-02 20:48:41,1029
PRA ,2020-07-02 21:48:59,1029
PRA ,2020-07-02 22:48:46,1029
PRA ,2020-07-02 23:48:40,1029
PRA ,2020-07-03 00:49:26,1029
PRA ,2020-07-03 01:49:02,1029
PRA ,2020-07-03 02:49:16,1029
PRA ,2020-07-03 03:48:46,1029
PRA ,2020-07-03 04:49:23,1029
PRA ,2020-07-03 05:48:51,1029
PRA ,2020-07-03 06:48:50,1029
PRA ,2020-07-03 07:48:51,1029
PRA ,2020-07-03 08:48:50,1029
PRA ,2020-07-03 09:49:16,1029
PRA ,2020-07-03 10:48:55,1029
PRA ,2020-07-03 11:48:44,1029
PRA ,2020-07-03 12:48:46,1029
PRA ,2020-07-03 13:48:50,1029
PRA ,2020-07-03 14:48:57,1029
PRA ,2020-07-03 15:48:48,1029
PRA ,2020-07-03 16:48:49,1029
PRA ,2020-07-03 17:48:48,1029
PRA ,2020-07-03 18:49:02,1029
PRA ,2020-07-03 19:48:53,1029
PRA ,2020-07-03 20:48:57,1029
PRA ,2020-07-03 21:48:51,1029
PRA ,2020-07-03 22:48:46,1029
PRA ,2020-07-03 23:48:57,1029
PRA ,2020-07-04 00:48:45,1029
PRA ,2020-07-04 01:49:08,1029
PRA ,2020-07-04 02:49:16,1029
PRA ,2020-07-04 03:48:42,1029
PRA ,2020-07-04 04:48:38,1029
PRA ,2020-07-04 05:48:51,1029
PRA ,2020-07-04 06:48:58,1029
PRA ,2020-07-04 07:48:48,1029
PRA ,2020-07-04 08:48:54,1029
PRA ,2020-07-04 09:48:54,1029
PRA ,2020-07-04 11:40:47,1029
PRA ,2020-07-04 11:48:49,1029
PRA ,2020-07-04 12:48:57,1029
PRA ,2020-07-04 13:48:51,1029
PRA ,2020-07-04 14:49:01,1029
PRA ,2020-07-04 15:48:35,1029
PRA ,2020-07-04 16:49:17,1029
PRA ,2020-07-04 17:48:45,1029
PRA ,2020-07-04 18:48:53,1029
PRA ,2020-07-04 19:48:41,1029
PRA ,2020-07-04 20:48:50,1029
PRA ,2020-07-04 21:48:53,1029
PRA ,2020-07-04 22:48:41,1029
PRA ,2020-07-04 23:49:03,1029
PRA ,2020-07-05 00:48:56,1029
PRA ,2020-07-05 01:48:55,1029
PRA ,2020-07-05 02:48:38,1029
PRA ,2020-07-05 03:48:46,1029
PRA ,2020-07-05 04:48:42,1029
PRA ,2020-07-05 05:48:56,1029
PRA ,2020-07-05 06:48:58,1029
PRA ,2020-07-05 07:48:59,1029
PRA ,2020-07-05 08:48:52,1029
PRA ,2020-07-05 11:37:17,1029
PRA ,2020-07-05 11:40:28,1029
PRA ,2020-07-05 11:49:58,1029
PRA ,2020-07-05 12:48:44,1029
PRA ,2020-07-05 13:48:53,1029
PRA ,2020-07-05 14:48:41,1029
PRA ,2020-07-05 15:49:08,1029
PRA ,2020-07-05 16:48:52,1029
PRA ,2020-07-05 17:48:44,1029
PRA ,2020-07-05 18:48:41,1029
PRA ,2020-07-05 19:49:01,1029
PRA ,2020-07-05 20:48:48,1029
PRA ,2020-07-05 21:48:53,1029
PRA ,2020-07-05 22:48:40,1029
PRA ,2020-07-05 23:48:43,1029
PRA ,2020-07-06 00:48:52,1029
PRA ,2020-07-06 01:48:59,1029
PRA ,2020-07-06 02:48:49,1029
PRA ,2020-07-06 03:48:48,1029
PRA ,2020-07-06 04:48:44,1029
PRA ,2020-07-06 05:48:32,1029
PRA ,2020-07-06 06:49:00,1029
PRA ,2020-07-06 07:49:17,1029
PRA ,2020-07-06 08:48:58,1029
PRA ,2020-07-06 11:43:00,1029
PRA ,2020-07-06 11:46:47,1029
PRA ,2020-07-06 11:54:27,1029
PRA ,2020-07-06 14:12:23,1023
PRA ,2020-07-06 14:20:21,1023
PRA ,2020-07-06 14:49:23,1023
PRA ,2020-07-06 15:49:00,1023
PRA ,2020-07-06 16:49:35,1020
PRA ,2020-07-06 17:48:57,1020
PRA ,2020-07-06 18:48:45,1021
PRA ,2020-07-06 19:48:42,1021
PRA ,2020-07-06 20:49:01,1023
PRA ,2020-07-06 21:48:42,1023
PRA ,2020-07-06 22:49:19,1023
PRA ,2020-07-06 23:48:43,1023
PRA ,2020-07-07 00:48:57,1023
PRA ,2020-07-07 01:48:38,1023
PRA ,2020-07-07 02:48:49,1023
PRA ,2020-07-07 03:49:27,1023
PRA ,2020-07-07 04:48:45,1023
PRA ,2020-07-07 05:48:37,1023
PRA ,2020-07-07 06:48:38,1023
PRA ,2020-07-07 07:48:33,1023
PRA ,2020-07-07 08:48:43,1023
PRA ,2020-07-07 11:28:20,1023
PRA ,2020-07-07 11:34:36,1023
PRA ,2020-07-07 11:48:49,1023
PRA ,2020-07-07 12:48:57,1023
PRA ,2020-07-07 13:49:00,1023
PRA ,2020-07-07 14:48:48,1023
PRA ,2020-07-07 15:49:35,1023
PRA ,2020-07-07 16:50:20,1022
PRA ,2020-07-07 17:49:09,1025
PRA ,2020-07-07 18:48:43,1023
PRA ,2020-07-07 19:49:35,1022
PRA ,2020-07-07 20:49:01,1022
PRA ,2020-07-07 21:49:40,1022
PRA ,2020-07-07 22:48:57,1022
PRA ,2020-07-07 23:48:56,1022
PRA ,2020-07-08 00:50:50,1022
PRA ,2020-07-08 01:49:17,1022
PRA ,2020-07-08 02:48:54,1022
PRA ,2020-07-08 03:49:02,1022
PRA ,2020-07-08 04:48:51,1022
PRA ,2020-07-08 05:49:16,1022
PRA ,2020-07-08 06:48:59,1022
PRA ,2020-07-08 07:48:52,1022
PRA ,2020-07-08 08:49:01,1022
PRA ,2020-07-08 12:02:00,1022
PRA ,2020-07-08 12:03:10,1022
PRA ,2020-07-08 12:08:04,1022
PRA ,2020-07-08 13:14:51,1022
PRA ,2020-07-08 13:49:18,1022
PRA ,2020-07-08 14:48:55,1019
PRA ,2020-07-08 15:48:59,1019
PRA ,2020-07-08 16:48:51,1019
PRA ,2020-07-08 17:48:58,1019
PRA ,2020-07-08 18:49:18,1019
PRA ,2020-07-08 19:49:27,1018
PRA ,2020-07-08 20:48:54,1017
PRA ,2020-07-08 21:48:55,1017
PRA ,2020-07-08 22:48:55,1018
PRA ,2020-07-08 23:49:01,1018
PRA ,2020-07-09 00:50:40,1018
PRA ,2020-07-09 01:48:53,1018
PRA ,2020-07-09 18:51:17,1005
PRA ,2020-07-09 18:54:23,1005
PRA ,2020-07-09 19:02:06,1005
PRA ,2020-07-09 19:51:00,1002
PRA ,2020-07-09 20:49:02,998
PRA ,2020-07-09 21:49:11,998
PRA ,2020-07-09 22:49:17,998
PRA ,2020-07-09 23:48:55,998
PRA ,2020-07-10 00:50:32,998
PRA ,2020-07-10 01:49:02,998
PRA ,2020-07-10 02:49:22,998
PRA ,2020-07-10 03:48:53,998
PRA ,2020-07-10 04:48:36,998
PRA ,2020-07-10 05:48:44,998
PRA ,2020-07-10 06:48:57,998
PRA ,2020-07-10 07:48:51,998
PRA ,2020-07-10 08:48:49,998
PRA ,2020-07-10 11:46:27,998
PRA ,2020-07-10 11:54:07,998
PRA ,2020-07-10 12:01:44,998
PRA ,2020-07-10 13:14:44,998
PRA ,2020-07-10 13:48:57,998
PRA ,2020-07-10 14:48:40,998
PRA ,2020-07-10 15:49:00,993
PRA ,2020-07-10 16:49:01,993
PRA ,2020-07-10 17:48:44,991
PRA ,2020-07-10 18:48:58,990
PRA ,2020-07-10 19:48:58,990
PRA ,2020-07-10 20:48:46,989
PRA ,2020-07-10 21:49:18,989
PRA ,2020-07-10 22:48:41,989
PRA ,2020-07-10 23:48:59,989
PRA ,2020-07-11 00:48:46,989
PRA ,2020-07-11 01:48:54,989
PRA ,2020-07-11 02:48:35,989
PRA ,2020-07-11 03:48:59,989
PRA ,2020-07-11 04:48:56,989
PRA ,2020-07-11 05:48:46,989
PRA ,2020-07-11 06:48:48,989
PRA ,2020-07-11 07:49:05,989
PRA ,2020-07-11 08:48:59,989
PRA ,2020-07-11 11:57:50,989
PRA ,2020-07-11 12:04:08,989
PRA ,2020-07-11 12:10:26,989
PRA ,2020-07-11 12:48:53,989
PRA ,2020-07-11 13:48:51,989
PRA ,2020-07-11 14:48:55,989
PRA ,2020-07-11 15:48:55,989
PRA ,2020-07-11 16:48:36,989
PRA ,2020-07-11 17:48:49,989
PRA ,2020-07-11 18:48:50,989
PRA ,2020-07-11 19:48:48,989
PRA ,2020-07-11 20:48:34,989
PRA ,2020-07-11 21:49:16,989
PRA ,2020-07-11 22:49:04,989
PRA ,2020-07-11 23:48:45,989
PRA ,2020-07-12 00:48:45,989
PRA ,2020-07-12 01:49:28,989
PRA ,2020-07-12 02:48:49,989
PRA ,2020-07-12 03:48:57,989
PRA ,2020-07-12 04:48:39,989
PRA ,2020-07-12 05:48:50,989
PRA ,2020-07-12 06:49:12,989
PRA ,2020-07-12 07:48:46,989
PRA ,2020-07-12 08:48:40,989
PRA ,2020-07-12 11:41:22,989
PRA ,2020-07-12 11:46:19,989
PRA ,2020-07-12 11:55:59,989
PRA ,2020-07-12 12:48:41,989
PRA ,2020-07-12 13:48:50,989
PRA ,2020-07-12 14:48:37,989
PRA ,2020-07-12 15:48:50,989
PRA ,2020-07-12 16:48:56,989
PRA ,2020-07-12 17:48:37,989
PRA ,2020-07-12 18:48:42,989
PRA ,2020-07-12 19:48:52,989
PRA ,2020-07-12 20:48:47,989
PRA ,2020-07-12 21:48:37,989
PRA ,2020-07-12 22:49:06,989
PRA ,2020-07-12 23:48:46,989
PRA ,2020-07-13 00:49:11,989
PRA ,2020-07-13 01:49:07,989
PRA ,2020-07-13 02:49:35,989
PRA ,2020-07-13 03:49:00,989
PRA ,2020-07-13 04:48:59,989
PRA ,2020-07-13 05:48:44,989
PRA ,2020-07-13 06:49:09,989
PRA ,2020-07-13 07:48:45,989
PRA ,2020-07-13 08:48:56,989
PRA ,2020-07-13 12:07:59,989
PRA ,2020-07-13 12:11:56,989
PRA ,2020-07-13 12:15:16,989
PRA ,2020-07-13 12:49:37,989
PRA ,2020-07-13 13:48:57,989
PRA ,2020-07-13 14:48:52,987
PRA ,2020-07-13 15:49:09,987
PRA ,2020-07-13 16:49:42,980
PRA ,2020-07-13 17:48:55,975
PRA ,2020-07-13 18:49:01,964
PRA ,2020-07-13 19:49:22,958
PRA ,2020-07-13 20:49:10,955
PRA ,2020-07-13 21:49:11,954
PRA ,2020-07-13 22:49:16,954
PRA ,2020-07-13 23:49:14,954
PRA ,2020-07-14 00:50:16,954
PRA ,2020-07-14 01:49:25,954
PRA ,2020-07-14 02:49:26,954
PRA ,2020-07-14 03:49:00,954
PRA ,2020-07-14 04:48:51,954
PRA ,2020-07-14 05:48:58,954
PRA ,2020-07-14 06:48:56,954
PRA ,2020-07-14 07:49:11,954
PRA ,2020-07-14 08:49:08,954
PRA ,2020-07-14 12:11:29,954
PRA ,2020-07-14 12:21:03,954
PRA ,2020-07-14 12:24:55,954
PRA ,2020-07-14 12:49:08,954
PRA ,2020-07-14 13:49:43,954
PRA ,2020-07-14 14:49:27,952
PRA ,2020-07-14 15:49:45,949
PRA ,2020-07-14 16:50:08,948
PRA ,2020-07-14 17:50:04,949
PRA ,2020-07-14 18:49:40,950
PRA ,2020-07-14 19:49:16,950
PRA ,2020-07-14 20:49:25,951
PRA ,2020-07-14 21:49:16,951
PRA ,2020-07-14 22:49:29,951
PRA ,2020-07-14 23:49:29,951
PRA ,2020-07-15 00:49:53,951
PRA ,2020-07-15 01:49:36,951
PRA ,2020-07-15 02:33:13,951
PRA ,2020-07-15 02:40:52,951
PRA ,2020-07-15 02:48:32,951
PRA ,2020-07-15 02:56:27,951
PRA ,2020-07-15 03:17:56,951
PRA ,2020-07-15 03:25:47,951
PRA ,2020-07-15 03:33:39,951
PRA ,2020-07-15 03:41:22,951
PRA ,2020-07-15 03:49:05,951
PRA ,2020-07-15 03:56:50,951
PRA ,2020-07-15 04:04:39,951
PRA ,2020-07-15 04:12:26,951
PRA ,2020-07-15 04:20:11,951
PRA ,2020-07-15 04:27:55,951
PRA ,2020-07-15 04:35:50,951
PRA ,2020-07-15 04:43:32,951
PRA ,2020-07-15 04:51:15,951
PRA ,2020-07-15 04:59:08,951
PRA ,2020-07-15 05:07:21,951
PRA ,2020-07-15 05:15:02,951
PRA ,2020-07-15 12:21:53,951
PRA ,2020-07-15 12:29:51,951
PRA ,2020-07-15 12:37:47,951
PRA ,2020-07-15 12:45:41,951
PRA ,2020-07-15 12:53:37,951
PRA ,2020-07-15 13:01:30,951
PRA ,2020-07-15 13:09:36,950
PRA ,2020-07-15 13:17:48,950
PRA ,2020-07-15 13:25:56,950
PRA ,2020-07-15 13:34:02,950
PRA ,2020-07-15 13:42:03,950
PRA ,2020-07-15 13:50:01,950
PRA ,2020-07-15 13:57:57,950
PRA ,2020-07-15 14:06:00,950
PRA ,2020-07-15 14:14:08,943
PRA ,2020-07-15 14:22:11,943
PRA ,2020-07-15 14:30:10,943
PRA ,2020-07-15 14:38:07,943
PRA ,2020-07-15 14:48:02,943
PRA ,2020-07-15 14:57:57,943
PRA ,2020-07-15 15:08:06,930
PRA ,2020-07-15 15:18:04,930
PRA ,2020-07-15 15:28:00,930
PRA ,2020-07-15 15:37:56,930
PRA ,2020-07-15 15:48:11,930
PRA ,2020-07-15 15:58:14,930
PRA ,2020-07-15 16:08:17,928
PRA ,2020-07-15 16:18:20,928
PRA ,2020-07-15 16:28:24,928
PRA ,2020-07-15 16:38:38,928
PRA ,2020-07-15 16:48:50,928
PRA ,2020-07-15 16:58:51,928
PRA ,2020-07-15 17:16:14,925
PRA ,2020-07-15 17:24:04,925
PRA ,2020-07-15 17:31:49,925
PRA ,2020-07-15 17:39:36,925
PRA ,2020-07-15 17:47:23,925
PRA ,2020-07-15 17:55:12,925
PRA ,2020-07-15 18:03:14,921
PRA ,2020-07-15 18:11:09,921
PRA ,2020-07-15 18:19:04,921
PRA ,2020-07-15 18:26:57,921
PRA ,2020-07-15 18:34:50,921
PRA ,2020-07-15 18:42:58,921
PRA ,2020-07-15 18:51:03,921
PRA ,2020-07-15 18:58:58,921
PRA ,2020-07-15 19:07:18,921
PRA ,2020-07-15 19:15:15,916
PRA ,2020-07-15 19:23:02,916
PRA ,2020-07-15 19:31:00,916
PRA ,2020-07-15 19:41:01,916
PRA ,2020-07-15 19:50:52,916
PRA ,2020-07-15 20:00:45,916
PRA ,2020-07-15 20:10:42,911
PRA ,2020-07-15 20:20:50,911
PRA ,2020-07-15 20:30:39,911
PRA ,2020-07-15 20:40:27,911
PRA ,2020-07-15 20:50:13,911
PRA ,2020-07-15 20:59:57,911
PRA ,2020-07-15 21:09:48,911
PRA ,2020-07-15 21:19:37,911
PRA ,2020-07-15 21:29:20,911
PRA ,2020-07-15 21:39:55,911
PRA ,2020-07-15 21:49:52,911
PRA ,2020-07-15 22:00:05,911
PRA ,2020-07-15 22:10:01,911
PRA ,2020-07-15 22:19:56,911
PRA ,2020-07-15 22:29:44,911
PRA ,2020-07-15 22:39:28,911
PRA ,2020-07-15 22:49:12,911
PRA ,2020-07-15 23:06:07,911
PRA ,2020-07-15 23:12:31,911
PRA ,2020-07-15 23:18:52,911
PRA ,2020-07-15 23:28:39,911
PRA ,2020-07-15 23:38:29,911
PRA ,2020-07-15 23:48:14,911
PRA ,2020-07-15 23:58:11,911
PRA ,2020-07-16 00:08:46,911
PRA ,2020-07-16 00:19:14,911
PRA ,2020-07-16 00:29:34,911
PRA ,2020-07-16 00:39:48,911
PRA ,2020-07-16 00:49:40,911
PRA ,2020-07-16 00:59:28,911
PRA ,2020-07-16 01:09:22,911
PRA ,2020-07-16 01:19:19,911
PRA ,2020-07-16 01:29:08,911
PRA ,2020-07-16 01:38:53,911
PRA ,2020-07-16 01:48:41,911
PRA ,2020-07-16 01:58:32,911
PRA ,2020-07-16 02:08:29,911
PRA ,2020-07-16 02:18:40,911
PRA ,2020-07-16 02:28:56,911
PRA ,2020-07-16 02:38:58,911
PRA ,2020-07-16 02:49:13,911
PRA ,2020-07-16 03:04:16,911
PRA ,2020-07-16 03:09:21,911
PRA ,2020-07-16 03:19:53,911
PRA ,2020-07-16 03:29:54,911
PRA ,2020-07-16 03:39:58,911
PRA ,2020-07-16 03:49:58,911
PRA ,2020-07-16 04:00:18,911
PRA ,2020-07-16 04:10:35,911
PRA ,2020-07-16 04:20:32,911
PRA ,2020-07-16 04:30:28,911
PRA ,2020-07-16 04:40:23,911
PRA ,2020-07-16 04:50:17,911
PRA ,2020-07-16 05:00:11,911
PRA ,2020-07-16 05:10:08,911
PRA ,2020-07-16 05:20:01,911
PRA ,2020-07-16 05:29:52,911
PRA ,2020-07-16 05:42:22,911
PRA ,2020-07-16 05:53:46,911
PRA ,2020-07-16 06:03:44,911
PRA ,2020-07-16 06:13:33,911
PRA ,2020-07-16 06:21:45,911
PRA ,2020-07-16 06:30:57,911
PRA ,2020-07-16 06:40:10,911
PRA ,2020-07-16 06:49:30,911
PRA ,2020-07-16 07:10:56,911
PRA ,2020-07-16 07:16:36,911
PRA ,2020-07-16 07:21:15,911
PRA ,2020-07-16 07:32:24,911
PRA ,2020-07-16 07:46:41,911
PRA ,2020-07-16 08:03:27,911
PRA ,2020-07-16 08:14:05,911
PRA ,2020-07-16 08:23:42,911
PRA ,2020-07-16 08:32:52,911
PRA ,2020-07-16 08:42:38,911
PRA ,2020-07-16 08:51:37,911
PRA ,2020-07-16 09:00:54,911
PRA ,2020-07-16 09:10:44,911
PRA ,2020-07-16 09:20:48,911
PRA ,2020-07-16 09:30:45,911
PRA ,2020-07-16 09:40:05,911
PRA ,2020-07-16 09:48:55,911
PRA ,2020-07-16 09:57:39,911
PRA ,2020-07-16 10:06:46,911
PRA ,2020-07-16 10:15:41,911
PRA ,2020-07-16 10:24:05,911
PRA ,2020-07-16 10:32:29,911
PRA ,2020-07-16 10:40:51,911
PRA ,2020-07-16 10:51:22,911
PRA ,2020-07-16 11:02:10,911
PRA ,2020-07-16 11:13:15,911
PRA ,2020-07-16 11:23:50,911
PRA ,2020-07-16 11:34:19,911
PRA ,2020-07-16 11:44:50,911
PRA ,2020-07-16 11:55:52,911
PRA ,2020-07-16 12:07:41,911
PRA ,2020-07-16 12:18:59,911
PRA ,2020-07-16 12:30:01,911
PRA ,2020-07-16 12:41:20,911
PRA ,2020-07-16 12:52:26,911
PRA ,2020-07-16 13:03:40,911
PRA ,2020-07-16 13:15:31,911
PRA ,2020-07-16 13:27:04,911
PRA ,2020-07-16 13:38:59,911
PRA ,2020-07-16 13:50:13,911
PRA ,2020-07-16 14:00:58,911
PRA ,2020-07-16 14:12:17,911
PRA ,2020-07-16 14:23:26,911
PRA ,2020-07-16 14:42:04,911
PRA ,2020-07-16 14:48:49,911
PRA ,2020-07-16 14:55:45,911
PRA ,2020-07-16 15:06:52,911
PRA ,2020-07-16 15:18:02,911
PRA ,2020-07-16 17:01:16,906
PRA ,2020-07-16 17:09:25,906
PRA ,2020-07-16 17:17:44,906
PRA ,2020-07-16 17:25:50,906
PRA ,2020-07-16 17:34:02,906
PRA ,2020-07-16 17:42:13,906
PRA ,2020-07-16 17:50:19,906
PRA ,2020-07-16 17:58:22,906
PRA ,2020-07-16 18:06:44,906
PRA ,2020-07-16 18:14:52,906
PRA ,2020-07-16 18:23:09,906
PRA ,2020-07-16 18:31:15,904
PRA ,2020-07-16 18:39:21,904
PRA ,2020-07-16 18:47:32,904
PRA ,2020-07-16 18:55:51,904
PRA ,2020-07-16 19:04:02,904
PRA ,2020-07-16 19:12:07,904
PRA ,2020-07-16 19:20:13,904
PRA ,2020-07-16 19:30:21,904
PRA ,2020-07-16 19:40:27,904
PRA ,2020-07-16 19:50:32,904
PRA ,2020-07-16 20:00:35,904
PRA ,2020-07-16 20:10:41,902
PRA ,2020-07-16 20:20:41,902
PRA ,2020-07-16 20:30:41,902
PRA ,2020-07-16 20:40:45,902
PRA ,2020-07-16 20:50:48,902
PRA ,2020-07-16 21:00:53,902
PRA ,2020-07-16 21:10:58,902
PRA ,2020-07-16 21:21:03,902
PRA ,2020-07-16 21:31:28,902
PRA ,2020-07-16 21:41:36,902
PRA ,2020-07-16 21:51:37,902
PRA ,2020-07-16 22:01:44,902
PRA ,2020-07-16 22:11:50,902
PRA ,2020-07-16 22:21:50,902
PRA ,2020-07-16 22:31:52,902
PRA ,2020-07-16 22:41:53,902
PRA ,2020-07-16 22:58:56,902
PRA ,2020-07-16 23:05:30,902
PRA ,2020-07-16 23:11:59,902
PRA ,2020-07-16 23:21:59,902
PRA ,2020-07-16 23:32:00,902
PRA ,2020-07-16 23:41:58,902
PRA ,2020-07-16 23:51:55,902
PRA ,2020-07-17 00:02:29,902
PRA ,2020-07-17 00:13:11,902
PRA ,2020-07-17 00:23:42,902
PRA ,2020-07-17 00:34:17,902
PRA ,2020-07-17 00:44:39,902
PRA ,2020-07-17 00:54:48,902
PRA ,2020-07-17 01:05:07,902
PRA ,2020-07-17 01:15:13,902
PRA ,2020-07-17 01:25:15,902
PRA ,2020-07-17 01:35:16,902
PRA ,2020-07-17 01:45:20,902
PRA ,2020-07-17 01:55:22,902
PRA ,2020-07-17 02:05:28,902
PRA ,2020-07-17 02:15:33,902
PRA ,2020-07-17 02:25:36,902
PRA ,2020-07-17 02:35:33,902
PRA ,2020-07-17 02:45:30,902
PRA ,2020-07-17 03:00:30,902
PRA ,2020-07-17 03:05:35,902
PRA ,2020-07-17 03:15:38,902
PRA ,2020-07-17 03:25:42,902
PRA ,2020-07-17 03:35:49,902
PRA ,2020-07-17 03:45:53,902
PRA ,2020-07-17 03:56:01,902
PRA ,2020-07-17 04:06:16,902
PRA ,2020-07-17 04:16:22,902
PRA ,2020-07-17 04:26:27,902
PRA ,2020-07-17 04:36:32,902
PRA ,2020-07-17 04:46:34,902
PRA ,2020-07-17 04:56:37,902
PRA ,2020-07-17 05:06:47,902
PRA ,2020-07-17 05:16:52,902
PRA ,2020-07-17 05:26:53,902
PRA ,2020-07-17 05:36:54,902
PRA ,2020-07-17 05:46:55,902
PRA ,2020-07-17 05:56:54,902
PRA ,2020-07-17 06:07:10,902
PRA ,2020-07-17 06:15:17,902
PRA ,2020-07-17 06:23:22,902
PRA ,2020-07-17 06:31:43,902
PRA ,2020-07-17 06:39:51,902
PRA ,2020-07-17 06:56:58,902
PRA ,2020-07-17 07:01:13,902
PRA ,2020-07-17 07:04:53,902
PRA ,2020-07-17 07:13:08,902
PRA ,2020-07-17 07:21:17,902
PRA ,2020-07-17 07:29:25,902
PRA ,2020-07-17 07:37:34,902
PRA ,2020-07-17 07:45:38,902
PRA ,2020-07-17 07:53:44,902
PRA ,2020-07-17 08:01:54,902
PRA ,2020-07-17 08:10:19,902
PRA ,2020-07-17 08:18:52,902
PRA ,2020-07-17 08:27:24,902
PRA ,2020-07-17 08:35:58,902
PRA ,2020-07-17 08:44:22,902
PRA ,2020-07-17 08:52:33,902
PRA ,2020-07-17 09:00:45,902
PRA ,2020-07-17 09:08:58,902
PRA ,2020-07-17 09:17:08,902
PRA ,2020-07-17 09:25:13,902
PRA ,2020-07-17 09:33:21,902
PRA ,2020-07-17 09:41:22,902
PRA ,2020-07-17 09:49:23,902
PRA ,2020-07-17 09:57:40,902
PRA ,2020-07-17 10:07:59,902
PRA ,2020-07-17 10:17:54,902
PRA ,2020-07-17 10:21:57,902
PRA ,2020-07-17 10:29:57,902
PRA ,2020-07-17 10:40:00,902
PRA ,2020-07-17 10:50:04,902
PRA ,2020-07-17 11:00:28,902
PRA ,2020-07-17 11:10:42,902
PRA ,2020-07-17 11:20:47,902
PRA ,2020-07-17 11:30:55,902
PRA ,2020-07-17 11:41:01,902
PRA ,2020-07-17 11:51:03,902
PRA ,2020-07-17 12:01:20,902
PRA ,2020-07-17 12:11:44,902
PRA ,2020-07-17 12:22:01,902
PRA ,2020-07-17 12:32:08,902
PRA ,2020-07-17 12:42:14,902
PRA ,2020-07-17 12:52:16,902
PRA ,2020-07-17 13:02:50,902
PRA ,2020-07-17 13:13:28,902
PRA ,2020-07-17 13:23:50,902
PRA ,2020-07-17 13:32:24,902
PRA ,2020-07-17 13:40:53,902
PRA ,2020-07-17 13:48:59,902
PRA ,2020-07-17 13:57:22,902
PRA ,2020-07-17 14:06:17,902
PRA ,2020-07-17 14:14:40,902
PRA ,2020-07-17 14:23:04,902
PRA ,2020-07-17 14:31:23,902
PRA ,2020-07-17 14:39:33,902
PRA ,2020-07-17 14:47:36,902
PRA ,2020-07-17 14:55:53,902
PRA ,2020-07-17 15:04:47,902
PRA ,2020-07-17 15:13:38,900
PRA ,2020-07-17 15:22:22,900
PRA ,2020-07-17 15:30:54,900
PRA ,2020-07-17 15:39:19,900
PRA ,2020-07-17 15:47:45,900
PRA ,2020-07-17 16:02:45,898
PRA ,2020-07-17 16:11:35,898
PRA ,2020-07-17 16:19:01,898
PRA ,2020-07-17 16:27:46,898
PRA ,2020-07-17 16:36:32,898
PRA ,2020-07-17 16:44:58,898
PRA ,2020-07-17 16:53:26,898
PRA ,2020-07-17 17:06:28,897
PRA ,2020-07-17 17:14:35,897
PRA ,2020-07-17 17:23:12,897
PRA ,2020-07-17 17:31:35,897
PRA ,2020-07-17 17:40:02,897
PRA ,2020-07-17 17:48:30,897
PRA ,2020-07-17 17:56:59,897
PRA ,2020-07-17 18:05:48,897
PRA ,2020-07-17 18:14:21,897
PRA ,2020-07-17 18:22:55,897
PRA ,2020-07-17 18:31:25,897
PRA ,2020-07-17 18:39:53,897
PRA ,2020-07-17 18:48:22,897
PRA ,2020-07-17 18:56:42,897
PRA ,2020-07-17 19:09:21,897
PRA ,2020-07-17 19:17:59,896
PRA ,2020-07-17 19:26:18,896
PRA ,2020-07-17 19:34:27,896
PRA ,2020-07-17 19:46:10,896
PRA ,2020-07-17 19:54:13,896
PRA ,2020-07-17 20:02:24,896
PRA ,2020-07-17 20:10:32,896
PRA ,2020-07-17 20:18:33,896
PRA ,2020-07-17 20:26:32,896
PRA ,2020-07-17 20:34:35,896
PRA ,2020-07-17 20:42:37,896
PRA ,2020-07-17 20:50:36,896
PRA ,2020-07-17 20:58:41,896
PRA ,2020-07-17 21:06:59,896
PRA ,2020-07-17 21:15:01,896
PRA ,2020-07-17 21:22:59,896
PRA ,2020-07-17 21:30:56,896
PRA ,2020-07-17 21:39:03,896
PRA ,2020-07-17 21:47:09,896
PRA ,2020-07-17 21:55:12,896
PRA ,2020-07-17 22:03:27,896
PRA ,2020-07-17 22:13:46,895
PRA ,2020-07-17 22:23:53,895
PRA ,2020-07-17 22:34:00,895
PRA ,2020-07-17 22:44:27,895
PRA ,2020-07-17 22:54:56,895
PRA ,2020-07-17 23:05:46,895
PRA ,2020-07-17 23:16:05,895
PRA ,2020-07-17 23:26:09,895
PRA ,2020-07-17 23:36:14,895
PRA ,2020-07-17 23:46:16,895
PRA ,2020-07-17 23:56:34,895
PRA ,2020-07-18 00:08:42,895
PRA ,2020-07-18 00:19:45,895
PRA ,2020-07-18 00:30:16,895
PRA ,2020-07-18 00:40:54,895
PRA ,2020-07-18 00:51:22,895
PRA ,2020-07-18 01:01:35,895
PRA ,2020-07-18 01:11:44,895
PRA ,2020-07-18 01:21:54,895
PRA ,2020-07-18 01:31:59,895
PRA ,2020-07-18 01:49:08,895
PRA ,2020-07-18 01:55:39,895
PRA ,2020-07-18 02:02:11,895
PRA ,2020-07-18 02:12:17,895
PRA ,2020-07-18 02:22:18,895
PRA ,2020-07-18 02:32:17,895
PRA ,2020-07-18 02:42:15,895
PRA ,2020-07-18 02:52:14,895
PRA ,2020-07-18 03:02:25,895
PRA ,2020-07-18 03:12:37,895
PRA ,2020-07-18 03:22:46,895
PRA ,2020-07-18 03:32:52,895
PRA ,2020-07-18 03:43:00,895
PRA ,2020-07-18 03:53:12,895
PRA ,2020-07-18 04:03:38,895
PRA ,2020-07-18 04:14:12,895
PRA ,2020-07-18 04:24:39,895
PRA ,2020-07-18 04:34:48,895
PRA ,2020-07-18 04:44:51,895
PRA ,2020-07-18 04:54:55,895
PRA ,2020-07-18 05:05:34,895
PRA ,2020-07-18 05:16:02,895
PRA ,2020-07-18 05:26:17,895
PRA ,2020-07-18 05:36:19,895
PRA ,2020-07-18 05:51:19,895
PRA ,2020-07-18 05:56:23,895
PRA ,2020-07-18 06:06:43,895
PRA ,2020-07-18 06:18:54,895
PRA ,2020-07-18 08:40:55,894
PRA ,2020-07-18 08:49:03,894
PRA ,2020-07-18 08:57:06,894
PRA ,2020-07-18 09:05:14,894
PRA ,2020-07-18 09:13:12,894
PRA ,2020-07-18 09:21:11,894
PRA ,2020-07-18 09:29:12,894
PRA ,2020-07-18 09:37:16,894
PRA ,2020-07-18 09:45:16,894
PRA ,2020-07-18 09:53:16,894
PRA ,2020-07-18 10:01:19,894
PRA ,2020-07-18 10:09:24,894
PRA ,2020-07-18 10:17:25,894
PRA ,2020-07-18 10:25:25,894
PRA ,2020-07-18 10:33:34,894
PRA ,2020-07-18 10:41:33,894
PRA ,2020-07-18 10:49:24,894
PRA ,2020-07-18 10:57:23,894
PRA ,2020-07-18 11:07:25,894
PRA ,2020-07-18 11:17:25,894
PRA ,2020-07-18 11:27:22,894
PRA ,2020-07-18 11:37:22,894
PRA ,2020-07-18 11:47:19,894
PRA ,2020-07-18 11:57:18,894
PRA ,2020-07-18 12:07:31,894
PRA ,2020-07-18 12:17:38,894
PRA ,2020-07-18 12:27:39,894
PRA ,2020-07-18 12:37:42,894
PRA ,2020-07-18 12:47:42,894
PRA ,2020-07-18 12:57:52,894
PRA ,2020-07-18 13:08:08,894
PRA ,2020-07-18 13:18:18,894
PRA ,2020-07-18 13:28:21,894
PRA ,2020-07-18 13:38:17,894
PRA ,2020-07-18 13:48:13,894
PRA ,2020-07-18 13:58:11,894
PRA ,2020-07-18 14:08:08,894
PRA ,2020-07-18 14:18:06,894
PRA ,2020-07-18 14:35:10,894
PRA ,2020-07-18 14:41:38,894
PRA ,2020-07-18 14:48:05,894
PRA ,2020-07-18 14:58:06,894
PRA ,2020-07-18 15:08:14,894
PRA ,2020-07-18 15:18:17,894
PRA ,2020-07-18 15:28:16,894
PRA ,2020-07-18 15:38:15,894
PRA ,2020-07-18 15:48:15,894
PRA ,2020-07-18 15:58:13,894
PRA ,2020-07-18 16:08:16,894
PRA ,2020-07-18 16:18:15,894
PRA ,2020-07-18 16:28:17,894
PRA ,2020-07-18 16:38:17,894
PRA ,2020-07-18 16:48:15,894
PRA ,2020-07-18 16:58:15,894
PRA ,2020-07-18 17:08:21,894
PRA ,2020-07-18 17:18:23,894
PRA ,2020-07-18 17:28:21,894
PRA ,2020-07-18 17:38:21,894
PRA ,2020-07-18 17:48:18,894
PRA ,2020-07-18 17:58:15,894
PRA ,2020-07-18 18:08:19,894
PRA ,2020-07-18 18:18:17,894
PRA ,2020-07-18 18:33:10,894
PRA ,2020-07-18 18:38:11,894
PRA ,2020-07-18 18:48:08,894
PRA ,2020-07-18 18:58:09,894
PRA ,2020-07-18 19:08:32,894
PRA ,2020-07-18 19:18:35,894
PRA ,2020-07-18 19:28:33,894
PRA ,2020-07-18 19:38:51,894
PRA ,2020-07-18 19:48:53,894
