Ticker,timestamp,users_holding
SPUS ,2019-12-18 14:03:39,0
SPUS ,2019-12-18 14:40:06,0
SPUS ,2019-12-18 15:40:07,0
SPUS ,2019-12-18 16:40:08,0
SPUS ,2019-12-18 17:40:06,0
SPUS ,2019-12-18 18:40:07,0
SPUS ,2019-12-18 19:40:06,0
SPUS ,2019-12-18 20:40:07,0
SPUS ,2019-12-18 21:40:06,0
SPUS ,2019-12-18 22:40:07,0
SPUS ,2019-12-18 23:40:07,0
SPUS ,2019-12-19 00:40:07,0
SPUS ,2019-12-19 01:40:08,0
SPUS ,2019-12-19 02:40:07,0
SPUS ,2019-12-19 03:40:06,0
SPUS ,2019-12-19 04:40:06,0
SPUS ,2019-12-19 05:40:08,0
SPUS ,2019-12-19 06:40:06,0
SPUS ,2019-12-19 07:40:07,0
SPUS ,2019-12-19 08:40:08,0
SPUS ,2019-12-19 09:40:07,0
SPUS ,2019-12-19 10:40:07,0
SPUS ,2019-12-19 11:40:06,0
SPUS ,2019-12-19 12:40:08,0
SPUS ,2019-12-19 14:05:10,0
SPUS ,2019-12-19 14:40:08,0
SPUS ,2019-12-19 15:40:08,0
SPUS ,2019-12-19 16:40:07,0
SPUS ,2019-12-19 17:40:07,0
SPUS ,2019-12-19 18:40:08,0
SPUS ,2019-12-19 19:40:07,0
SPUS ,2019-12-19 21:05:12,0
SPUS ,2019-12-19 21:40:07,0
SPUS ,2019-12-19 22:40:08,0
SPUS ,2019-12-19 23:40:07,0
SPUS ,2019-12-20 00:40:08,0
SPUS ,2019-12-20 01:40:07,0
SPUS ,2019-12-20 02:40:08,0
SPUS ,2019-12-20 03:40:07,0
SPUS ,2019-12-20 04:40:09,0
SPUS ,2019-12-20 05:40:08,0
SPUS ,2019-12-20 06:40:07,0
SPUS ,2019-12-20 07:40:08,0
SPUS ,2019-12-20 08:40:07,0
SPUS ,2019-12-20 09:40:09,0
SPUS ,2019-12-20 10:40:07,0
SPUS ,2019-12-20 11:40:10,0
SPUS ,2019-12-20 12:40:07,0
SPUS ,2019-12-20 14:04:11,0
SPUS ,2019-12-20 14:40:08,0
SPUS ,2019-12-20 15:40:07,0
SPUS ,2019-12-20 16:40:07,0
SPUS ,2019-12-20 17:40:07,0
SPUS ,2019-12-20 18:40:08,0
SPUS ,2019-12-20 19:40:08,0
SPUS ,2019-12-20 20:40:08,0
SPUS ,2019-12-20 21:40:08,0
SPUS ,2019-12-20 22:40:07,0
SPUS ,2019-12-20 23:40:08,0
SPUS ,2019-12-21 00:40:07,0
SPUS ,2019-12-21 01:40:09,0
SPUS ,2019-12-21 02:40:08,0
SPUS ,2019-12-21 03:40:07,0
SPUS ,2019-12-21 04:40:07,0
SPUS ,2019-12-21 05:40:07,0
SPUS ,2019-12-21 06:40:08,0
SPUS ,2019-12-21 07:40:07,0
SPUS ,2019-12-21 08:40:09,0
SPUS ,2019-12-21 09:40:08,0
SPUS ,2019-12-21 10:40:07,0
SPUS ,2019-12-21 11:40:06,0
SPUS ,2019-12-21 12:40:07,0
SPUS ,2019-12-21 13:40:06,0
SPUS ,2019-12-21 14:40:07,0
SPUS ,2019-12-21 15:40:08,0
SPUS ,2019-12-21 16:40:08,0
SPUS ,2019-12-21 17:40:10,0
SPUS ,2019-12-21 18:40:07,0
SPUS ,2019-12-21 19:40:08,0
SPUS ,2019-12-21 20:40:08,0
SPUS ,2019-12-21 21:40:07,0
SPUS ,2019-12-21 22:40:08,0
SPUS ,2019-12-21 23:40:07,0
SPUS ,2019-12-22 00:40:08,0
SPUS ,2019-12-22 01:40:08,0
SPUS ,2019-12-22 02:40:08,0
SPUS ,2019-12-22 03:40:08,0
SPUS ,2019-12-22 04:40:07,0
SPUS ,2019-12-22 05:40:09,0
SPUS ,2019-12-22 06:40:07,0
SPUS ,2019-12-22 07:40:08,0
SPUS ,2019-12-22 08:40:09,0
SPUS ,2019-12-22 09:40:06,0
SPUS ,2019-12-22 10:40:07,0
SPUS ,2019-12-22 11:40:08,0
SPUS ,2019-12-22 12:40:08,0
SPUS ,2019-12-22 13:40:07,0
SPUS ,2019-12-22 14:40:08,0
SPUS ,2019-12-22 15:40:08,0
SPUS ,2019-12-22 16:40:09,0
SPUS ,2019-12-22 17:40:07,0
SPUS ,2019-12-22 18:40:07,0
SPUS ,2019-12-22 19:40:08,0
SPUS ,2019-12-22 20:40:08,0
SPUS ,2019-12-22 21:40:07,0
SPUS ,2019-12-22 22:40:08,0
SPUS ,2019-12-22 23:40:07,0
SPUS ,2019-12-23 00:40:08,0
SPUS ,2019-12-23 01:40:10,0
SPUS ,2019-12-23 02:40:08,0
SPUS ,2019-12-23 03:40:08,0
SPUS ,2019-12-23 04:40:07,0
SPUS ,2019-12-23 05:40:07,0
SPUS ,2019-12-23 06:40:07,0
SPUS ,2019-12-23 07:40:08,0
SPUS ,2019-12-23 08:40:08,0
SPUS ,2019-12-23 09:40:09,0
SPUS ,2019-12-23 10:40:08,0
SPUS ,2019-12-23 11:40:07,0
SPUS ,2019-12-23 12:40:07,0
SPUS ,2019-12-23 14:05:16,0
SPUS ,2019-12-23 14:40:09,0
SPUS ,2019-12-23 15:40:09,0
SPUS ,2019-12-23 16:40:08,0
SPUS ,2019-12-23 17:40:10,0
SPUS ,2019-12-23 18:40:10,0
SPUS ,2019-12-23 19:40:09,0
SPUS ,2019-12-23 20:40:09,0
SPUS ,2019-12-23 21:40:08,0
SPUS ,2019-12-23 22:40:09,0
SPUS ,2019-12-23 23:40:09,0
SPUS ,2019-12-24 00:40:09,0
SPUS ,2019-12-24 01:40:08,0
SPUS ,2019-12-24 02:40:12,0
SPUS ,2019-12-24 03:40:10,0
SPUS ,2019-12-24 04:40:09,0
SPUS ,2019-12-24 05:40:09,0
SPUS ,2019-12-24 06:40:10,0
SPUS ,2019-12-24 07:40:09,0
SPUS ,2019-12-24 08:40:08,0
SPUS ,2019-12-24 09:40:08,0
SPUS ,2019-12-24 10:40:11,0
SPUS ,2019-12-24 11:40:08,0
SPUS ,2019-12-24 12:40:08,0
SPUS ,2019-12-24 13:40:08,0
SPUS ,2019-12-24 14:40:09,0
SPUS ,2019-12-24 15:40:12,0
SPUS ,2019-12-24 16:40:09,0
SPUS ,2019-12-24 17:40:07,0
SPUS ,2019-12-24 18:40:08,0
SPUS ,2019-12-24 19:40:08,0
SPUS ,2019-12-24 20:40:09,0
SPUS ,2019-12-24 21:40:08,0
SPUS ,2019-12-24 22:40:08,0
SPUS ,2019-12-24 23:40:10,0
SPUS ,2019-12-25 00:40:09,0
SPUS ,2019-12-25 01:40:08,0
SPUS ,2019-12-25 02:40:09,0
SPUS ,2019-12-25 03:40:09,0
SPUS ,2019-12-25 04:40:09,0
SPUS ,2019-12-25 05:40:09,0
SPUS ,2019-12-25 06:40:09,0
SPUS ,2019-12-25 07:40:08,0
SPUS ,2019-12-25 08:40:10,0
SPUS ,2019-12-25 09:40:09,0
SPUS ,2019-12-25 10:40:08,0
SPUS ,2019-12-25 11:40:08,0
SPUS ,2019-12-25 12:40:08,0
SPUS ,2019-12-25 13:40:08,0
SPUS ,2019-12-25 14:40:08,0
SPUS ,2019-12-25 15:40:09,0
SPUS ,2019-12-25 16:40:09,0
SPUS ,2019-12-25 17:40:09,0
SPUS ,2019-12-25 18:40:09,0
SPUS ,2019-12-25 19:40:08,0
SPUS ,2019-12-25 20:40:08,0
SPUS ,2019-12-25 21:40:08,0
SPUS ,2019-12-25 22:40:09,0
SPUS ,2019-12-25 23:40:09,0
SPUS ,2019-12-26 00:40:08,0
SPUS ,2019-12-26 01:40:09,0
SPUS ,2019-12-26 02:40:08,0
SPUS ,2019-12-26 03:40:08,0
SPUS ,2019-12-26 04:40:09,0
SPUS ,2019-12-26 05:40:10,0
SPUS ,2019-12-26 06:40:08,0
SPUS ,2019-12-26 07:40:08,0
SPUS ,2019-12-26 08:40:09,0
SPUS ,2019-12-26 09:40:08,0
SPUS ,2019-12-26 10:40:08,0
SPUS ,2019-12-26 11:40:08,0
SPUS ,2019-12-26 12:40:08,0
SPUS ,2019-12-26 13:40:08,0
SPUS ,2019-12-26 14:40:07,0
SPUS ,2019-12-26 15:40:07,0
SPUS ,2019-12-26 16:40:09,0
SPUS ,2019-12-26 17:40:10,0
SPUS ,2019-12-26 18:40:08,0
SPUS ,2019-12-26 19:40:07,0
SPUS ,2019-12-26 20:40:09,0
SPUS ,2019-12-26 21:40:10,0
SPUS ,2019-12-26 22:40:09,0
SPUS ,2019-12-26 23:40:09,0
SPUS ,2019-12-27 00:40:08,0
SPUS ,2019-12-27 01:40:08,0
SPUS ,2019-12-27 02:40:09,0
SPUS ,2019-12-27 03:40:08,0
SPUS ,2019-12-27 04:40:08,0
SPUS ,2019-12-27 05:40:08,0
SPUS ,2019-12-27 06:40:09,0
SPUS ,2019-12-27 07:40:08,0
SPUS ,2019-12-27 08:40:10,0
SPUS ,2019-12-27 09:40:10,0
SPUS ,2019-12-27 10:40:09,0
SPUS ,2019-12-27 11:40:08,0
SPUS ,2019-12-27 12:40:09,0
SPUS ,2019-12-27 14:05:12,0
SPUS ,2019-12-27 14:40:09,0
SPUS ,2019-12-27 15:40:08,0
SPUS ,2019-12-27 16:40:08,0
SPUS ,2019-12-27 17:40:08,0
SPUS ,2019-12-27 18:40:09,1
SPUS ,2019-12-27 19:40:10,1
SPUS ,2019-12-27 20:40:08,1
SPUS ,2019-12-27 21:40:09,1
SPUS ,2019-12-27 22:40:09,1
SPUS ,2019-12-27 23:40:09,1
SPUS ,2019-12-28 00:40:08,1
SPUS ,2019-12-28 01:40:08,1
SPUS ,2019-12-28 02:40:09,1
SPUS ,2019-12-28 03:40:08,1
SPUS ,2019-12-28 04:40:08,1
SPUS ,2019-12-28 05:40:08,1
SPUS ,2019-12-28 06:40:08,1
SPUS ,2019-12-28 07:40:09,1
SPUS ,2019-12-28 08:40:12,1
SPUS ,2019-12-28 09:40:08,1
SPUS ,2019-12-28 10:40:10,1
SPUS ,2019-12-28 11:40:09,1
SPUS ,2019-12-28 12:40:08,1
SPUS ,2019-12-28 13:40:08,1
SPUS ,2019-12-28 14:40:09,1
SPUS ,2019-12-28 15:40:08,1
SPUS ,2019-12-28 16:40:09,1
SPUS ,2019-12-28 17:40:10,1
SPUS ,2019-12-28 18:40:09,1
SPUS ,2019-12-28 19:40:09,1
SPUS ,2019-12-28 20:40:08,1
SPUS ,2019-12-28 21:40:09,1
SPUS ,2019-12-28 22:40:08,1
SPUS ,2019-12-28 23:40:09,1
SPUS ,2019-12-29 00:40:09,1
SPUS ,2019-12-29 01:40:09,1
SPUS ,2019-12-29 02:40:08,1
SPUS ,2019-12-29 03:40:08,1
SPUS ,2019-12-29 04:40:09,1
SPUS ,2019-12-29 05:40:09,1
SPUS ,2019-12-29 06:40:09,1
SPUS ,2019-12-29 07:40:10,1
SPUS ,2019-12-29 08:40:11,1
SPUS ,2019-12-29 09:40:07,1
SPUS ,2019-12-29 10:40:09,1
SPUS ,2019-12-29 11:40:09,1
SPUS ,2019-12-29 12:40:09,1
SPUS ,2019-12-29 13:40:08,1
SPUS ,2019-12-29 14:40:08,1
SPUS ,2019-12-29 15:40:11,1
SPUS ,2019-12-29 16:40:08,1
SPUS ,2019-12-29 17:40:09,1
SPUS ,2019-12-29 18:40:08,1
SPUS ,2019-12-29 19:40:08,1
SPUS ,2019-12-29 20:40:08,1
SPUS ,2019-12-29 21:40:08,1
SPUS ,2019-12-29 22:40:10,1
SPUS ,2019-12-29 23:40:09,1
SPUS ,2019-12-30 00:40:09,1
SPUS ,2019-12-30 01:40:09,1
SPUS ,2019-12-30 02:40:09,1
SPUS ,2019-12-30 03:40:09,1
SPUS ,2019-12-30 04:40:08,1
SPUS ,2019-12-30 05:40:10,1
SPUS ,2019-12-30 06:40:07,1
SPUS ,2019-12-30 07:40:09,1
SPUS ,2019-12-30 08:40:10,1
SPUS ,2019-12-30 09:40:12,1
SPUS ,2019-12-30 10:40:09,1
SPUS ,2019-12-30 11:40:09,1
SPUS ,2019-12-30 12:40:07,1
SPUS ,2019-12-30 14:05:11,1
SPUS ,2019-12-30 14:40:10,1
SPUS ,2019-12-30 15:40:09,1
SPUS ,2019-12-30 16:40:08,1
SPUS ,2019-12-30 17:40:11,1
SPUS ,2019-12-30 18:40:10,1
SPUS ,2019-12-30 19:40:10,1
SPUS ,2019-12-30 20:40:09,1
SPUS ,2019-12-30 21:40:09,1
SPUS ,2019-12-30 22:40:09,1
SPUS ,2019-12-30 23:40:09,1
SPUS ,2019-12-31 00:40:08,1
SPUS ,2019-12-31 01:40:07,1
SPUS ,2019-12-31 02:40:09,1
SPUS ,2019-12-31 03:40:10,1
SPUS ,2019-12-31 04:40:08,1
SPUS ,2019-12-31 05:40:09,1
SPUS ,2019-12-31 06:40:09,1
SPUS ,2019-12-31 07:40:09,1
SPUS ,2019-12-31 08:40:10,1
SPUS ,2019-12-31 09:40:08,1
SPUS ,2019-12-31 10:40:08,1
SPUS ,2019-12-31 11:40:08,1
SPUS ,2019-12-31 12:40:09,1
SPUS ,2019-12-31 14:06:12,1
SPUS ,2019-12-31 14:40:09,1
SPUS ,2019-12-31 15:40:09,1
SPUS ,2019-12-31 16:40:08,1
SPUS ,2019-12-31 17:40:08,1
SPUS ,2019-12-31 18:40:08,1
SPUS ,2019-12-31 19:40:08,2
SPUS ,2019-12-31 20:40:09,2
SPUS ,2019-12-31 21:40:09,2
SPUS ,2019-12-31 22:40:07,2
SPUS ,2019-12-31 23:40:09,2
SPUS ,2020-01-01 00:40:07,2
SPUS ,2020-01-01 01:40:08,2
SPUS ,2020-01-01 02:40:08,2
SPUS ,2020-01-01 03:40:12,2
SPUS ,2020-01-01 04:40:09,2
SPUS ,2020-01-01 05:40:09,2
SPUS ,2020-01-01 06:40:08,2
SPUS ,2020-01-01 07:40:08,2
SPUS ,2020-01-01 08:40:08,2
SPUS ,2020-01-01 09:40:10,2
SPUS ,2020-01-01 10:40:08,2
SPUS ,2020-01-01 11:40:09,2
SPUS ,2020-01-01 12:40:08,2
SPUS ,2020-01-01 13:40:10,2
SPUS ,2020-01-01 14:40:09,2
SPUS ,2020-01-01 15:40:09,2
SPUS ,2020-01-01 16:40:09,2
SPUS ,2020-01-01 17:40:09,2
SPUS ,2020-01-01 18:40:08,2
SPUS ,2020-01-01 19:40:09,2
SPUS ,2020-01-01 20:40:09,2
SPUS ,2020-01-01 21:40:09,2
SPUS ,2020-01-01 22:40:09,2
SPUS ,2020-01-01 23:40:10,2
SPUS ,2020-01-02 00:40:08,2
SPUS ,2020-01-02 01:40:09,2
SPUS ,2020-01-02 02:40:10,2
SPUS ,2020-01-02 03:40:09,2
SPUS ,2020-01-02 04:40:08,2
SPUS ,2020-01-02 05:40:08,2
SPUS ,2020-01-02 06:40:08,2
SPUS ,2020-01-02 07:40:07,2
SPUS ,2020-01-02 08:40:09,2
SPUS ,2020-01-02 09:40:09,2
SPUS ,2020-01-02 10:40:09,2
SPUS ,2020-01-02 11:40:09,2
SPUS ,2020-01-02 12:40:09,2
SPUS ,2020-01-02 14:06:43,2
SPUS ,2020-01-02 14:40:11,2
SPUS ,2020-01-02 15:40:09,2
SPUS ,2020-01-02 16:40:09,2
SPUS ,2020-01-02 17:40:10,2
SPUS ,2020-01-02 18:40:11,2
SPUS ,2020-01-02 19:40:09,2
SPUS ,2020-01-02 20:40:10,2
SPUS ,2020-01-02 21:40:10,3
SPUS ,2020-01-02 22:40:10,3
SPUS ,2020-01-02 23:40:09,3
SPUS ,2020-01-03 00:40:09,3
SPUS ,2020-01-03 01:40:09,3
SPUS ,2020-01-03 02:40:10,3
SPUS ,2020-01-03 03:40:09,3
SPUS ,2020-01-03 04:40:09,3
SPUS ,2020-01-03 05:40:09,3
SPUS ,2020-01-03 06:40:09,3
SPUS ,2020-01-03 07:40:09,3
SPUS ,2020-01-03 08:40:11,3
SPUS ,2020-01-03 09:40:09,3
SPUS ,2020-01-03 10:40:10,3
SPUS ,2020-01-03 11:40:10,3
SPUS ,2020-01-03 12:40:09,3
SPUS ,2020-01-03 14:06:43,3
SPUS ,2020-01-03 14:40:21,3
SPUS ,2020-01-03 15:40:10,4
SPUS ,2020-01-03 16:40:09,4
SPUS ,2020-01-03 17:40:10,4
SPUS ,2020-01-03 18:40:09,4
SPUS ,2020-01-03 19:40:09,4
SPUS ,2020-01-03 20:40:08,4
SPUS ,2020-01-03 21:40:09,4
SPUS ,2020-01-03 22:40:10,4
SPUS ,2020-01-03 23:40:09,4
SPUS ,2020-01-04 00:40:12,4
SPUS ,2020-01-04 01:40:09,4
SPUS ,2020-01-04 02:40:10,4
SPUS ,2020-01-04 03:40:09,4
SPUS ,2020-01-04 04:40:10,4
SPUS ,2020-01-04 05:40:10,4
SPUS ,2020-01-04 06:40:09,4
SPUS ,2020-01-04 07:40:09,4
SPUS ,2020-01-04 08:40:12,4
SPUS ,2020-01-04 09:40:08,4
SPUS ,2020-01-04 10:40:09,4
SPUS ,2020-01-04 11:40:09,4
SPUS ,2020-01-04 12:40:10,4
SPUS ,2020-01-04 13:40:09,4
SPUS ,2020-01-04 14:40:09,4
SPUS ,2020-01-04 15:40:10,4
SPUS ,2020-01-04 16:40:08,4
SPUS ,2020-01-04 17:40:09,4
SPUS ,2020-01-04 18:40:10,4
SPUS ,2020-01-04 19:40:09,4
SPUS ,2020-01-04 20:40:09,4
SPUS ,2020-01-04 21:40:09,4
SPUS ,2020-01-04 22:40:08,4
SPUS ,2020-01-04 23:40:11,4
SPUS ,2020-01-05 00:40:10,4
SPUS ,2020-01-05 01:40:10,4
SPUS ,2020-01-05 02:40:11,4
SPUS ,2020-01-05 03:40:09,4
SPUS ,2020-01-05 04:40:09,4
SPUS ,2020-01-05 05:40:09,4
SPUS ,2020-01-05 06:40:09,4
SPUS ,2020-01-05 07:40:09,4
SPUS ,2020-01-05 08:40:11,4
SPUS ,2020-01-05 09:40:09,4
SPUS ,2020-01-05 10:40:09,4
SPUS ,2020-01-05 11:40:09,4
SPUS ,2020-01-05 12:40:09,4
SPUS ,2020-01-05 13:40:08,4
SPUS ,2020-01-05 14:40:09,4
SPUS ,2020-01-05 15:40:10,4
SPUS ,2020-01-05 16:40:10,4
SPUS ,2020-01-05 17:40:10,4
SPUS ,2020-01-05 18:40:12,4
SPUS ,2020-01-05 19:40:09,4
SPUS ,2020-01-05 20:40:10,4
SPUS ,2020-01-05 21:40:10,4
SPUS ,2020-01-05 22:40:09,4
SPUS ,2020-01-05 23:40:10,4
SPUS ,2020-01-06 00:40:10,4
SPUS ,2020-01-06 01:40:09,4
SPUS ,2020-01-06 02:40:10,4
SPUS ,2020-01-06 03:40:09,4
SPUS ,2020-01-06 04:40:09,4
SPUS ,2020-01-06 05:40:09,4
SPUS ,2020-01-06 06:40:11,4
SPUS ,2020-01-06 07:40:09,4
SPUS ,2020-01-06 08:40:10,4
SPUS ,2020-01-16 06:40:12,14
SPUS ,2020-01-16 07:40:12,14
SPUS ,2020-01-16 08:40:12,14
SPUS ,2020-01-16 09:40:13,14
SPUS ,2020-01-16 10:40:12,14
SPUS ,2020-01-16 11:40:13,14
SPUS ,2020-01-16 12:40:11,14
SPUS ,2020-01-16 14:06:45,14
SPUS ,2020-01-16 14:40:21,14
SPUS ,2020-01-16 15:40:12,14
SPUS ,2020-01-16 16:40:12,14
SPUS ,2020-01-16 17:40:14,14
SPUS ,2020-01-16 18:40:13,14
SPUS ,2020-01-16 19:40:13,14
SPUS ,2020-01-16 20:40:11,14
SPUS ,2020-01-16 21:40:12,14
SPUS ,2020-01-16 22:40:12,14
SPUS ,2020-01-16 23:40:14,14
SPUS ,2020-01-17 00:40:13,14
SPUS ,2020-01-17 01:40:14,14
SPUS ,2020-01-17 02:40:11,14
SPUS ,2020-01-17 03:40:12,14
SPUS ,2020-01-17 04:40:12,14
SPUS ,2020-01-17 05:40:12,14
SPUS ,2020-01-17 06:40:13,14
SPUS ,2020-01-17 07:40:12,14
SPUS ,2020-01-17 08:40:13,14
SPUS ,2020-01-17 09:40:13,14
SPUS ,2020-01-17 10:40:12,14
SPUS ,2020-01-17 11:40:14,14
SPUS ,2020-01-17 12:40:14,14
SPUS ,2020-01-17 14:04:45,14
SPUS ,2020-01-17 14:40:13,14
SPUS ,2020-01-17 15:40:13,14
SPUS ,2020-01-17 16:40:13,14
SPUS ,2020-01-17 17:40:13,14
SPUS ,2020-01-17 18:40:13,14
SPUS ,2020-01-17 19:40:13,14
SPUS ,2020-01-17 20:40:12,14
SPUS ,2020-01-17 21:40:12,14
SPUS ,2020-01-17 22:40:15,14
SPUS ,2020-01-17 23:40:13,14
SPUS ,2020-01-18 00:40:12,14
SPUS ,2020-01-18 01:40:12,14
SPUS ,2020-01-18 02:40:12,14
SPUS ,2020-01-18 03:40:13,14
SPUS ,2020-01-18 04:40:11,14
SPUS ,2020-01-18 05:40:13,14
SPUS ,2020-01-18 06:40:13,14
SPUS ,2020-01-18 07:40:12,14
SPUS ,2020-01-18 08:40:13,14
SPUS ,2020-01-18 09:40:11,14
SPUS ,2020-01-18 10:40:12,14
SPUS ,2020-01-18 11:40:13,14
SPUS ,2020-01-18 12:40:12,14
SPUS ,2020-01-18 13:40:15,14
SPUS ,2020-01-18 14:40:13,14
SPUS ,2020-01-18 15:40:12,14
SPUS ,2020-01-18 16:40:11,14
SPUS ,2020-01-18 17:40:13,14
SPUS ,2020-01-18 18:40:12,14
SPUS ,2020-01-18 19:40:13,14
SPUS ,2020-01-18 20:40:13,14
SPUS ,2020-01-18 21:40:12,14
SPUS ,2020-01-18 22:40:14,14
SPUS ,2020-01-18 23:40:13,14
SPUS ,2020-01-19 00:40:12,14
SPUS ,2020-01-19 01:40:12,14
SPUS ,2020-01-19 02:40:11,14
SPUS ,2020-01-19 03:40:13,14
SPUS ,2020-01-19 04:40:12,14
SPUS ,2020-01-19 05:40:12,14
SPUS ,2020-01-19 06:40:13,14
SPUS ,2020-01-19 07:40:12,14
SPUS ,2020-01-19 08:40:14,14
SPUS ,2020-01-19 09:40:14,14
SPUS ,2020-01-19 10:40:12,14
SPUS ,2020-01-19 11:40:12,14
SPUS ,2020-01-19 12:40:12,14
SPUS ,2020-01-19 13:40:13,14
SPUS ,2020-01-19 14:40:12,14
SPUS ,2020-01-19 15:40:15,14
SPUS ,2020-01-19 16:40:12,14
SPUS ,2020-01-19 17:40:11,14
SPUS ,2020-01-19 18:40:12,14
SPUS ,2020-01-19 19:40:13,14
SPUS ,2020-01-19 20:40:12,14
SPUS ,2020-01-19 21:40:11,14
SPUS ,2020-01-19 22:40:12,14
SPUS ,2020-01-19 23:40:13,14
SPUS ,2020-01-20 00:40:14,14
SPUS ,2020-01-20 01:40:12,14
SPUS ,2020-01-20 02:40:13,14
SPUS ,2020-01-20 03:40:14,14
SPUS ,2020-01-20 04:40:13,14
SPUS ,2020-01-20 05:40:12,14
SPUS ,2020-01-20 06:40:14,14
SPUS ,2020-01-20 07:40:13,14
SPUS ,2020-01-20 08:40:14,14
SPUS ,2020-01-20 09:49:38,14
SPUS ,2020-01-20 10:40:12,14
SPUS ,2020-01-20 11:40:15,14
SPUS ,2020-01-20 12:40:12,14
SPUS ,2020-01-20 13:40:12,14
SPUS ,2020-01-20 14:40:13,14
SPUS ,2020-01-20 15:40:13,14
SPUS ,2020-01-20 16:40:14,14
SPUS ,2020-01-20 17:40:13,14
SPUS ,2020-01-20 18:40:13,14
SPUS ,2020-01-20 19:40:13,14
SPUS ,2020-01-20 20:40:13,14
SPUS ,2020-01-20 21:40:13,14
SPUS ,2020-01-20 22:40:14,14
SPUS ,2020-01-20 23:40:13,14
SPUS ,2020-01-21 00:40:13,14
SPUS ,2020-01-21 01:40:12,14
SPUS ,2020-01-21 02:40:14,14
SPUS ,2020-01-21 03:40:12,14
SPUS ,2020-01-21 04:40:14,14
SPUS ,2020-01-21 05:40:12,14
SPUS ,2020-01-21 06:40:12,14
SPUS ,2020-01-21 07:40:12,14
SPUS ,2020-01-21 08:40:13,14
SPUS ,2020-01-21 09:58:04,14
SPUS ,2020-01-21 10:40:14,14
SPUS ,2020-01-21 11:40:13,14
SPUS ,2020-01-21 12:40:12,14
SPUS ,2020-01-21 13:40:13,14
SPUS ,2020-01-21 15:40:14,17
SPUS ,2020-01-21 16:40:13,18
SPUS ,2020-01-21 17:40:13,18
SPUS ,2020-01-21 18:40:14,18
SPUS ,2020-01-21 19:40:14,18
SPUS ,2020-01-21 20:40:12,19
SPUS ,2020-01-21 21:40:12,19
SPUS ,2020-01-21 22:40:12,19
SPUS ,2020-01-21 23:40:12,19
SPUS ,2020-01-22 00:40:13,19
SPUS ,2020-01-22 01:40:13,19
SPUS ,2020-01-22 02:40:13,19
SPUS ,2020-01-22 03:40:13,19
SPUS ,2020-01-22 04:40:11,19
SPUS ,2020-01-22 05:40:12,19
SPUS ,2020-01-22 06:40:13,19
SPUS ,2020-01-22 07:40:12,19
SPUS ,2020-01-22 08:40:12,19
SPUS ,2020-01-22 09:54:17,19
SPUS ,2020-01-22 10:40:11,19
SPUS ,2020-01-22 11:40:11,19
SPUS ,2020-01-22 12:40:13,19
SPUS ,2020-01-22 13:40:13,19
SPUS ,2020-01-22 14:40:15,19
SPUS ,2020-01-22 15:40:14,19
SPUS ,2020-01-22 16:40:14,19
SPUS ,2020-01-22 17:40:13,19
SPUS ,2020-01-22 18:40:14,19
SPUS ,2020-01-22 19:40:13,19
SPUS ,2020-01-22 20:40:15,19
SPUS ,2020-01-22 21:40:16,18
SPUS ,2020-01-22 22:40:14,18
SPUS ,2020-01-22 23:40:13,18
SPUS ,2020-01-23 00:40:15,18
SPUS ,2020-01-23 01:40:16,18
SPUS ,2020-01-23 02:40:14,18
SPUS ,2020-01-23 03:40:13,18
SPUS ,2020-01-23 04:40:15,18
SPUS ,2020-01-23 05:40:15,18
SPUS ,2020-01-23 06:40:14,18
SPUS ,2020-01-23 07:40:13,18
SPUS ,2020-01-23 08:40:14,18
SPUS ,2020-01-23 10:40:13,18
SPUS ,2020-01-23 11:40:14,18
SPUS ,2020-01-23 12:40:14,18
SPUS ,2020-01-23 14:06:15,18
SPUS ,2020-01-23 14:40:15,18
SPUS ,2020-01-23 15:40:15,18
SPUS ,2020-01-23 16:40:15,18
SPUS ,2020-01-23 17:40:13,18
SPUS ,2020-01-23 18:40:14,18
SPUS ,2020-01-23 19:40:14,18
SPUS ,2020-01-23 20:40:15,17
SPUS ,2020-01-23 21:40:16,17
SPUS ,2020-01-23 22:40:16,17
SPUS ,2020-01-23 23:40:14,17
SPUS ,2020-01-24 00:40:14,17
SPUS ,2020-01-24 01:40:14,17
SPUS ,2020-01-24 02:40:15,17
SPUS ,2020-01-24 03:40:12,17
SPUS ,2020-01-24 04:40:14,17
SPUS ,2020-01-24 05:40:14,17
SPUS ,2020-01-24 06:40:13,17
SPUS ,2020-01-24 07:40:13,17
SPUS ,2020-01-24 08:40:14,17
SPUS ,2020-01-24 09:52:21,17
SPUS ,2020-01-24 10:40:15,17
SPUS ,2020-01-24 11:40:13,17
SPUS ,2020-01-24 12:40:14,17
SPUS ,2020-01-24 14:05:15,17
SPUS ,2020-01-24 14:40:12,17
SPUS ,2020-01-24 15:40:15,18
SPUS ,2020-01-24 16:40:14,18
SPUS ,2020-01-24 17:40:13,18
SPUS ,2020-01-24 18:40:14,18
SPUS ,2020-01-24 19:40:14,18
SPUS ,2020-01-24 20:40:14,18
SPUS ,2020-01-24 21:40:14,18
SPUS ,2020-01-24 22:40:13,18
SPUS ,2020-01-24 23:40:13,18
SPUS ,2020-01-25 00:40:13,18
SPUS ,2020-01-25 01:40:14,18
SPUS ,2020-01-25 02:40:16,18
SPUS ,2020-01-25 03:40:15,18
SPUS ,2020-01-25 04:40:12,18
SPUS ,2020-01-25 05:40:14,18
SPUS ,2020-01-25 06:40:14,18
SPUS ,2020-01-25 07:40:14,18
SPUS ,2020-01-25 08:40:14,18
SPUS ,2020-01-25 09:52:49,18
SPUS ,2020-01-25 10:40:15,18
SPUS ,2020-01-25 11:40:12,18
SPUS ,2020-01-25 12:40:15,18
SPUS ,2020-01-25 13:40:14,18
SPUS ,2020-01-25 14:40:14,18
SPUS ,2020-01-25 15:40:13,18
SPUS ,2020-01-25 16:40:15,18
SPUS ,2020-01-25 17:40:12,18
SPUS ,2020-01-25 18:40:13,18
SPUS ,2020-01-25 19:40:12,18
SPUS ,2020-01-25 20:40:13,18
SPUS ,2020-01-25 21:40:14,18
SPUS ,2020-01-25 22:40:13,18
SPUS ,2020-01-25 23:40:13,18
SPUS ,2020-01-26 00:40:13,18
SPUS ,2020-01-26 01:40:14,18
SPUS ,2020-01-26 02:40:13,18
SPUS ,2020-01-26 03:40:16,18
SPUS ,2020-01-26 04:40:14,18
SPUS ,2020-01-26 05:40:13,18
SPUS ,2020-01-26 06:40:14,18
SPUS ,2020-01-26 07:40:14,18
SPUS ,2020-01-27 02:40:13,18
SPUS ,2020-01-27 03:40:12,18
SPUS ,2020-01-27 04:40:14,18
SPUS ,2020-01-27 05:40:14,18
SPUS ,2020-01-27 06:40:15,18
SPUS ,2020-01-27 07:40:13,18
SPUS ,2020-01-27 08:40:13,18
SPUS ,2020-01-27 09:40:13,18
SPUS ,2020-01-27 10:40:14,18
SPUS ,2020-01-27 11:40:15,18
SPUS ,2020-01-27 12:40:17,18
SPUS ,2020-01-27 13:40:14,18
SPUS ,2020-01-27 14:40:15,18
SPUS ,2020-01-27 15:40:14,20
SPUS ,2020-01-27 16:40:14,20
SPUS ,2020-01-27 17:40:15,20
SPUS ,2020-01-27 18:40:15,20
SPUS ,2020-01-27 19:40:14,21
SPUS ,2020-01-27 20:40:15,21
SPUS ,2020-01-27 21:40:14,21
SPUS ,2020-01-27 22:40:14,21
SPUS ,2020-01-27 23:40:14,21
SPUS ,2020-01-28 00:40:15,21
SPUS ,2020-01-28 01:40:15,21
SPUS ,2020-01-28 02:40:14,21
SPUS ,2020-01-28 03:40:15,21
SPUS ,2020-01-28 04:40:15,21
SPUS ,2020-01-28 05:40:16,21
SPUS ,2020-01-28 06:40:13,21
SPUS ,2020-01-28 07:40:14,21
SPUS ,2020-01-28 08:40:16,21
SPUS ,2020-01-28 09:40:14,21
SPUS ,2020-01-28 10:40:12,21
SPUS ,2020-01-28 11:40:13,21
SPUS ,2020-01-28 12:40:12,21
SPUS ,2020-01-28 14:05:47,21
SPUS ,2020-01-28 14:40:14,21
SPUS ,2020-01-28 15:40:14,21
SPUS ,2020-01-28 16:40:16,21
SPUS ,2020-01-28 17:40:13,21
SPUS ,2020-01-28 18:40:14,21
SPUS ,2020-01-28 19:40:14,21
SPUS ,2020-01-28 21:40:14,21
SPUS ,2020-01-28 22:40:15,21
SPUS ,2020-01-28 23:40:17,21
SPUS ,2020-01-29 00:40:14,21
SPUS ,2020-01-29 01:40:14,21
SPUS ,2020-01-29 02:40:19,21
SPUS ,2020-01-29 03:40:15,21
SPUS ,2020-01-29 04:40:13,21
SPUS ,2020-01-29 05:40:14,21
SPUS ,2020-01-29 06:40:14,21
SPUS ,2020-01-29 07:40:15,21
SPUS ,2020-01-29 08:40:18,21
SPUS ,2020-01-29 09:40:16,21
SPUS ,2020-01-29 10:40:15,21
SPUS ,2020-01-29 11:40:13,21
SPUS ,2020-01-29 12:40:14,21
SPUS ,2020-01-29 13:40:15,21
SPUS ,2020-01-29 14:40:16,21
SPUS ,2020-01-29 15:40:17,23
SPUS ,2020-01-29 16:40:13,23
SPUS ,2020-01-29 17:40:15,23
SPUS ,2020-01-29 18:40:14,23
SPUS ,2020-01-29 19:40:14,24
SPUS ,2020-01-29 20:40:15,24
SPUS ,2020-01-29 21:40:15,24
SPUS ,2020-01-29 22:40:13,24
SPUS ,2020-01-29 23:40:16,24
SPUS ,2020-01-30 00:40:14,24
SPUS ,2020-01-30 01:40:15,24
SPUS ,2020-01-30 02:40:15,24
SPUS ,2020-01-30 03:40:13,24
SPUS ,2020-01-30 04:40:16,24
SPUS ,2020-01-30 05:40:15,24
SPUS ,2020-01-30 06:40:14,24
SPUS ,2020-01-30 07:40:15,24
SPUS ,2020-01-30 08:40:14,24
SPUS ,2020-01-30 09:40:15,24
SPUS ,2020-01-30 10:40:13,24
SPUS ,2020-01-30 11:40:14,24
SPUS ,2020-01-30 12:40:15,24
SPUS ,2020-01-30 13:40:15,24
SPUS ,2020-01-30 14:40:16,25
SPUS ,2020-01-30 15:40:16,25
SPUS ,2020-01-30 16:40:16,26
SPUS ,2020-01-30 17:40:16,26
SPUS ,2020-01-30 18:40:15,26
SPUS ,2020-01-30 19:40:15,26
SPUS ,2020-01-30 20:40:13,26
SPUS ,2020-01-30 21:40:18,26
SPUS ,2020-01-30 22:40:15,26
SPUS ,2020-01-30 23:40:14,26
SPUS ,2020-01-31 00:40:19,26
SPUS ,2020-01-31 01:40:15,26
SPUS ,2020-01-31 02:40:14,26
SPUS ,2020-01-31 03:40:16,26
SPUS ,2020-01-31 04:40:14,26
SPUS ,2020-01-31 05:40:15,26
SPUS ,2020-01-31 06:40:15,26
SPUS ,2020-01-31 07:40:14,26
SPUS ,2020-01-31 08:40:19,26
SPUS ,2020-01-31 09:40:17,26
SPUS ,2020-01-31 10:40:15,26
SPUS ,2020-01-31 11:40:15,26
SPUS ,2020-01-31 12:40:14,26
SPUS ,2020-01-31 13:40:14,26
SPUS ,2020-01-31 14:40:17,26
SPUS ,2020-01-31 15:40:19,26
SPUS ,2020-01-31 16:40:20,26
SPUS ,2020-01-31 17:40:17,26
SPUS ,2020-01-31 18:40:17,28
SPUS ,2020-01-31 19:40:18,28
SPUS ,2020-01-31 20:40:17,28
SPUS ,2020-01-31 21:40:16,28
SPUS ,2020-01-31 22:40:18,28
SPUS ,2020-01-31 23:40:16,28
SPUS ,2020-02-01 00:40:14,28
SPUS ,2020-02-01 01:41:37,28
SPUS ,2020-02-01 02:40:19,28
SPUS ,2020-02-01 03:40:17,28
SPUS ,2020-02-01 04:40:18,28
SPUS ,2020-02-01 05:40:17,28
SPUS ,2020-02-01 06:40:18,28
SPUS ,2020-02-01 07:40:21,28
SPUS ,2020-02-01 08:40:18,28
SPUS ,2020-02-01 09:40:17,28
SPUS ,2020-02-01 10:40:18,28
SPUS ,2020-02-01 11:40:16,28
SPUS ,2020-02-01 12:40:16,28
SPUS ,2020-02-01 13:40:16,28
SPUS ,2020-02-01 14:40:17,28
SPUS ,2020-02-01 15:40:16,28
SPUS ,2020-02-01 16:40:17,28
SPUS ,2020-02-01 17:40:16,28
SPUS ,2020-02-01 18:40:17,28
SPUS ,2020-02-01 19:40:15,28
SPUS ,2020-02-01 20:40:18,28
SPUS ,2020-02-01 21:40:20,28
SPUS ,2020-02-01 22:40:17,28
SPUS ,2020-02-01 23:40:18,28
SPUS ,2020-02-02 00:40:18,28
SPUS ,2020-02-02 01:40:17,28
SPUS ,2020-02-02 02:40:17,28
SPUS ,2020-02-02 03:40:17,28
SPUS ,2020-02-02 04:40:18,28
SPUS ,2020-02-02 05:40:15,28
SPUS ,2020-02-02 06:40:18,28
SPUS ,2020-02-02 07:40:17,28
SPUS ,2020-02-02 08:40:17,28
SPUS ,2020-02-02 09:40:17,28
SPUS ,2020-02-02 10:40:17,28
SPUS ,2020-02-02 11:40:16,28
SPUS ,2020-02-02 12:40:19,28
SPUS ,2020-02-02 13:40:17,28
SPUS ,2020-02-02 14:40:17,28
SPUS ,2020-02-02 15:40:17,28
SPUS ,2020-02-02 16:40:16,28
SPUS ,2020-02-02 17:40:18,28
SPUS ,2020-02-02 18:40:16,28
SPUS ,2020-02-02 19:40:17,28
SPUS ,2020-02-02 20:40:16,28
SPUS ,2020-02-02 21:40:17,28
SPUS ,2020-02-02 22:40:16,28
SPUS ,2020-02-02 23:40:19,28
SPUS ,2020-02-03 00:40:21,28
SPUS ,2020-02-03 01:40:17,28
SPUS ,2020-02-03 02:40:16,28
SPUS ,2020-02-03 03:40:18,28
SPUS ,2020-02-03 04:40:17,28
SPUS ,2020-02-03 05:40:17,28
SPUS ,2020-02-03 06:40:17,28
SPUS ,2020-02-03 07:40:19,28
SPUS ,2020-02-03 08:40:19,28
SPUS ,2020-02-03 09:40:19,28
SPUS ,2020-02-03 10:40:17,28
SPUS ,2020-02-03 11:40:18,28
SPUS ,2020-02-03 12:40:16,28
SPUS ,2020-02-03 14:42:25,29
SPUS ,2020-02-03 14:50:12,29
SPUS ,2020-02-03 15:40:20,29
SPUS ,2020-02-03 16:40:20,29
SPUS ,2020-02-03 17:40:19,29
SPUS ,2020-02-03 18:40:18,29
SPUS ,2020-02-03 19:40:17,28
SPUS ,2020-02-03 20:40:18,28
SPUS ,2020-02-03 21:40:17,28
SPUS ,2020-02-03 22:40:18,28
SPUS ,2020-02-03 23:40:18,28
SPUS ,2020-02-04 00:40:17,28
SPUS ,2020-02-04 01:40:18,28
SPUS ,2020-02-04 02:40:15,28
SPUS ,2020-02-04 03:40:21,28
SPUS ,2020-02-04 04:40:17,28
SPUS ,2020-02-04 05:40:17,28
SPUS ,2020-02-04 06:40:18,28
SPUS ,2020-02-04 07:40:21,28
SPUS ,2020-02-04 08:40:16,28
SPUS ,2020-02-04 09:40:17,28
SPUS ,2020-02-04 10:40:16,28
SPUS ,2020-02-04 11:40:18,28
SPUS ,2020-02-04 12:40:18,28
SPUS ,2020-02-04 14:09:20,28
SPUS ,2020-02-04 14:40:17,28
SPUS ,2020-02-04 15:40:19,27
SPUS ,2020-02-04 16:40:19,27
SPUS ,2020-02-04 17:40:16,27
SPUS ,2020-02-04 18:40:18,27
SPUS ,2020-02-04 19:40:17,27
SPUS ,2020-02-04 20:40:16,28
SPUS ,2020-02-04 21:40:17,28
SPUS ,2020-02-04 22:40:18,28
SPUS ,2020-02-04 23:40:17,28
SPUS ,2020-02-05 00:40:16,28
SPUS ,2020-02-05 01:40:18,28
SPUS ,2020-02-05 02:40:17,28
SPUS ,2020-02-05 03:40:18,28
SPUS ,2020-02-05 04:40:17,28
SPUS ,2020-02-05 05:40:16,28
SPUS ,2020-02-05 06:40:18,28
SPUS ,2020-02-05 07:40:16,28
SPUS ,2020-02-05 08:40:19,28
SPUS ,2020-02-05 09:40:17,28
SPUS ,2020-02-05 10:40:15,28
SPUS ,2020-02-05 11:40:20,28
SPUS ,2020-02-05 12:40:18,28
SPUS ,2020-02-05 14:03:18,28
SPUS ,2020-02-05 14:40:17,28
SPUS ,2020-02-05 15:40:18,28
SPUS ,2020-02-05 16:40:18,28
SPUS ,2020-02-05 17:40:18,28
SPUS ,2020-02-05 18:40:16,29
SPUS ,2020-02-05 19:40:18,30
SPUS ,2020-02-05 20:40:17,30
SPUS ,2020-02-05 21:40:16,30
SPUS ,2020-02-05 22:40:17,30
SPUS ,2020-02-05 23:40:21,30
SPUS ,2020-02-06 00:40:17,30
SPUS ,2020-02-06 01:40:18,30
SPUS ,2020-02-06 02:40:20,30
SPUS ,2020-02-06 03:40:18,30
SPUS ,2020-02-06 04:40:18,30
SPUS ,2020-02-06 05:40:17,30
SPUS ,2020-02-06 06:40:16,30
SPUS ,2020-02-06 07:40:19,30
SPUS ,2020-02-06 08:40:18,30
SPUS ,2020-02-06 09:40:17,30
SPUS ,2020-02-06 10:40:16,30
SPUS ,2020-02-06 11:40:17,30
SPUS ,2020-02-06 12:40:17,30
SPUS ,2020-02-06 13:40:16,30
SPUS ,2020-02-06 14:40:18,30
SPUS ,2020-02-06 15:40:18,30
SPUS ,2020-02-06 16:40:17,30
SPUS ,2020-02-06 17:40:17,30
SPUS ,2020-02-06 18:40:19,30
SPUS ,2020-02-06 19:40:18,30
SPUS ,2020-02-06 20:40:19,30
SPUS ,2020-02-06 21:40:19,31
SPUS ,2020-02-06 22:40:17,31
SPUS ,2020-02-06 23:40:18,31
SPUS ,2020-02-07 00:40:18,31
SPUS ,2020-02-07 01:40:19,31
SPUS ,2020-02-07 02:40:18,31
SPUS ,2020-02-07 03:40:19,31
SPUS ,2020-02-07 04:40:19,31
SPUS ,2020-02-07 05:40:20,31
SPUS ,2020-02-07 06:40:19,31
SPUS ,2020-02-07 07:40:18,31
SPUS ,2020-02-07 08:40:20,31
SPUS ,2020-02-07 09:40:19,31
SPUS ,2020-02-07 10:40:22,31
SPUS ,2020-02-07 11:40:18,31
SPUS ,2020-02-07 12:40:17,31
SPUS ,2020-02-07 14:04:49,31
SPUS ,2020-02-07 14:40:19,31
SPUS ,2020-02-07 15:40:19,31
SPUS ,2020-02-07 16:40:16,31
SPUS ,2020-02-07 17:40:19,31
SPUS ,2020-02-07 18:40:19,31
SPUS ,2020-02-07 19:40:17,31
SPUS ,2020-02-07 20:40:19,31
SPUS ,2020-02-07 21:40:18,31
SPUS ,2020-02-07 22:40:19,31
SPUS ,2020-02-07 23:40:18,31
SPUS ,2020-02-08 00:40:18,31
SPUS ,2020-02-08 01:40:18,31
SPUS ,2020-02-08 02:40:19,31
SPUS ,2020-02-08 03:40:18,31
SPUS ,2020-02-08 04:40:18,31
SPUS ,2020-02-08 05:40:18,31
SPUS ,2020-02-08 06:40:19,31
SPUS ,2020-02-08 07:40:18,31
SPUS ,2020-02-08 08:40:18,31
SPUS ,2020-02-08 09:40:21,31
SPUS ,2020-02-08 10:40:17,31
SPUS ,2020-02-08 11:40:18,31
SPUS ,2020-02-08 12:40:17,31
SPUS ,2020-02-08 13:40:17,31
SPUS ,2020-02-08 14:40:17,31
SPUS ,2020-02-08 15:40:18,31
SPUS ,2020-02-08 16:40:18,31
SPUS ,2020-02-08 17:40:18,31
SPUS ,2020-02-08 18:40:31,31
SPUS ,2020-02-08 19:40:17,31
SPUS ,2020-02-08 20:40:18,31
SPUS ,2020-02-08 21:40:17,31
SPUS ,2020-02-08 22:40:19,31
SPUS ,2020-02-08 23:40:18,31
SPUS ,2020-02-09 00:40:17,31
SPUS ,2020-02-09 01:40:18,31
SPUS ,2020-02-09 02:40:20,31
SPUS ,2020-02-09 03:40:18,31
SPUS ,2020-02-09 04:40:19,31
SPUS ,2020-02-09 05:40:19,31
SPUS ,2020-02-09 06:40:22,31
SPUS ,2020-02-09 07:40:18,31
SPUS ,2020-02-09 08:40:21,31
SPUS ,2020-02-09 09:40:17,31
SPUS ,2020-02-09 10:40:19,31
SPUS ,2020-02-09 11:40:20,31
SPUS ,2020-02-09 12:40:19,31
SPUS ,2020-02-09 13:40:18,31
SPUS ,2020-02-09 14:40:19,31
SPUS ,2020-02-09 15:40:18,31
SPUS ,2020-02-09 16:40:20,31
SPUS ,2020-02-09 17:40:19,31
SPUS ,2020-02-09 18:40:19,31
SPUS ,2020-02-09 19:40:19,31
SPUS ,2020-02-09 20:40:18,31
SPUS ,2020-02-09 21:40:22,31
SPUS ,2020-02-09 22:40:17,31
SPUS ,2020-02-09 23:40:19,31
SPUS ,2020-02-10 00:40:18,31
SPUS ,2020-02-10 01:40:18,31
SPUS ,2020-02-10 02:40:19,31
SPUS ,2020-02-10 03:40:18,31
SPUS ,2020-02-10 04:40:18,31
SPUS ,2020-02-10 05:40:21,31
SPUS ,2020-02-10 06:40:21,31
SPUS ,2020-02-10 07:40:18,31
SPUS ,2020-02-10 08:40:17,31
SPUS ,2020-02-10 09:40:18,31
SPUS ,2020-02-10 10:40:20,31
SPUS ,2020-02-10 11:40:19,31
SPUS ,2020-02-10 12:40:18,31
SPUS ,2020-02-10 13:40:18,31
SPUS ,2020-02-10 14:40:20,31
SPUS ,2020-02-10 15:40:22,35
SPUS ,2020-02-10 16:40:20,35
SPUS ,2020-02-10 17:40:18,35
SPUS ,2020-02-10 18:40:17,35
SPUS ,2020-02-10 19:40:17,35
SPUS ,2020-02-10 20:40:19,35
SPUS ,2020-02-10 21:40:17,36
SPUS ,2020-02-10 22:40:19,36
SPUS ,2020-02-10 23:40:17,36
SPUS ,2020-02-11 00:40:18,36
SPUS ,2020-02-11 01:40:20,36
SPUS ,2020-02-11 02:40:17,36
SPUS ,2020-02-11 03:40:18,36
SPUS ,2020-02-11 04:40:18,36
SPUS ,2020-02-11 05:40:17,36
SPUS ,2020-02-11 06:40:19,36
SPUS ,2020-02-11 07:40:19,36
SPUS ,2020-02-11 08:40:18,36
SPUS ,2020-02-11 09:40:20,36
SPUS ,2020-02-11 10:40:17,36
SPUS ,2020-02-11 11:40:19,36
SPUS ,2020-02-11 12:40:19,36
SPUS ,2020-02-11 14:05:20,36
SPUS ,2020-02-11 14:40:20,36
SPUS ,2020-02-11 15:40:20,36
SPUS ,2020-02-11 16:40:21,36
SPUS ,2020-02-11 17:40:18,37
SPUS ,2020-02-11 18:40:19,37
SPUS ,2020-02-11 19:40:20,37
SPUS ,2020-02-11 20:40:17,37
SPUS ,2020-02-11 21:40:23,37
SPUS ,2020-02-11 22:40:19,37
SPUS ,2020-02-11 23:40:18,37
SPUS ,2020-02-12 00:40:19,37
SPUS ,2020-02-12 01:40:19,37
SPUS ,2020-02-12 02:40:19,37
SPUS ,2020-02-12 03:40:17,37
SPUS ,2020-02-12 04:40:18,37
SPUS ,2020-02-12 05:40:18,37
SPUS ,2020-02-12 06:40:19,37
SPUS ,2020-02-12 07:40:19,37
SPUS ,2020-02-12 08:40:18,37
SPUS ,2020-02-12 09:40:19,37
SPUS ,2020-02-12 10:40:18,37
SPUS ,2020-02-12 11:40:18,37
SPUS ,2020-02-12 12:40:20,37
SPUS ,2020-02-12 14:05:19,37
SPUS ,2020-02-12 14:40:20,37
SPUS ,2020-02-12 15:40:19,37
SPUS ,2020-02-12 16:40:18,37
SPUS ,2020-02-12 17:40:18,37
SPUS ,2020-02-12 18:40:19,37
SPUS ,2020-02-12 19:40:18,37
SPUS ,2020-02-12 20:40:21,37
SPUS ,2020-02-12 21:40:18,37
SPUS ,2020-02-12 22:40:17,37
SPUS ,2020-02-12 23:40:18,37
SPUS ,2020-02-13 00:40:18,37
SPUS ,2020-02-13 01:40:18,37
SPUS ,2020-02-13 02:40:18,37
SPUS ,2020-02-13 03:40:18,37
SPUS ,2020-02-13 04:40:16,37
SPUS ,2020-02-13 05:40:17,37
SPUS ,2020-02-13 06:40:20,37
SPUS ,2020-02-13 07:40:17,37
SPUS ,2020-02-13 08:40:18,37
SPUS ,2020-02-13 09:40:18,37
SPUS ,2020-02-13 10:40:16,37
SPUS ,2020-02-13 11:40:19,37
SPUS ,2020-02-13 12:40:18,37
SPUS ,2020-02-13 14:05:19,37
SPUS ,2020-02-13 14:40:17,37
SPUS ,2020-02-13 15:40:20,37
SPUS ,2020-02-13 16:40:17,37
SPUS ,2020-02-13 17:40:18,37
SPUS ,2020-02-13 18:40:18,37
SPUS ,2020-02-13 19:40:18,37
SPUS ,2020-02-13 20:40:18,37
SPUS ,2020-02-13 21:40:17,38
SPUS ,2020-02-13 22:40:18,38
SPUS ,2020-02-13 23:40:16,38
SPUS ,2020-02-14 00:40:18,38
SPUS ,2020-02-14 01:40:16,38
SPUS ,2020-02-14 02:40:18,38
SPUS ,2020-02-14 03:40:17,38
SPUS ,2020-02-14 04:40:16,38
SPUS ,2020-02-14 05:40:18,38
SPUS ,2020-02-14 06:40:17,38
SPUS ,2020-02-14 07:40:16,38
SPUS ,2020-02-14 08:40:19,38
SPUS ,2020-02-14 09:40:18,38
SPUS ,2020-02-14 10:40:17,38
SPUS ,2020-02-14 11:40:18,38
SPUS ,2020-02-14 12:40:16,38
SPUS ,2020-02-14 13:40:19,38
SPUS ,2020-02-14 14:40:17,38
SPUS ,2020-02-14 15:40:20,37
SPUS ,2020-02-14 16:40:16,37
SPUS ,2020-02-14 17:40:19,37
SPUS ,2020-02-14 18:40:17,37
SPUS ,2020-02-14 19:40:17,37
SPUS ,2020-02-14 20:40:18,37
SPUS ,2020-02-14 21:40:16,37
SPUS ,2020-02-14 22:40:16,37
SPUS ,2020-02-14 23:40:17,37
SPUS ,2020-02-15 00:40:17,37
SPUS ,2020-02-15 01:40:18,37
SPUS ,2020-02-15 02:40:17,37
SPUS ,2020-02-15 03:40:18,37
SPUS ,2020-02-15 04:40:19,37
SPUS ,2020-02-15 05:40:16,37
SPUS ,2020-02-15 06:40:17,37
SPUS ,2020-02-15 07:40:18,37
SPUS ,2020-02-15 08:40:16,37
SPUS ,2020-02-15 09:40:18,37
SPUS ,2020-02-15 10:40:16,37
SPUS ,2020-02-15 11:40:18,37
SPUS ,2020-02-15 12:40:18,37
SPUS ,2020-02-15 13:40:17,37
SPUS ,2020-02-15 14:40:19,37
SPUS ,2020-02-15 15:40:18,37
SPUS ,2020-02-15 16:40:17,37
SPUS ,2020-02-15 17:40:18,37
SPUS ,2020-02-15 18:40:18,37
SPUS ,2020-02-15 19:40:17,37
SPUS ,2020-02-15 20:40:17,37
SPUS ,2020-02-15 21:40:17,37
SPUS ,2020-02-15 22:40:17,37
SPUS ,2020-02-15 23:40:18,37
SPUS ,2020-02-16 00:40:16,37
SPUS ,2020-02-16 01:40:17,37
SPUS ,2020-02-16 02:40:16,37
SPUS ,2020-02-16 03:40:17,37
SPUS ,2020-02-16 04:40:17,37
SPUS ,2020-02-16 05:40:17,37
SPUS ,2020-02-16 06:40:16,37
SPUS ,2020-02-16 07:40:17,37
SPUS ,2020-02-16 08:40:18,37
SPUS ,2020-02-16 09:40:17,37
SPUS ,2020-02-16 10:40:18,37
SPUS ,2020-02-16 11:40:18,37
SPUS ,2020-02-16 12:40:17,37
SPUS ,2020-02-16 13:40:17,37
SPUS ,2020-02-16 14:40:18,37
SPUS ,2020-02-16 15:40:20,37
SPUS ,2020-02-16 16:40:18,37
SPUS ,2020-02-16 17:40:18,37
SPUS ,2020-02-16 18:40:18,37
SPUS ,2020-02-16 19:40:17,37
SPUS ,2020-02-16 20:40:16,37
SPUS ,2020-02-16 21:40:17,37
SPUS ,2020-02-16 22:40:18,37
SPUS ,2020-02-16 23:40:18,37
SPUS ,2020-02-17 00:40:18,37
SPUS ,2020-02-17 01:40:15,37
SPUS ,2020-02-17 02:40:17,37
SPUS ,2020-02-17 03:40:17,37
SPUS ,2020-02-17 04:40:17,37
SPUS ,2020-02-17 05:40:16,37
SPUS ,2020-02-17 06:40:19,37
SPUS ,2020-02-17 07:40:18,37
SPUS ,2020-02-17 08:40:17,37
SPUS ,2020-02-17 09:40:17,37
SPUS ,2020-02-17 10:40:17,37
SPUS ,2020-02-17 11:40:18,37
SPUS ,2020-02-17 12:40:17,37
SPUS ,2020-02-17 13:40:17,37
SPUS ,2020-02-17 14:40:16,37
SPUS ,2020-02-17 15:40:18,37
SPUS ,2020-02-17 16:40:19,37
SPUS ,2020-02-17 17:40:17,37
SPUS ,2020-02-17 18:40:18,37
SPUS ,2020-02-17 19:40:17,37
SPUS ,2020-02-17 20:40:18,37
SPUS ,2020-02-17 21:40:16,37
SPUS ,2020-02-17 22:40:17,37
SPUS ,2020-02-17 23:40:17,37
SPUS ,2020-02-18 00:40:16,37
SPUS ,2020-02-18 01:40:17,37
SPUS ,2020-02-18 02:40:18,37
SPUS ,2020-02-18 03:40:17,37
SPUS ,2020-02-18 04:40:18,37
SPUS ,2020-02-18 05:40:19,37
SPUS ,2020-02-18 06:40:17,37
SPUS ,2020-02-18 07:40:17,37
SPUS ,2020-02-18 08:40:18,37
SPUS ,2020-02-18 09:40:18,37
SPUS ,2020-02-18 10:40:17,37
SPUS ,2020-02-18 11:40:17,37
SPUS ,2020-02-18 12:40:18,37
SPUS ,2020-02-18 14:05:51,37
SPUS ,2020-02-18 14:40:18,37
SPUS ,2020-02-18 15:40:19,37
SPUS ,2020-02-18 16:40:19,37
SPUS ,2020-02-18 17:40:18,37
SPUS ,2020-02-18 18:40:19,37
SPUS ,2020-02-18 19:40:18,37
SPUS ,2020-02-18 20:40:18,37
SPUS ,2020-02-18 21:40:18,37
SPUS ,2020-02-18 22:40:18,37
SPUS ,2020-02-18 23:40:18,37
SPUS ,2020-02-19 00:40:19,37
SPUS ,2020-02-19 01:40:18,37
SPUS ,2020-02-19 02:40:19,37
SPUS ,2020-02-19 03:40:20,37
SPUS ,2020-02-19 04:40:18,37
SPUS ,2020-02-19 05:40:19,37
SPUS ,2020-02-19 06:40:17,37
SPUS ,2020-02-19 07:40:19,37
SPUS ,2020-02-19 08:40:19,37
SPUS ,2020-02-19 09:40:18,37
SPUS ,2020-02-19 10:40:18,37
SPUS ,2020-02-19 11:40:17,37
SPUS ,2020-02-19 12:40:18,37
SPUS ,2020-02-19 14:07:20,37
SPUS ,2020-02-19 14:40:21,37
SPUS ,2020-02-19 15:40:20,38
SPUS ,2020-02-19 16:40:20,39
SPUS ,2020-02-19 17:40:20,39
SPUS ,2020-02-19 18:40:21,39
SPUS ,2020-02-19 19:40:19,39
SPUS ,2020-02-19 20:40:19,39
SPUS ,2020-02-19 21:40:20,39
SPUS ,2020-02-19 22:40:21,39
SPUS ,2020-02-19 23:40:20,39
SPUS ,2020-02-20 00:40:20,39
SPUS ,2020-02-20 01:40:20,39
SPUS ,2020-02-20 02:40:20,39
SPUS ,2020-02-20 03:40:20,39
SPUS ,2020-02-20 04:40:19,39
SPUS ,2020-02-20 05:40:19,39
SPUS ,2020-02-20 06:40:20,39
SPUS ,2020-02-20 07:40:19,39
SPUS ,2020-02-20 08:40:19,39
SPUS ,2020-02-20 09:40:21,39
SPUS ,2020-02-20 10:40:19,39
SPUS ,2020-02-20 11:40:18,39
SPUS ,2020-02-20 12:40:20,39
SPUS ,2020-02-20 13:40:20,39
SPUS ,2020-02-20 14:40:20,39
SPUS ,2020-02-20 15:40:18,40
SPUS ,2020-02-20 16:40:19,41
SPUS ,2020-02-20 17:40:20,41
SPUS ,2020-02-20 18:40:19,41
SPUS ,2020-02-20 19:40:20,41
SPUS ,2020-02-20 20:40:23,41
SPUS ,2020-02-20 21:40:19,41
SPUS ,2020-02-20 22:40:20,41
SPUS ,2020-02-20 23:40:21,41
SPUS ,2020-02-21 00:40:20,41
SPUS ,2020-02-21 01:40:20,41
SPUS ,2020-02-21 02:40:20,41
SPUS ,2020-02-21 03:40:21,41
SPUS ,2020-02-21 04:40:22,41
SPUS ,2020-02-21 05:40:21,41
SPUS ,2020-02-21 06:40:20,41
SPUS ,2020-02-21 07:40:21,41
SPUS ,2020-02-21 08:40:23,41
SPUS ,2020-02-21 09:40:22,41
SPUS ,2020-02-21 10:40:25,41
SPUS ,2020-02-21 11:40:22,41
SPUS ,2020-02-21 12:40:21,41
SPUS ,2020-02-21 13:40:22,41
SPUS ,2020-02-21 14:40:20,41
SPUS ,2020-02-21 15:40:23,41
SPUS ,2020-02-21 16:40:22,41
SPUS ,2020-02-21 17:40:22,41
SPUS ,2020-02-21 18:40:22,40
SPUS ,2020-02-21 19:40:22,40
SPUS ,2020-02-21 20:40:20,40
SPUS ,2020-02-21 21:40:21,40
SPUS ,2020-02-21 22:40:20,40
SPUS ,2020-02-21 23:40:25,40
SPUS ,2020-02-22 00:40:23,40
SPUS ,2020-02-22 01:40:21,40
SPUS ,2020-02-22 02:40:20,40
SPUS ,2020-02-22 03:40:22,40
SPUS ,2020-02-22 04:40:21,40
SPUS ,2020-02-22 05:40:22,40
SPUS ,2020-02-22 06:40:20,40
SPUS ,2020-02-22 07:40:23,40
SPUS ,2020-02-22 08:40:22,40
SPUS ,2020-02-22 09:40:20,40
SPUS ,2020-02-22 10:40:21,40
SPUS ,2020-02-22 11:40:21,40
SPUS ,2020-02-22 12:40:21,40
SPUS ,2020-02-22 13:40:25,40
SPUS ,2020-02-22 14:40:20,40
SPUS ,2020-02-22 15:40:20,40
SPUS ,2020-02-22 16:40:22,40
SPUS ,2020-02-22 17:40:22,40
SPUS ,2020-02-22 18:40:20,40
SPUS ,2020-02-22 19:40:21,40
SPUS ,2020-02-22 20:40:22,40
SPUS ,2020-02-22 21:40:24,40
SPUS ,2020-02-22 22:40:22,40
SPUS ,2020-02-22 23:40:19,40
SPUS ,2020-02-23 00:40:19,40
SPUS ,2020-02-23 01:40:21,40
SPUS ,2020-02-23 02:40:22,40
SPUS ,2020-02-23 03:40:21,40
SPUS ,2020-02-23 04:40:23,40
SPUS ,2020-02-23 05:40:22,40
SPUS ,2020-02-23 06:40:20,40
SPUS ,2020-02-23 07:40:23,40
SPUS ,2020-02-23 08:40:22,40
SPUS ,2020-02-23 09:40:21,40
SPUS ,2020-02-23 10:40:21,40
SPUS ,2020-02-23 11:40:19,40
SPUS ,2020-02-23 12:40:22,40
SPUS ,2020-02-23 13:40:20,40
SPUS ,2020-02-23 14:40:22,40
SPUS ,2020-02-23 15:40:20,40
SPUS ,2020-02-23 16:40:20,40
SPUS ,2020-02-23 17:40:22,40
SPUS ,2020-02-23 18:40:21,40
SPUS ,2020-02-23 19:40:21,40
SPUS ,2020-02-23 20:40:21,40
SPUS ,2020-02-23 21:40:22,40
SPUS ,2020-02-23 22:40:20,40
SPUS ,2020-02-23 23:40:21,40
SPUS ,2020-02-24 00:40:24,40
SPUS ,2020-02-24 01:40:20,40
SPUS ,2020-02-24 02:40:22,40
SPUS ,2020-02-24 03:40:21,40
SPUS ,2020-02-24 04:40:21,40
SPUS ,2020-02-24 05:40:23,40
SPUS ,2020-02-24 06:40:20,40
SPUS ,2020-02-24 07:40:21,40
SPUS ,2020-02-24 08:40:20,40
SPUS ,2020-02-24 09:53:47,40
SPUS ,2020-02-24 10:40:19,40
SPUS ,2020-02-24 11:40:21,40
SPUS ,2020-02-24 12:40:20,40
SPUS ,2020-02-24 13:40:21,40
SPUS ,2020-02-24 14:40:24,40
SPUS ,2020-02-24 15:40:21,39
SPUS ,2020-02-24 16:40:21,39
SPUS ,2020-02-24 17:40:20,39
SPUS ,2020-02-24 18:40:21,39
SPUS ,2020-02-24 19:40:22,40
SPUS ,2020-02-24 20:40:22,40
SPUS ,2020-02-24 21:40:22,40
SPUS ,2020-02-24 22:40:22,40
SPUS ,2020-02-24 23:40:20,40
SPUS ,2020-02-25 00:40:22,40
SPUS ,2020-02-25 01:40:20,40
SPUS ,2020-02-25 02:40:22,40
SPUS ,2020-02-25 03:40:23,40
SPUS ,2020-02-25 04:40:22,40
SPUS ,2020-02-25 05:40:22,40
SPUS ,2020-02-25 06:40:21,40
SPUS ,2020-02-25 07:40:21,40
SPUS ,2020-02-25 08:40:21,40
SPUS ,2020-02-25 09:54:30,40
SPUS ,2020-02-25 10:40:21,40
SPUS ,2020-02-25 11:40:23,40
SPUS ,2020-02-25 12:40:21,40
SPUS ,2020-02-25 14:06:49,40
SPUS ,2020-02-25 14:40:21,40
SPUS ,2020-02-25 15:40:21,41
SPUS ,2020-02-25 16:40:21,41
SPUS ,2020-02-25 17:40:21,41
SPUS ,2020-02-25 18:40:21,41
SPUS ,2020-02-25 19:40:20,41
SPUS ,2020-02-25 20:40:23,41
SPUS ,2020-02-25 21:40:22,41
SPUS ,2020-02-25 22:40:20,41
SPUS ,2020-02-25 23:40:21,41
SPUS ,2020-02-26 00:40:21,41
SPUS ,2020-02-26 01:40:20,41
SPUS ,2020-02-26 02:40:21,41
SPUS ,2020-02-26 03:40:20,41
SPUS ,2020-02-26 04:40:22,41
SPUS ,2020-02-26 05:40:21,41
SPUS ,2020-02-26 06:40:22,41
SPUS ,2020-02-26 07:40:22,41
SPUS ,2020-02-26 08:40:21,41
SPUS ,2020-02-26 09:40:22,41
SPUS ,2020-02-26 10:40:21,41
SPUS ,2020-02-26 11:40:22,41
SPUS ,2020-02-26 12:40:21,41
SPUS ,2020-02-26 13:40:21,41
SPUS ,2020-02-26 14:40:21,41
SPUS ,2020-02-26 15:40:23,41
SPUS ,2020-02-26 16:40:21,42
SPUS ,2020-02-26 17:40:24,42
SPUS ,2020-02-26 18:40:20,42
SPUS ,2020-02-26 19:40:22,42
SPUS ,2020-02-26 20:40:21,42
SPUS ,2020-02-26 21:40:21,42
SPUS ,2020-02-26 22:40:21,42
SPUS ,2020-02-26 23:40:22,42
SPUS ,2020-02-27 00:40:21,42
SPUS ,2020-02-27 01:40:20,42
SPUS ,2020-02-27 02:40:20,42
SPUS ,2020-02-27 03:40:22,42
SPUS ,2020-02-27 04:40:19,42
SPUS ,2020-02-27 05:40:23,42
SPUS ,2020-02-27 06:40:20,42
SPUS ,2020-02-27 07:40:21,42
SPUS ,2020-02-27 08:40:22,42
SPUS ,2020-02-27 09:40:22,42
SPUS ,2020-02-27 10:40:21,42
SPUS ,2020-02-27 11:40:22,42
SPUS ,2020-02-27 12:40:21,42
SPUS ,2020-02-27 14:05:21,42
SPUS ,2020-02-27 14:40:54,42
SPUS ,2020-02-27 15:40:24,41
SPUS ,2020-02-27 16:40:23,39
SPUS ,2020-02-27 17:40:22,39
SPUS ,2020-02-27 18:40:23,39
SPUS ,2020-02-27 19:40:21,40
SPUS ,2020-02-27 20:40:21,40
SPUS ,2020-02-27 21:40:22,40
SPUS ,2020-02-27 22:40:22,40
SPUS ,2020-02-27 23:40:21,40
SPUS ,2020-02-28 00:40:23,40
SPUS ,2020-02-28 01:40:20,40
SPUS ,2020-02-28 02:40:22,40
SPUS ,2020-02-28 03:40:23,40
SPUS ,2020-02-28 04:40:26,40
SPUS ,2020-02-28 05:40:22,40
SPUS ,2020-02-28 06:40:21,40
SPUS ,2020-02-28 07:40:23,40
SPUS ,2020-02-28 08:40:24,40
SPUS ,2020-02-28 09:40:24,40
SPUS ,2020-02-28 10:40:22,40
SPUS ,2020-02-28 11:40:23,40
SPUS ,2020-02-28 12:40:22,40
SPUS ,2020-02-28 14:05:53,40
SPUS ,2020-02-28 14:40:22,40
SPUS ,2020-02-28 15:40:22,40
SPUS ,2020-02-28 16:40:22,40
SPUS ,2020-02-28 17:40:22,41
SPUS ,2020-02-28 18:40:21,41
SPUS ,2020-02-28 19:40:22,41
SPUS ,2020-02-28 20:40:21,41
SPUS ,2020-02-28 21:40:21,40
SPUS ,2020-02-28 22:40:22,40
SPUS ,2020-02-28 23:40:21,40
SPUS ,2020-02-29 00:40:20,40
SPUS ,2020-02-29 01:40:21,40
SPUS ,2020-02-29 02:40:22,40
SPUS ,2020-02-29 03:40:21,40
SPUS ,2020-02-29 04:40:21,40
SPUS ,2020-02-29 05:40:24,40
SPUS ,2020-02-29 06:40:23,40
SPUS ,2020-02-29 07:40:28,40
SPUS ,2020-02-29 08:40:27,40
SPUS ,2020-02-29 09:40:25,40
SPUS ,2020-02-29 10:40:21,40
SPUS ,2020-02-29 11:40:21,40
SPUS ,2020-02-29 12:40:25,40
SPUS ,2020-02-29 13:40:26,40
SPUS ,2020-02-29 14:40:20,40
SPUS ,2020-02-29 15:40:20,40
SPUS ,2020-02-29 16:40:22,40
SPUS ,2020-02-29 17:40:23,40
SPUS ,2020-02-29 18:40:21,40
SPUS ,2020-02-29 19:40:22,40
SPUS ,2020-02-29 20:40:21,40
SPUS ,2020-02-29 21:40:21,40
SPUS ,2020-02-29 22:40:28,40
SPUS ,2020-02-29 23:40:25,40
SPUS ,2020-03-01 00:40:25,40
SPUS ,2020-03-01 01:40:25,40
SPUS ,2020-03-01 02:40:22,40
SPUS ,2020-03-01 03:40:26,40
SPUS ,2020-03-01 04:40:21,40
SPUS ,2020-03-01 05:40:22,40
SPUS ,2020-03-01 06:40:22,40
SPUS ,2020-03-01 07:40:23,40
SPUS ,2020-03-01 08:40:22,40
SPUS ,2020-03-01 09:40:25,40
SPUS ,2020-03-01 10:40:25,40
SPUS ,2020-03-01 11:40:21,40
SPUS ,2020-03-01 12:40:22,40
SPUS ,2020-03-01 13:40:21,40
SPUS ,2020-03-01 14:40:21,40
SPUS ,2020-03-01 15:40:25,40
SPUS ,2020-03-01 16:40:22,40
SPUS ,2020-03-01 17:40:25,40
SPUS ,2020-03-01 18:40:27,40
SPUS ,2020-03-01 19:40:26,40
SPUS ,2020-03-01 20:40:26,40
SPUS ,2020-03-01 21:40:21,40
SPUS ,2020-03-01 22:40:22,40
SPUS ,2020-03-01 23:40:25,40
SPUS ,2020-03-02 00:40:21,40
SPUS ,2020-03-02 01:40:23,40
SPUS ,2020-03-02 02:40:25,40
SPUS ,2020-03-02 03:40:26,40
SPUS ,2020-03-02 04:40:24,40
SPUS ,2020-03-02 05:40:26,40
SPUS ,2020-03-02 07:40:22,40
SPUS ,2020-03-02 08:40:25,40
SPUS ,2020-03-02 09:40:25,40
SPUS ,2020-03-02 10:40:23,40
SPUS ,2020-03-02 11:40:20,40
SPUS ,2020-03-02 12:40:22,40
SPUS ,2020-03-02 13:40:25,40
SPUS ,2020-03-02 16:40:21,41
SPUS ,2020-03-02 18:41:20,41
SPUS ,2020-03-03 00:40:23,41
SPUS ,2020-03-03 01:40:25,41
SPUS ,2020-03-03 02:40:26,41
SPUS ,2020-03-03 03:40:24,41
SPUS ,2020-03-03 04:40:26,41
SPUS ,2020-03-03 05:42:04,41
SPUS ,2020-03-03 06:40:28,41
SPUS ,2020-03-03 07:40:26,41
SPUS ,2020-03-03 08:40:30,41
SPUS ,2020-03-03 09:40:30,41
SPUS ,2020-03-03 10:40:24,41
SPUS ,2020-03-03 11:40:30,41
SPUS ,2020-03-03 12:40:24,41
SPUS ,2020-03-03 13:40:30,41
SPUS ,2020-03-03 14:40:29,41
SPUS ,2020-03-03 16:40:31,44
SPUS ,2020-03-03 17:40:30,45
SPUS ,2020-03-03 18:40:23,46
SPUS ,2020-03-03 19:40:23,46
SPUS ,2020-03-03 20:40:25,47
SPUS ,2020-03-03 21:40:24,47
SPUS ,2020-03-03 22:40:31,47
SPUS ,2020-03-03 23:40:27,47
SPUS ,2020-03-04 00:40:27,47
SPUS ,2020-03-04 01:40:28,47
SPUS ,2020-03-04 02:40:24,47
SPUS ,2020-03-04 03:40:24,47
SPUS ,2020-03-04 04:40:32,47
SPUS ,2020-03-04 05:40:24,47
SPUS ,2020-03-04 06:40:27,47
SPUS ,2020-03-04 07:40:23,47
SPUS ,2020-03-04 08:40:27,47
SPUS ,2020-03-04 09:40:28,47
SPUS ,2020-03-04 10:40:24,47
SPUS ,2020-03-04 11:40:29,47
SPUS ,2020-03-04 12:40:28,47
SPUS ,2020-03-04 13:40:23,47
SPUS ,2020-03-04 14:40:22,47
SPUS ,2020-03-04 15:40:32,47
SPUS ,2020-03-04 16:40:22,47
SPUS ,2020-03-04 17:40:24,47
SPUS ,2020-03-04 18:40:27,48
SPUS ,2020-03-04 19:40:28,47
SPUS ,2020-03-04 20:40:28,47
SPUS ,2020-03-04 21:40:23,48
SPUS ,2020-03-04 22:40:27,48
SPUS ,2020-03-04 23:40:24,48
SPUS ,2020-03-05 00:40:25,48
SPUS ,2020-03-05 01:40:25,48
SPUS ,2020-03-05 02:40:22,48
SPUS ,2020-03-05 03:40:23,48
SPUS ,2020-03-05 04:40:24,48
SPUS ,2020-03-05 05:40:25,48
SPUS ,2020-03-05 06:40:23,48
SPUS ,2020-03-05 07:40:24,48
SPUS ,2020-03-05 08:40:30,48
SPUS ,2020-03-05 09:40:25,48
SPUS ,2020-03-05 10:40:23,48
SPUS ,2020-03-05 11:40:23,48
SPUS ,2020-03-05 12:40:23,48
SPUS ,2020-03-05 13:40:25,48
SPUS ,2020-03-05 14:40:27,48
SPUS ,2020-03-05 15:40:25,49
SPUS ,2020-03-05 16:40:28,50
SPUS ,2020-03-05 17:40:23,50
SPUS ,2020-03-05 18:40:23,49
SPUS ,2020-03-05 19:40:23,49
SPUS ,2020-03-05 20:40:23,49
SPUS ,2020-03-05 21:40:22,49
SPUS ,2020-03-05 22:40:27,49
SPUS ,2020-03-05 23:40:28,49
SPUS ,2020-03-06 00:40:23,49
SPUS ,2020-03-06 01:40:23,49
SPUS ,2020-03-06 02:40:28,49
SPUS ,2020-03-06 03:40:27,49
SPUS ,2020-03-06 04:40:28,49
SPUS ,2020-03-06 05:40:27,49
SPUS ,2020-03-06 06:40:28,49
SPUS ,2020-03-06 07:40:28,49
SPUS ,2020-03-06 08:40:23,49
SPUS ,2020-03-06 09:40:29,49
SPUS ,2020-03-06 10:40:24,49
SPUS ,2020-03-06 11:40:30,49
SPUS ,2020-03-06 12:40:24,49
SPUS ,2020-03-06 13:40:21,49
SPUS ,2020-03-06 14:40:29,49
SPUS ,2020-03-06 15:40:24,49
SPUS ,2020-03-06 16:40:24,49
SPUS ,2020-03-06 17:40:24,50
SPUS ,2020-03-06 18:40:23,50
SPUS ,2020-03-06 19:40:25,50
SPUS ,2020-03-06 20:40:22,50
SPUS ,2020-03-06 21:40:22,50
SPUS ,2020-03-06 22:40:23,50
SPUS ,2020-03-06 23:40:24,50
SPUS ,2020-03-07 00:40:22,50
SPUS ,2020-03-07 01:40:24,50
SPUS ,2020-03-07 02:40:23,50
SPUS ,2020-03-07 03:40:30,50
SPUS ,2020-03-07 04:40:28,50
SPUS ,2020-03-07 05:40:27,50
SPUS ,2020-03-07 06:40:27,50
SPUS ,2020-03-07 07:40:28,50
SPUS ,2020-03-07 08:40:27,50
SPUS ,2020-03-07 09:40:24,50
SPUS ,2020-03-07 10:40:25,50
SPUS ,2020-03-07 11:40:28,50
SPUS ,2020-03-07 12:40:24,50
SPUS ,2020-03-07 13:40:24,50
SPUS ,2020-03-07 14:40:23,50
SPUS ,2020-03-07 15:40:25,50
SPUS ,2020-03-07 16:40:21,50
SPUS ,2020-03-07 17:40:25,50
SPUS ,2020-03-07 18:40:23,50
SPUS ,2020-03-07 19:40:24,50
SPUS ,2020-03-07 20:40:29,50
SPUS ,2020-03-07 21:40:29,50
SPUS ,2020-03-07 22:40:29,50
SPUS ,2020-03-07 23:40:27,50
SPUS ,2020-03-08 00:40:23,50
SPUS ,2020-03-08 01:40:25,50
SPUS ,2020-03-08 02:40:26,50
SPUS ,2020-03-08 03:40:27,50
SPUS ,2020-03-08 04:40:27,50
SPUS ,2020-03-08 05:40:30,50
SPUS ,2020-03-08 06:40:25,50
SPUS ,2020-03-08 07:40:29,50
SPUS ,2020-03-08 08:40:29,50
SPUS ,2020-03-08 09:40:26,50
SPUS ,2020-03-08 10:40:30,50
SPUS ,2020-03-08 11:40:24,50
SPUS ,2020-03-08 12:40:30,50
SPUS ,2020-03-08 13:40:30,50
SPUS ,2020-03-08 14:40:22,50
SPUS ,2020-03-08 15:40:30,50
SPUS ,2020-03-08 16:40:22,50
SPUS ,2020-03-08 17:40:24,50
SPUS ,2020-03-08 18:40:30,50
SPUS ,2020-03-08 19:40:27,50
SPUS ,2020-03-08 20:40:24,50
SPUS ,2020-03-08 21:40:23,50
SPUS ,2020-03-08 22:40:27,50
SPUS ,2020-03-08 23:40:24,50
SPUS ,2020-03-09 00:40:28,50
SPUS ,2020-03-09 01:40:22,50
SPUS ,2020-03-09 02:40:28,50
SPUS ,2020-03-09 03:40:28,50
SPUS ,2020-03-09 04:40:28,50
SPUS ,2020-03-09 05:40:23,50
SPUS ,2020-03-09 06:40:24,50
SPUS ,2020-03-09 07:40:22,50
SPUS ,2020-03-09 08:40:24,50
SPUS ,2020-03-09 09:40:24,50
SPUS ,2020-03-09 10:40:27,50
SPUS ,2020-03-09 11:40:28,50
SPUS ,2020-03-09 12:40:24,50
SPUS ,2020-03-09 13:40:24,50
SPUS ,2020-03-09 14:40:29,50
SPUS ,2020-03-09 15:40:25,51
SPUS ,2020-03-09 16:40:24,50
SPUS ,2020-03-09 17:40:24,50
SPUS ,2020-03-09 18:40:22,50
SPUS ,2020-03-09 19:40:23,50
SPUS ,2020-03-09 20:40:23,50
SPUS ,2020-03-09 21:40:27,50
SPUS ,2020-03-09 22:40:27,50
SPUS ,2020-03-09 23:40:28,50
SPUS ,2020-03-10 00:40:22,50
SPUS ,2020-03-10 01:40:27,50
SPUS ,2020-03-10 02:40:25,50
SPUS ,2020-03-10 03:40:30,50
SPUS ,2020-03-10 04:40:24,50
SPUS ,2020-03-10 06:40:28,50
SPUS ,2020-03-10 07:40:31,50
SPUS ,2020-03-10 08:40:24,50
SPUS ,2020-03-10 09:40:27,50
SPUS ,2020-03-10 10:40:27,50
SPUS ,2020-03-10 11:40:27,50
SPUS ,2020-03-10 12:40:24,50
SPUS ,2020-03-10 13:40:26,50
SPUS ,2020-03-10 14:40:31,50
SPUS ,2020-03-10 15:40:28,51
SPUS ,2020-03-10 16:40:23,51
SPUS ,2020-03-10 17:40:27,51
SPUS ,2020-03-10 18:40:27,51
SPUS ,2020-03-10 19:40:28,51
SPUS ,2020-03-10 20:40:33,51
SPUS ,2020-03-10 21:40:29,51
SPUS ,2020-03-10 22:40:28,51
SPUS ,2020-03-10 23:40:23,51
SPUS ,2020-03-11 00:40:27,51
SPUS ,2020-03-11 01:40:28,51
SPUS ,2020-03-11 02:40:28,51
SPUS ,2020-03-11 03:40:24,51
SPUS ,2020-03-11 04:40:24,51
SPUS ,2020-03-11 05:40:30,51
SPUS ,2020-03-11 06:40:27,51
SPUS ,2020-03-11 07:40:22,51
SPUS ,2020-03-11 08:40:24,51
SPUS ,2020-03-11 09:40:22,51
SPUS ,2020-03-11 10:40:23,51
SPUS ,2020-03-11 11:40:27,51
SPUS ,2020-03-11 12:40:29,51
SPUS ,2020-03-11 13:40:30,51
SPUS ,2020-03-11 14:40:24,51
SPUS ,2020-03-11 15:40:23,51
SPUS ,2020-03-11 16:40:28,51
SPUS ,2020-03-11 17:40:23,50
SPUS ,2020-03-11 18:40:23,50
SPUS ,2020-03-11 19:40:28,50
SPUS ,2020-03-11 20:40:28,50
SPUS ,2020-03-11 21:40:23,50
SPUS ,2020-03-11 22:40:23,50
SPUS ,2020-03-11 23:40:24,50
SPUS ,2020-03-12 00:40:22,50
SPUS ,2020-03-12 01:40:28,50
SPUS ,2020-03-12 02:40:24,50
SPUS ,2020-03-12 03:40:26,50
SPUS ,2020-03-12 04:40:28,50
SPUS ,2020-03-12 05:40:24,50
SPUS ,2020-03-12 06:40:23,50
SPUS ,2020-03-12 07:40:22,50
SPUS ,2020-03-12 08:40:31,50
SPUS ,2020-03-12 09:40:26,50
SPUS ,2020-03-12 10:40:28,50
SPUS ,2020-03-12 11:40:27,50
SPUS ,2020-03-12 12:40:27,50
SPUS ,2020-03-12 13:40:28,50
SPUS ,2020-03-12 14:40:23,50
SPUS ,2020-03-12 15:40:22,50
SPUS ,2020-03-12 16:40:24,50
SPUS ,2020-03-12 17:40:22,50
SPUS ,2020-03-12 18:40:29,50
SPUS ,2020-03-12 19:40:24,50
SPUS ,2020-03-12 20:40:24,50
SPUS ,2020-03-12 21:40:28,50
SPUS ,2020-03-12 22:40:22,50
SPUS ,2020-03-12 23:40:30,50
SPUS ,2020-03-13 00:40:29,50
SPUS ,2020-03-13 01:40:22,50
SPUS ,2020-03-13 02:40:28,50
SPUS ,2020-03-13 03:40:28,50
SPUS ,2020-03-13 04:40:23,50
SPUS ,2020-03-13 05:40:24,50
SPUS ,2020-03-13 06:40:31,50
SPUS ,2020-03-13 07:40:30,50
SPUS ,2020-03-13 08:40:32,50
SPUS ,2020-03-13 09:40:29,50
SPUS ,2020-03-13 10:40:24,50
SPUS ,2020-03-13 11:40:26,50
SPUS ,2020-03-13 13:05:21,50
SPUS ,2020-03-13 13:40:25,50
SPUS ,2020-03-13 14:40:24,51
SPUS ,2020-03-13 15:40:25,51
SPUS ,2020-03-13 16:40:29,51
SPUS ,2020-03-13 17:40:27,51
SPUS ,2020-03-13 18:40:28,51
SPUS ,2020-03-13 19:40:27,51
SPUS ,2020-03-13 20:40:23,52
SPUS ,2020-03-13 21:40:23,52
SPUS ,2020-03-13 22:40:24,52
SPUS ,2020-03-13 23:40:26,52
SPUS ,2020-03-14 00:40:24,52
SPUS ,2020-03-14 01:40:28,52
SPUS ,2020-03-14 02:40:27,52
SPUS ,2020-03-14 03:40:23,52
SPUS ,2020-03-14 04:40:29,52
SPUS ,2020-03-14 05:40:29,52
SPUS ,2020-03-14 06:40:24,52
SPUS ,2020-03-14 07:40:29,52
SPUS ,2020-03-14 08:40:27,52
SPUS ,2020-03-14 09:40:28,52
SPUS ,2020-03-14 10:40:24,52
SPUS ,2020-03-14 11:40:22,52
SPUS ,2020-03-14 12:40:24,52
SPUS ,2020-03-14 13:40:25,52
SPUS ,2020-03-14 14:40:26,52
SPUS ,2020-03-14 15:40:24,52
SPUS ,2020-03-14 16:40:28,52
SPUS ,2020-03-14 17:40:25,52
SPUS ,2020-03-14 18:40:28,52
SPUS ,2020-03-14 19:40:24,52
SPUS ,2020-03-14 20:40:28,52
SPUS ,2020-03-14 21:40:28,52
SPUS ,2020-03-14 22:40:28,52
SPUS ,2020-03-14 23:40:26,52
SPUS ,2020-03-15 00:40:24,52
SPUS ,2020-03-15 01:40:23,52
SPUS ,2020-03-15 02:40:29,52
SPUS ,2020-03-15 03:40:28,52
SPUS ,2020-03-15 04:40:23,52
SPUS ,2020-03-15 05:40:28,52
SPUS ,2020-03-15 06:40:24,52
SPUS ,2020-03-15 07:40:30,52
SPUS ,2020-03-15 08:58:07,52
SPUS ,2020-03-15 09:40:24,52
SPUS ,2020-03-15 10:40:26,52
SPUS ,2020-03-15 11:40:29,52
SPUS ,2020-03-15 12:40:29,52
SPUS ,2020-03-15 13:40:23,52
SPUS ,2020-03-15 14:40:24,52
SPUS ,2020-03-15 15:40:24,52
SPUS ,2020-03-15 16:40:26,52
SPUS ,2020-03-15 17:40:24,52
SPUS ,2020-03-15 18:40:28,52
SPUS ,2020-03-15 19:40:27,52
SPUS ,2020-03-15 20:40:24,52
SPUS ,2020-03-15 21:40:24,52
SPUS ,2020-03-15 22:40:27,52
SPUS ,2020-03-15 23:40:26,52
SPUS ,2020-03-16 00:40:22,52
SPUS ,2020-03-16 01:40:23,52
SPUS ,2020-03-16 02:40:22,52
SPUS ,2020-03-16 03:40:29,52
SPUS ,2020-03-16 04:40:27,52
SPUS ,2020-03-16 05:40:29,52
SPUS ,2020-03-16 06:40:24,52
SPUS ,2020-03-16 07:40:29,52
SPUS ,2020-03-16 08:56:44,52
SPUS ,2020-03-16 09:40:27,52
SPUS ,2020-03-16 10:40:23,52
SPUS ,2020-03-16 11:40:27,52
SPUS ,2020-03-16 13:06:52,52
SPUS ,2020-03-16 13:40:29,52
SPUS ,2020-03-16 14:40:25,52
SPUS ,2020-03-16 15:40:27,52
SPUS ,2020-03-16 16:40:22,52
SPUS ,2020-03-16 17:40:24,54
SPUS ,2020-03-16 18:40:23,54
SPUS ,2020-03-16 19:40:28,55
SPUS ,2020-03-16 20:40:23,57
SPUS ,2020-03-16 21:40:23,57
SPUS ,2020-03-16 22:40:22,56
SPUS ,2020-03-16 23:40:27,56
SPUS ,2020-03-17 00:40:26,56
SPUS ,2020-03-17 01:40:25,56
SPUS ,2020-03-17 02:40:27,56
SPUS ,2020-03-17 20:08:46,57
SPUS ,2020-03-17 20:16:35,57
SPUS ,2020-03-17 20:40:24,57
SPUS ,2020-03-17 21:40:23,57
SPUS ,2020-03-17 22:40:23,57
SPUS ,2020-03-17 23:40:23,57
SPUS ,2020-03-18 00:40:24,57
SPUS ,2020-03-18 01:40:25,57
SPUS ,2020-03-18 02:40:24,57
SPUS ,2020-03-18 03:40:24,57
SPUS ,2020-03-18 04:40:25,57
SPUS ,2020-03-18 05:40:25,57
SPUS ,2020-03-18 06:40:23,57
SPUS ,2020-03-18 07:40:24,57
SPUS ,2020-03-18 08:40:24,57
SPUS ,2020-03-18 09:40:25,57
SPUS ,2020-03-18 10:40:23,57
SPUS ,2020-03-18 11:40:22,57
SPUS ,2020-03-18 13:06:53,57
SPUS ,2020-03-18 13:40:26,57
SPUS ,2020-03-18 14:40:24,58
SPUS ,2020-03-18 15:40:23,59
SPUS ,2020-03-18 16:40:23,60
SPUS ,2020-03-18 17:40:24,60
SPUS ,2020-03-18 18:40:23,60
SPUS ,2020-03-18 19:40:25,60
SPUS ,2020-03-18 20:40:24,60
SPUS ,2020-03-18 21:40:24,60
SPUS ,2020-03-18 22:40:22,60
SPUS ,2020-03-18 23:40:23,60
SPUS ,2020-03-19 00:40:25,60
SPUS ,2020-03-19 01:40:23,60
SPUS ,2020-03-19 02:40:22,60
SPUS ,2020-03-19 03:40:22,60
SPUS ,2020-03-19 04:40:23,60
SPUS ,2020-03-19 05:40:30,60
SPUS ,2020-03-19 06:40:24,60
SPUS ,2020-03-19 07:40:23,60
SPUS ,2020-03-19 08:40:23,60
SPUS ,2020-03-19 09:40:23,60
SPUS ,2020-03-19 10:40:22,60
SPUS ,2020-03-19 11:40:23,60
SPUS ,2020-03-19 12:40:24,60
SPUS ,2020-03-19 13:40:23,60
SPUS ,2020-03-19 14:40:26,60
SPUS ,2020-03-19 15:40:28,60
SPUS ,2020-03-19 16:40:25,60
SPUS ,2020-03-19 17:40:26,60
SPUS ,2020-03-19 18:40:25,60
SPUS ,2020-03-19 19:40:27,60
SPUS ,2020-03-19 20:40:28,60
SPUS ,2020-03-19 21:40:26,60
SPUS ,2020-03-19 22:40:25,60
SPUS ,2020-03-19 23:40:28,60
SPUS ,2020-03-20 00:40:26,60
SPUS ,2020-03-20 01:40:24,60
SPUS ,2020-03-20 02:40:29,60
SPUS ,2020-03-20 03:40:27,60
SPUS ,2020-03-20 04:40:26,60
SPUS ,2020-03-20 05:40:32,60
SPUS ,2020-03-20 06:40:29,60
SPUS ,2020-03-20 07:40:27,60
SPUS ,2020-03-20 08:40:29,60
SPUS ,2020-03-20 09:40:27,60
SPUS ,2020-03-20 10:40:26,60
SPUS ,2020-03-20 11:40:26,60
SPUS ,2020-03-20 13:05:53,60
SPUS ,2020-03-20 13:40:27,60
SPUS ,2020-03-20 14:40:26,61
SPUS ,2020-03-20 15:40:25,61
SPUS ,2020-03-20 16:40:27,60
SPUS ,2020-03-20 17:40:26,59
SPUS ,2020-03-20 18:40:24,59
SPUS ,2020-03-20 19:40:26,59
SPUS ,2020-03-20 20:40:25,60
SPUS ,2020-03-20 21:40:24,60
SPUS ,2020-03-20 22:40:26,60
SPUS ,2020-03-20 23:40:28,60
SPUS ,2020-03-21 00:40:28,60
SPUS ,2020-03-21 01:40:25,60
SPUS ,2020-03-21 02:40:26,60
SPUS ,2020-03-21 03:40:29,60
SPUS ,2020-03-21 04:40:26,60
SPUS ,2020-03-21 05:40:26,60
SPUS ,2020-03-21 06:40:25,60
SPUS ,2020-03-21 07:40:27,60
SPUS ,2020-03-21 08:40:27,60
SPUS ,2020-03-21 09:40:26,60
SPUS ,2020-03-21 10:40:27,60
SPUS ,2020-03-21 11:40:26,60
SPUS ,2020-03-21 12:40:24,60
SPUS ,2020-03-21 13:40:25,60
SPUS ,2020-03-21 14:40:27,60
SPUS ,2020-03-21 15:40:26,60
SPUS ,2020-03-21 16:40:27,60
SPUS ,2020-03-21 17:40:27,60
SPUS ,2020-03-21 18:40:25,60
SPUS ,2020-03-21 19:40:26,60
SPUS ,2020-03-21 20:40:24,60
SPUS ,2020-03-21 21:40:25,60
SPUS ,2020-03-21 22:40:26,60
SPUS ,2020-03-21 23:40:28,60
SPUS ,2020-03-22 00:40:25,60
SPUS ,2020-03-22 01:40:27,60
SPUS ,2020-03-22 02:40:26,60
SPUS ,2020-03-22 03:40:28,60
SPUS ,2020-03-22 04:40:26,60
SPUS ,2020-03-22 05:40:25,60
SPUS ,2020-03-22 06:40:26,60
SPUS ,2020-03-22 07:40:29,60
SPUS ,2020-03-22 09:12:32,60
SPUS ,2020-03-22 09:40:26,60
SPUS ,2020-03-22 10:40:27,60
SPUS ,2020-03-22 11:40:25,60
SPUS ,2020-03-22 12:40:27,60
SPUS ,2020-03-22 21:50:27,60
SPUS ,2020-03-22 22:40:26,60
SPUS ,2020-03-22 23:40:26,60
SPUS ,2020-03-23 00:40:34,60
SPUS ,2020-03-23 01:40:33,60
SPUS ,2020-03-23 02:40:25,60
SPUS ,2020-03-23 03:40:28,60
SPUS ,2020-03-23 04:40:25,60
SPUS ,2020-03-23 05:40:28,60
SPUS ,2020-03-23 06:40:25,60
SPUS ,2020-03-23 07:40:25,60
SPUS ,2020-03-23 08:40:27,60
SPUS ,2020-03-23 09:40:28,60
SPUS ,2020-03-23 10:40:25,60
SPUS ,2020-03-23 11:40:26,60
SPUS ,2020-03-23 13:05:21,60
SPUS ,2020-03-23 13:40:30,60
SPUS ,2020-03-23 14:40:27,61
SPUS ,2020-03-23 15:40:30,61
SPUS ,2020-03-23 16:40:27,61
SPUS ,2020-03-23 17:40:26,61
SPUS ,2020-03-23 18:40:25,62
SPUS ,2020-03-23 19:40:27,63
SPUS ,2020-03-23 20:40:27,63
SPUS ,2020-03-23 21:40:26,63
SPUS ,2020-03-23 22:40:26,63
SPUS ,2020-03-23 23:40:31,63
SPUS ,2020-03-24 00:40:24,63
SPUS ,2020-03-24 01:40:26,63
SPUS ,2020-03-24 02:40:25,63
SPUS ,2020-03-24 03:40:25,63
SPUS ,2020-03-24 04:40:27,63
SPUS ,2020-03-24 05:40:30,63
SPUS ,2020-03-24 06:40:28,63
SPUS ,2020-03-24 07:40:27,63
SPUS ,2020-03-24 08:40:25,63
SPUS ,2020-03-24 09:40:25,63
SPUS ,2020-03-24 10:40:26,63
SPUS ,2020-03-24 11:40:27,63
SPUS ,2020-03-24 12:40:25,63
SPUS ,2020-03-24 13:40:28,63
SPUS ,2020-03-24 14:40:31,64
SPUS ,2020-03-24 15:40:28,65
SPUS ,2020-03-24 16:40:30,65
SPUS ,2020-03-24 17:40:27,65
SPUS ,2020-03-24 18:40:26,65
SPUS ,2020-03-24 19:40:26,65
SPUS ,2020-03-24 20:40:24,65
SPUS ,2020-03-24 21:40:25,65
SPUS ,2020-03-24 22:40:26,65
SPUS ,2020-03-24 23:40:27,65
SPUS ,2020-03-25 00:40:24,65
SPUS ,2020-03-25 01:40:25,65
SPUS ,2020-03-25 02:40:25,65
SPUS ,2020-03-25 03:40:24,65
SPUS ,2020-03-25 04:40:24,65
SPUS ,2020-03-25 06:40:27,65
SPUS ,2020-03-25 07:40:26,65
SPUS ,2020-03-25 08:40:26,65
SPUS ,2020-03-25 09:40:26,65
SPUS ,2020-03-25 10:40:24,65
SPUS ,2020-03-25 11:40:26,65
SPUS ,2020-03-25 12:40:26,65
SPUS ,2020-03-25 13:40:27,65
SPUS ,2020-03-25 14:40:28,66
SPUS ,2020-03-25 15:40:28,66
SPUS ,2020-03-25 16:40:27,66
SPUS ,2020-03-25 17:40:25,66
SPUS ,2020-03-25 18:40:24,66
SPUS ,2020-03-25 19:40:24,66
SPUS ,2020-03-25 20:40:26,66
SPUS ,2020-03-25 21:40:24,66
SPUS ,2020-03-25 22:40:25,66
SPUS ,2020-03-25 23:40:24,66
SPUS ,2020-03-26 02:03:40,66
SPUS ,2020-03-26 02:40:28,66
SPUS ,2020-03-26 03:40:27,66
SPUS ,2020-03-26 04:40:27,66
SPUS ,2020-03-26 05:40:26,66
SPUS ,2020-03-26 06:40:25,66
SPUS ,2020-03-26 07:40:27,66
SPUS ,2020-03-26 08:40:24,66
SPUS ,2020-03-26 09:40:28,66
SPUS ,2020-03-26 10:40:24,66
SPUS ,2020-03-26 11:40:25,66
SPUS ,2020-03-26 12:40:25,66
SPUS ,2020-03-26 13:40:24,66
SPUS ,2020-03-26 14:40:26,67
SPUS ,2020-03-26 15:40:26,68
SPUS ,2020-03-26 16:40:25,68
SPUS ,2020-03-26 17:40:26,68
SPUS ,2020-03-26 18:40:24,68
SPUS ,2020-03-26 19:40:24,68
SPUS ,2020-03-26 20:40:24,68
SPUS ,2020-03-26 21:40:25,68
SPUS ,2020-03-26 22:40:24,68
SPUS ,2020-03-26 23:40:26,68
SPUS ,2020-03-27 00:40:26,68
SPUS ,2020-03-27 01:40:26,68
SPUS ,2020-03-27 02:40:26,68
SPUS ,2020-03-27 03:40:25,68
SPUS ,2020-03-27 04:40:25,68
SPUS ,2020-03-27 05:40:25,68
SPUS ,2020-03-27 06:40:26,68
SPUS ,2020-03-27 07:40:27,68
SPUS ,2020-03-27 08:40:32,68
SPUS ,2020-03-27 09:40:30,68
SPUS ,2020-03-27 10:40:25,68
SPUS ,2020-03-27 11:40:24,68
SPUS ,2020-03-27 12:40:24,68
SPUS ,2020-03-27 13:40:26,68
SPUS ,2020-03-27 14:40:25,68
SPUS ,2020-03-27 15:40:26,68
SPUS ,2020-03-27 16:40:25,68
SPUS ,2020-03-27 17:40:26,68
SPUS ,2020-03-27 18:40:27,68
SPUS ,2020-03-27 19:40:25,68
SPUS ,2020-03-27 20:40:25,68
SPUS ,2020-03-27 21:40:27,68
SPUS ,2020-03-27 22:40:26,68
SPUS ,2020-03-27 23:40:26,68
SPUS ,2020-03-28 00:40:27,68
SPUS ,2020-03-28 01:40:24,68
SPUS ,2020-03-28 02:40:25,68
SPUS ,2020-03-28 03:40:25,68
SPUS ,2020-03-28 04:40:25,68
SPUS ,2020-03-28 05:40:28,68
SPUS ,2020-03-28 06:40:27,68
SPUS ,2020-03-28 07:40:25,68
SPUS ,2020-03-28 08:40:28,68
SPUS ,2020-03-28 09:40:27,68
SPUS ,2020-03-28 10:40:28,68
SPUS ,2020-03-28 11:40:26,68
SPUS ,2020-03-28 12:40:27,68
SPUS ,2020-03-28 13:40:26,68
SPUS ,2020-03-28 14:40:27,68
SPUS ,2020-03-28 15:40:25,68
SPUS ,2020-03-28 16:40:26,68
SPUS ,2020-03-28 17:40:26,68
SPUS ,2020-03-28 18:40:26,68
SPUS ,2020-03-28 19:40:25,68
SPUS ,2020-03-28 20:40:25,68
SPUS ,2020-03-28 21:40:26,68
SPUS ,2020-03-28 22:40:28,68
SPUS ,2020-03-28 23:40:26,68
SPUS ,2020-03-29 00:40:26,68
SPUS ,2020-03-29 01:40:27,68
SPUS ,2020-03-29 02:40:29,68
SPUS ,2020-03-29 03:40:32,68
SPUS ,2020-03-29 04:40:28,68
SPUS ,2020-03-29 05:40:27,68
SPUS ,2020-03-29 06:40:31,68
SPUS ,2020-03-29 07:40:27,68
SPUS ,2020-03-29 08:40:27,68
SPUS ,2020-03-29 09:40:28,68
SPUS ,2020-03-29 10:40:28,68
SPUS ,2020-03-29 11:40:26,68
SPUS ,2020-03-29 12:40:24,68
SPUS ,2020-03-29 13:40:25,68
SPUS ,2020-03-29 14:40:24,68
SPUS ,2020-03-29 15:40:26,68
SPUS ,2020-03-29 16:40:25,68
SPUS ,2020-03-29 17:40:27,68
SPUS ,2020-03-29 18:40:26,68
SPUS ,2020-03-29 19:40:26,68
SPUS ,2020-03-29 20:40:26,68
SPUS ,2020-03-29 21:40:28,68
SPUS ,2020-03-29 22:40:27,68
SPUS ,2020-03-29 23:40:26,68
SPUS ,2020-03-30 00:40:27,68
SPUS ,2020-03-30 01:40:26,68
SPUS ,2020-03-30 02:40:28,68
SPUS ,2020-03-30 03:40:27,68
SPUS ,2020-03-30 04:40:30,68
SPUS ,2020-03-30 05:40:26,68
SPUS ,2020-03-30 06:40:25,68
SPUS ,2020-03-30 07:40:30,68
SPUS ,2020-03-30 08:40:26,68
SPUS ,2020-03-30 09:40:26,68
SPUS ,2020-03-30 10:40:25,68
SPUS ,2020-03-30 11:40:25,68
SPUS ,2020-03-30 12:40:26,68
SPUS ,2020-03-30 13:40:27,68
SPUS ,2020-03-30 14:40:26,70
SPUS ,2020-03-30 15:40:28,72
SPUS ,2020-03-30 16:40:26,72
SPUS ,2020-03-30 17:40:27,72
SPUS ,2020-03-30 18:40:27,72
SPUS ,2020-03-30 19:40:26,72
SPUS ,2020-03-30 20:40:25,71
SPUS ,2020-03-30 21:40:26,71
SPUS ,2020-03-30 22:40:27,71
SPUS ,2020-03-30 23:40:26,71
SPUS ,2020-03-31 00:40:25,71
SPUS ,2020-03-31 01:40:26,71
SPUS ,2020-03-31 02:40:25,71
SPUS ,2020-03-31 03:40:26,71
SPUS ,2020-03-31 04:40:26,71
SPUS ,2020-03-31 05:40:26,71
SPUS ,2020-03-31 06:40:26,71
SPUS ,2020-03-31 07:40:27,71
SPUS ,2020-03-31 08:40:26,71
SPUS ,2020-03-31 09:40:29,71
SPUS ,2020-03-31 10:40:26,71
SPUS ,2020-03-31 11:40:51,71
SPUS ,2020-03-31 13:04:22,71
SPUS ,2020-03-31 13:40:26,71
SPUS ,2020-03-31 14:40:28,72
SPUS ,2020-03-31 15:40:27,72
SPUS ,2020-03-31 16:40:29,73
SPUS ,2020-03-31 17:40:26,73
SPUS ,2020-03-31 18:40:30,74
SPUS ,2020-03-31 19:40:25,74
SPUS ,2020-03-31 20:40:27,74
SPUS ,2020-03-31 21:40:25,74
SPUS ,2020-03-31 22:40:27,74
SPUS ,2020-03-31 23:40:27,74
SPUS ,2020-04-01 00:40:27,74
SPUS ,2020-04-01 01:40:26,74
SPUS ,2020-04-01 02:40:25,74
SPUS ,2020-04-01 03:40:28,74
SPUS ,2020-04-01 04:40:28,74
SPUS ,2020-04-01 05:40:27,74
SPUS ,2020-04-01 06:40:27,73
SPUS ,2020-04-01 07:40:28,73
SPUS ,2020-04-01 08:40:26,73
SPUS ,2020-04-01 09:40:27,73
SPUS ,2020-04-01 10:40:26,73
SPUS ,2020-04-01 11:40:28,73
SPUS ,2020-04-01 13:07:23,73
SPUS ,2020-04-01 13:40:27,73
SPUS ,2020-04-01 14:40:29,73
SPUS ,2020-04-01 15:40:28,73
SPUS ,2020-04-01 16:40:28,73
SPUS ,2020-04-01 17:40:25,73
SPUS ,2020-04-01 18:40:25,72
SPUS ,2020-04-01 19:40:25,72
SPUS ,2020-04-01 20:40:26,72
SPUS ,2020-04-01 21:40:27,72
SPUS ,2020-04-01 22:40:26,72
SPUS ,2020-04-01 23:40:28,72
SPUS ,2020-04-02 00:40:27,72
SPUS ,2020-04-02 01:40:29,72
SPUS ,2020-04-02 02:40:28,72
SPUS ,2020-04-02 03:40:29,72
SPUS ,2020-04-02 04:40:27,72
SPUS ,2020-04-02 05:40:26,72
SPUS ,2020-04-02 06:40:27,72
SPUS ,2020-04-02 07:40:29,72
SPUS ,2020-04-02 08:40:31,72
SPUS ,2020-04-02 09:40:29,72
SPUS ,2020-04-02 10:40:27,72
SPUS ,2020-04-02 11:40:27,72
SPUS ,2020-04-02 13:08:23,72
SPUS ,2020-04-02 13:40:31,72
SPUS ,2020-04-02 14:40:27,73
SPUS ,2020-04-02 15:40:30,73
SPUS ,2020-04-02 16:40:25,73
SPUS ,2020-04-02 17:40:25,73
SPUS ,2020-04-02 18:40:30,72
SPUS ,2020-04-02 19:40:26,72
SPUS ,2020-04-02 20:40:30,72
SPUS ,2020-04-02 21:40:31,72
SPUS ,2020-04-02 22:40:29,72
SPUS ,2020-04-02 23:40:27,72
SPUS ,2020-04-03 00:40:28,72
SPUS ,2020-04-03 01:40:30,72
SPUS ,2020-04-03 02:40:27,72
SPUS ,2020-04-03 03:40:26,72
SPUS ,2020-04-03 04:40:28,72
SPUS ,2020-04-03 05:40:29,72
SPUS ,2020-04-03 06:40:30,72
SPUS ,2020-04-03 08:40:28,72
SPUS ,2020-04-03 09:40:26,72
SPUS ,2020-04-03 10:40:29,72
SPUS ,2020-04-03 11:40:27,72
SPUS ,2020-04-03 13:09:24,72
SPUS ,2020-04-03 13:40:32,72
SPUS ,2020-04-03 14:40:28,72
SPUS ,2020-04-03 15:40:29,72
SPUS ,2020-04-03 16:40:28,72
SPUS ,2020-04-03 17:40:29,72
SPUS ,2020-04-03 18:40:30,72
SPUS ,2020-04-03 19:40:25,72
SPUS ,2020-04-03 20:40:28,72
SPUS ,2020-04-03 21:40:26,72
SPUS ,2020-04-03 22:40:30,72
SPUS ,2020-04-03 23:40:27,72
SPUS ,2020-04-04 00:40:26,72
SPUS ,2020-04-04 01:40:30,72
SPUS ,2020-04-04 02:40:26,72
SPUS ,2020-04-04 03:40:28,72
SPUS ,2020-04-04 04:40:27,72
SPUS ,2020-04-04 05:40:27,72
SPUS ,2020-04-04 06:40:29,72
SPUS ,2020-04-04 07:40:30,72
SPUS ,2020-04-04 08:40:30,72
SPUS ,2020-04-04 09:40:28,72
SPUS ,2020-04-04 10:40:26,72
SPUS ,2020-04-04 11:40:27,72
SPUS ,2020-04-04 12:40:28,72
SPUS ,2020-04-04 13:40:27,72
SPUS ,2020-04-04 14:40:30,72
SPUS ,2020-04-04 15:40:27,72
SPUS ,2020-04-04 16:40:27,72
SPUS ,2020-04-04 17:40:26,72
SPUS ,2020-04-04 18:40:27,72
SPUS ,2020-04-04 19:40:29,72
SPUS ,2020-04-04 20:40:27,72
SPUS ,2020-04-04 21:40:26,72
SPUS ,2020-04-04 22:40:30,72
SPUS ,2020-04-04 23:40:28,72
SPUS ,2020-04-05 00:40:32,72
SPUS ,2020-04-05 01:40:28,72
SPUS ,2020-04-05 02:40:26,72
SPUS ,2020-04-05 03:40:27,72
SPUS ,2020-04-05 04:40:29,72
SPUS ,2020-04-05 05:40:29,72
SPUS ,2020-04-05 06:40:31,72
SPUS ,2020-04-05 07:40:28,72
SPUS ,2020-04-05 08:40:28,72
SPUS ,2020-04-05 09:40:26,72
SPUS ,2020-04-05 10:40:30,72
SPUS ,2020-04-05 11:40:28,72
SPUS ,2020-04-05 12:40:27,72
SPUS ,2020-04-05 13:40:29,72
SPUS ,2020-04-05 14:40:27,72
SPUS ,2020-04-05 15:40:28,72
SPUS ,2020-04-05 16:40:30,72
SPUS ,2020-04-05 17:40:26,72
SPUS ,2020-04-05 18:40:26,72
SPUS ,2020-04-05 19:40:26,72
SPUS ,2020-04-05 20:40:27,72
SPUS ,2020-04-05 21:40:27,72
SPUS ,2020-04-05 22:40:28,72
SPUS ,2020-04-05 23:40:26,72
SPUS ,2020-04-06 00:40:25,72
SPUS ,2020-04-06 01:40:27,72
SPUS ,2020-04-06 02:40:29,72
SPUS ,2020-04-06 03:40:30,72
SPUS ,2020-04-06 04:40:29,72
SPUS ,2020-04-06 05:40:28,72
SPUS ,2020-04-06 06:40:27,72
SPUS ,2020-04-06 07:40:28,72
SPUS ,2020-04-06 08:40:28,72
SPUS ,2020-04-06 09:40:29,72
SPUS ,2020-04-06 10:40:28,72
SPUS ,2020-04-06 11:40:25,72
SPUS ,2020-04-06 12:40:27,72
SPUS ,2020-04-06 13:40:29,72
SPUS ,2020-04-06 14:40:26,74
SPUS ,2020-04-06 15:40:27,74
SPUS ,2020-04-06 16:40:27,74
SPUS ,2020-04-06 17:40:26,74
SPUS ,2020-04-06 18:40:34,73
SPUS ,2020-04-06 19:40:28,73
SPUS ,2020-04-06 20:40:26,73
SPUS ,2020-04-06 21:40:25,73
SPUS ,2020-04-06 22:40:26,73
SPUS ,2020-04-06 23:40:27,73
SPUS ,2020-04-07 00:40:26,73
SPUS ,2020-04-07 01:40:27,73
SPUS ,2020-04-07 02:40:25,73
SPUS ,2020-04-07 03:40:28,73
SPUS ,2020-04-07 04:40:26,73
SPUS ,2020-04-07 05:40:25,73
SPUS ,2020-04-07 06:40:26,73
SPUS ,2020-04-07 07:40:29,73
SPUS ,2020-04-07 08:40:27,73
SPUS ,2020-04-07 09:40:26,73
SPUS ,2020-04-07 10:40:26,73
SPUS ,2020-04-07 11:40:25,73
SPUS ,2020-04-07 12:40:27,73
SPUS ,2020-04-07 13:40:26,73
SPUS ,2020-04-07 14:40:29,74
SPUS ,2020-04-07 15:40:26,74
SPUS ,2020-04-07 16:40:27,74
SPUS ,2020-04-07 17:40:25,74
SPUS ,2020-04-07 18:40:26,74
SPUS ,2020-04-07 19:40:25,74
SPUS ,2020-04-07 20:40:27,75
SPUS ,2020-04-07 21:40:27,75
SPUS ,2020-04-07 22:40:26,75
SPUS ,2020-04-07 23:40:25,75
SPUS ,2020-04-08 00:40:26,75
SPUS ,2020-04-08 01:40:25,75
SPUS ,2020-04-08 02:40:25,75
SPUS ,2020-04-08 03:40:27,75
SPUS ,2020-04-08 04:40:25,75
SPUS ,2020-04-08 05:40:27,75
SPUS ,2020-04-08 06:40:26,75
SPUS ,2020-04-08 07:40:28,75
SPUS ,2020-04-08 08:40:27,75
SPUS ,2020-04-08 09:40:30,75
SPUS ,2020-04-08 10:40:26,75
SPUS ,2020-04-08 11:40:26,75
SPUS ,2020-04-08 12:40:26,75
SPUS ,2020-04-08 13:40:26,75
SPUS ,2020-04-08 14:40:26,75
SPUS ,2020-04-08 15:40:27,76
SPUS ,2020-04-08 16:40:26,76
SPUS ,2020-04-08 17:40:26,76
SPUS ,2020-04-08 18:40:25,75
SPUS ,2020-04-08 19:40:26,75
SPUS ,2020-04-08 20:40:28,75
SPUS ,2020-04-08 21:40:27,75
SPUS ,2020-04-08 22:40:26,75
SPUS ,2020-04-08 23:40:26,75
SPUS ,2020-04-09 00:40:25,75
SPUS ,2020-04-09 01:40:27,75
SPUS ,2020-04-09 02:40:26,75
SPUS ,2020-04-09 03:40:25,75
SPUS ,2020-04-09 04:40:27,75
SPUS ,2020-04-09 05:40:27,75
SPUS ,2020-04-09 06:40:27,75
SPUS ,2020-04-09 07:40:25,75
SPUS ,2020-04-09 08:40:25,75
SPUS ,2020-04-09 09:40:25,75
SPUS ,2020-04-09 10:40:25,75
SPUS ,2020-04-09 11:40:25,75
SPUS ,2020-04-09 12:40:26,75
SPUS ,2020-04-09 13:40:28,75
SPUS ,2020-04-09 14:40:27,75
SPUS ,2020-04-09 15:40:25,74
SPUS ,2020-04-09 16:40:27,75
SPUS ,2020-04-09 17:40:27,75
SPUS ,2020-04-09 18:40:26,74
SPUS ,2020-04-09 19:40:27,74
SPUS ,2020-04-09 20:40:26,74
SPUS ,2020-04-09 21:40:28,74
SPUS ,2020-04-09 22:40:26,74
SPUS ,2020-04-09 23:40:26,74
SPUS ,2020-04-10 00:40:27,74
SPUS ,2020-04-10 01:40:26,74
SPUS ,2020-04-10 02:40:27,74
SPUS ,2020-04-10 03:40:28,74
SPUS ,2020-04-10 04:40:27,74
SPUS ,2020-04-10 05:40:28,74
SPUS ,2020-04-10 06:40:27,74
SPUS ,2020-04-10 07:40:27,74
SPUS ,2020-04-10 08:40:27,74
SPUS ,2020-04-10 09:40:28,74
SPUS ,2020-04-10 10:40:29,74
SPUS ,2020-04-10 11:40:27,74
SPUS ,2020-04-10 12:40:27,74
SPUS ,2020-04-10 13:40:26,74
SPUS ,2020-04-10 14:40:28,74
SPUS ,2020-04-10 15:40:28,74
SPUS ,2020-04-10 16:40:27,74
SPUS ,2020-04-10 17:40:30,74
SPUS ,2020-04-10 18:40:27,74
SPUS ,2020-04-10 19:40:28,74
SPUS ,2020-04-10 20:40:31,74
SPUS ,2020-04-10 21:40:26,74
SPUS ,2020-04-10 22:40:25,74
SPUS ,2020-04-10 23:40:25,74
SPUS ,2020-04-11 00:40:26,74
SPUS ,2020-04-11 01:40:26,74
SPUS ,2020-04-11 02:40:25,74
SPUS ,2020-04-11 03:40:25,74
SPUS ,2020-04-11 04:40:26,74
SPUS ,2020-04-11 05:40:27,74
SPUS ,2020-04-11 06:40:25,74
SPUS ,2020-04-11 07:40:25,74
SPUS ,2020-04-11 08:40:24,74
SPUS ,2020-04-11 09:40:24,74
SPUS ,2020-04-11 10:40:25,74
SPUS ,2020-04-11 11:40:24,74
SPUS ,2020-04-11 12:40:24,74
SPUS ,2020-04-11 13:40:27,74
SPUS ,2020-04-11 14:40:25,74
SPUS ,2020-04-11 15:40:25,74
SPUS ,2020-04-11 16:40:25,74
SPUS ,2020-04-11 17:40:25,74
SPUS ,2020-04-11 18:40:26,74
SPUS ,2020-04-11 19:40:25,74
SPUS ,2020-04-11 20:40:25,74
SPUS ,2020-04-11 21:40:25,74
SPUS ,2020-04-11 22:40:25,74
SPUS ,2020-04-11 23:40:25,74
SPUS ,2020-04-12 00:40:25,74
SPUS ,2020-04-12 01:40:25,74
SPUS ,2020-04-12 02:40:25,74
SPUS ,2020-04-12 03:40:24,74
SPUS ,2020-04-12 04:40:27,74
SPUS ,2020-04-12 05:40:25,74
SPUS ,2020-04-12 06:40:25,74
SPUS ,2020-04-12 07:40:26,74
SPUS ,2020-04-12 08:40:25,74
SPUS ,2020-04-12 09:40:26,74
SPUS ,2020-04-12 10:40:25,74
SPUS ,2020-04-12 11:40:25,74
SPUS ,2020-04-12 12:40:24,74
SPUS ,2020-04-12 13:40:26,74
SPUS ,2020-04-12 14:40:27,74
SPUS ,2020-04-12 15:40:25,74
SPUS ,2020-04-12 16:40:25,74
SPUS ,2020-04-12 17:40:25,74
SPUS ,2020-04-12 18:40:26,74
SPUS ,2020-04-12 19:40:25,74
SPUS ,2020-04-12 20:40:26,74
SPUS ,2020-04-12 21:40:25,74
SPUS ,2020-04-12 22:40:26,74
SPUS ,2020-04-12 23:40:26,74
SPUS ,2020-04-13 00:40:27,74
SPUS ,2020-04-13 01:40:26,74
SPUS ,2020-04-13 02:40:25,74
SPUS ,2020-04-13 03:40:30,74
SPUS ,2020-04-13 04:40:26,74
SPUS ,2020-04-13 05:40:27,74
SPUS ,2020-04-13 06:40:25,74
SPUS ,2020-04-13 07:40:24,74
SPUS ,2020-04-13 08:40:25,74
SPUS ,2020-04-13 09:40:25,74
SPUS ,2020-04-13 10:40:25,74
SPUS ,2020-04-13 11:40:27,74
SPUS ,2020-04-13 13:06:24,74
SPUS ,2020-04-13 13:40:25,74
SPUS ,2020-04-13 14:40:25,76
SPUS ,2020-04-13 15:40:26,76
SPUS ,2020-04-13 16:40:26,78
SPUS ,2020-04-13 17:40:26,78
SPUS ,2020-04-13 18:40:25,78
SPUS ,2020-04-13 19:40:26,79
SPUS ,2020-04-13 20:40:26,78
SPUS ,2020-04-13 21:40:27,78
SPUS ,2020-04-13 22:40:27,78
SPUS ,2020-04-13 23:40:25,78
SPUS ,2020-04-14 00:40:28,78
SPUS ,2020-04-14 01:40:26,78
SPUS ,2020-04-14 02:40:27,78
SPUS ,2020-04-14 03:40:27,78
SPUS ,2020-04-14 04:40:26,78
SPUS ,2020-04-14 05:40:28,78
SPUS ,2020-04-14 06:40:26,78
SPUS ,2020-04-14 07:40:25,78
SPUS ,2020-04-14 08:40:26,78
SPUS ,2020-04-14 09:40:26,78
SPUS ,2020-04-14 10:40:25,78
SPUS ,2020-04-14 11:40:26,78
SPUS ,2020-04-14 12:40:25,78
SPUS ,2020-04-14 13:40:26,78
SPUS ,2020-04-14 14:40:26,78
SPUS ,2020-04-14 15:40:26,78
SPUS ,2020-04-14 16:40:28,78
SPUS ,2020-04-14 17:40:25,78
SPUS ,2020-04-14 18:40:27,78
SPUS ,2020-04-14 19:40:26,79
SPUS ,2020-04-14 20:40:25,79
SPUS ,2020-04-14 21:40:26,79
SPUS ,2020-04-14 22:40:26,79
SPUS ,2020-04-14 23:40:27,79
SPUS ,2020-04-15 00:40:26,79
SPUS ,2020-04-15 01:40:26,79
SPUS ,2020-04-15 02:40:26,79
SPUS ,2020-04-15 03:40:27,79
SPUS ,2020-04-15 04:40:27,79
SPUS ,2020-04-15 05:40:26,79
SPUS ,2020-04-15 06:40:26,79
SPUS ,2020-04-15 07:40:26,79
SPUS ,2020-04-15 08:40:26,79
SPUS ,2020-04-15 09:40:25,79
SPUS ,2020-04-15 10:40:25,79
SPUS ,2020-04-15 11:40:25,79
SPUS ,2020-04-15 13:09:25,79
SPUS ,2020-04-15 13:40:30,79
SPUS ,2020-04-15 14:40:25,80
SPUS ,2020-04-15 15:40:25,80
SPUS ,2020-04-15 16:40:27,80
SPUS ,2020-04-15 17:40:25,81
SPUS ,2020-04-15 18:40:26,80
SPUS ,2020-04-15 19:40:26,80
SPUS ,2020-04-15 20:40:27,81
SPUS ,2020-04-15 21:40:26,81
SPUS ,2020-04-15 22:40:27,81
SPUS ,2020-04-15 23:40:27,81
SPUS ,2020-04-16 00:40:28,81
SPUS ,2020-04-16 01:40:28,81
SPUS ,2020-04-16 02:40:28,81
SPUS ,2020-04-16 03:40:27,81
SPUS ,2020-04-16 04:40:29,81
SPUS ,2020-04-16 05:40:27,81
SPUS ,2020-04-16 06:40:27,81
SPUS ,2020-04-16 07:40:26,81
SPUS ,2020-04-16 08:40:27,81
SPUS ,2020-04-16 09:40:26,81
SPUS ,2020-04-16 10:40:25,81
SPUS ,2020-04-16 11:40:26,81
SPUS ,2020-04-16 12:40:26,81
SPUS ,2020-04-16 13:40:28,81
SPUS ,2020-04-16 14:40:26,82
SPUS ,2020-04-16 15:40:28,83
SPUS ,2020-04-16 16:40:27,83
SPUS ,2020-04-16 17:40:27,83
SPUS ,2020-04-16 18:40:27,84
SPUS ,2020-04-16 19:40:26,85
SPUS ,2020-04-16 20:40:27,86
SPUS ,2020-04-16 21:40:28,86
SPUS ,2020-04-16 22:40:26,86
SPUS ,2020-04-16 23:40:28,86
SPUS ,2020-04-17 00:40:29,86
SPUS ,2020-04-17 01:40:27,86
SPUS ,2020-04-17 02:40:27,86
SPUS ,2020-04-17 03:40:26,86
SPUS ,2020-04-17 04:40:25,86
SPUS ,2020-04-17 05:40:26,86
SPUS ,2020-04-17 06:40:28,86
SPUS ,2020-04-17 07:40:31,86
SPUS ,2020-04-17 08:40:27,86
SPUS ,2020-04-17 09:40:26,86
SPUS ,2020-04-17 10:40:25,86
SPUS ,2020-04-17 11:40:25,86
SPUS ,2020-04-17 13:06:26,86
SPUS ,2020-04-17 13:40:29,86
SPUS ,2020-04-17 14:40:28,86
SPUS ,2020-04-17 15:40:28,86
SPUS ,2020-04-17 16:40:28,86
SPUS ,2020-04-17 17:40:29,86
SPUS ,2020-04-17 18:40:29,86
SPUS ,2020-04-17 19:40:29,86
SPUS ,2020-04-17 20:40:29,86
SPUS ,2020-04-17 21:40:29,86
SPUS ,2020-04-17 22:40:29,86
SPUS ,2020-04-17 23:40:30,86
SPUS ,2020-04-18 00:40:29,86
SPUS ,2020-04-18 01:40:28,86
SPUS ,2020-04-18 02:40:29,86
SPUS ,2020-04-18 03:40:29,86
SPUS ,2020-04-18 04:40:29,86
SPUS ,2020-04-18 05:40:29,86
SPUS ,2020-04-18 06:40:29,86
SPUS ,2020-04-18 07:40:28,86
SPUS ,2020-04-18 08:40:29,86
SPUS ,2020-04-18 09:40:27,86
SPUS ,2020-04-18 10:40:28,86
SPUS ,2020-04-18 11:40:27,86
SPUS ,2020-04-18 12:40:27,86
SPUS ,2020-04-18 13:40:30,86
SPUS ,2020-04-18 14:40:28,86
SPUS ,2020-04-18 15:40:28,86
SPUS ,2020-04-18 16:40:28,86
SPUS ,2020-04-18 17:40:29,86
SPUS ,2020-04-18 18:40:28,86
SPUS ,2020-04-18 19:40:27,86
SPUS ,2020-04-18 20:40:28,86
SPUS ,2020-04-18 21:40:28,86
SPUS ,2020-04-18 22:40:29,86
SPUS ,2020-04-18 23:40:29,86
SPUS ,2020-04-19 00:40:29,86
SPUS ,2020-04-19 01:40:30,86
SPUS ,2020-04-19 02:40:30,86
SPUS ,2020-04-19 03:40:30,86
SPUS ,2020-04-19 04:40:33,86
SPUS ,2020-04-19 05:40:29,86
SPUS ,2020-04-19 06:40:29,86
SPUS ,2020-04-19 07:40:31,86
SPUS ,2020-04-19 08:40:28,86
SPUS ,2020-04-19 09:40:29,86
SPUS ,2020-04-19 10:40:28,86
SPUS ,2020-04-19 11:40:27,86
SPUS ,2020-04-19 12:40:27,86
SPUS ,2020-04-19 13:40:31,86
SPUS ,2020-04-19 14:40:28,86
SPUS ,2020-04-19 15:40:27,86
SPUS ,2020-04-19 16:40:29,86
SPUS ,2020-04-19 17:40:31,86
SPUS ,2020-04-19 18:40:29,86
SPUS ,2020-04-19 19:40:28,86
SPUS ,2020-04-19 20:40:28,86
SPUS ,2020-04-19 21:40:31,86
SPUS ,2020-04-19 22:40:30,86
SPUS ,2020-04-19 23:40:31,86
SPUS ,2020-04-20 00:40:30,86
SPUS ,2020-04-20 01:40:30,86
SPUS ,2020-04-20 02:40:31,86
SPUS ,2020-04-20 03:40:32,86
SPUS ,2020-04-20 04:40:31,86
SPUS ,2020-04-20 05:40:37,86
SPUS ,2020-04-20 06:40:30,86
SPUS ,2020-04-20 07:40:28,86
SPUS ,2020-04-20 08:40:28,86
SPUS ,2020-04-20 09:40:29,86
SPUS ,2020-04-20 10:40:28,86
SPUS ,2020-04-20 11:40:29,86
SPUS ,2020-04-20 12:40:29,86
SPUS ,2020-04-20 13:40:31,86
SPUS ,2020-04-20 14:40:29,87
SPUS ,2020-04-20 15:40:30,87
SPUS ,2020-04-20 16:40:31,87
SPUS ,2020-04-20 17:40:29,86
SPUS ,2020-04-20 18:40:31,86
SPUS ,2020-04-20 20:40:35,86
SPUS ,2020-04-20 21:40:33,86
SPUS ,2020-04-20 22:40:34,86
SPUS ,2020-04-20 23:40:31,86
SPUS ,2020-04-21 00:40:30,86
SPUS ,2020-04-21 01:40:30,86
SPUS ,2020-04-21 02:40:31,86
SPUS ,2020-04-21 03:40:34,86
SPUS ,2020-04-21 04:40:37,86
SPUS ,2020-04-21 05:40:38,86
SPUS ,2020-04-21 06:40:33,86
SPUS ,2020-04-21 07:40:29,86
SPUS ,2020-04-21 08:40:29,86
SPUS ,2020-04-21 09:40:28,86
SPUS ,2020-04-21 10:40:29,86
SPUS ,2020-04-21 11:40:28,86
SPUS ,2020-04-21 12:40:28,86
SPUS ,2020-04-21 13:40:29,86
SPUS ,2020-04-21 14:40:31,87
SPUS ,2020-04-21 15:40:29,87
SPUS ,2020-04-21 16:40:28,87
SPUS ,2020-04-21 17:40:30,87
SPUS ,2020-04-21 18:40:29,87
SPUS ,2020-04-21 19:40:29,87
SPUS ,2020-04-21 20:40:29,87
SPUS ,2020-04-21 21:40:30,87
SPUS ,2020-04-21 22:40:31,87
SPUS ,2020-04-21 23:40:28,87
SPUS ,2020-04-22 00:40:29,87
SPUS ,2020-04-22 01:40:31,87
SPUS ,2020-04-22 02:40:29,87
SPUS ,2020-04-22 03:40:27,87
SPUS ,2020-04-22 04:40:29,87
SPUS ,2020-04-22 05:40:29,87
SPUS ,2020-04-22 06:40:31,87
SPUS ,2020-04-22 07:40:28,87
SPUS ,2020-04-22 08:40:28,87
SPUS ,2020-04-22 09:40:28,87
SPUS ,2020-04-22 10:40:30,87
SPUS ,2020-04-22 11:40:27,87
SPUS ,2020-04-22 12:40:29,87
SPUS ,2020-04-22 13:40:28,87
SPUS ,2020-04-22 14:40:28,88
SPUS ,2020-04-22 15:40:28,88
SPUS ,2020-04-22 16:40:29,88
SPUS ,2020-04-22 17:40:31,89
SPUS ,2020-04-22 18:40:29,88
SPUS ,2020-04-22 19:40:29,88
SPUS ,2020-04-22 20:40:29,88
SPUS ,2020-04-22 21:40:30,88
SPUS ,2020-04-22 22:40:29,88
SPUS ,2020-04-22 23:40:30,88
SPUS ,2020-04-23 00:40:28,88
SPUS ,2020-04-23 01:40:28,88
SPUS ,2020-04-23 02:40:30,88
SPUS ,2020-04-23 03:40:31,88
SPUS ,2020-04-23 04:40:29,88
SPUS ,2020-04-23 05:40:28,88
SPUS ,2020-04-23 06:40:28,88
SPUS ,2020-04-23 07:40:29,88
SPUS ,2020-04-23 08:40:29,88
SPUS ,2020-04-23 09:40:27,88
SPUS ,2020-04-23 10:40:28,88
SPUS ,2020-04-23 11:40:30,88
SPUS ,2020-04-23 12:40:28,88
SPUS ,2020-04-23 13:40:29,88
SPUS ,2020-04-23 14:40:30,88
SPUS ,2020-04-23 15:40:30,88
SPUS ,2020-04-23 16:40:31,88
SPUS ,2020-04-23 17:40:29,88
SPUS ,2020-04-23 18:40:30,88
SPUS ,2020-04-23 19:40:29,88
SPUS ,2020-04-23 20:40:31,88
SPUS ,2020-04-23 21:40:32,88
SPUS ,2020-04-23 22:40:28,88
SPUS ,2020-04-23 23:40:29,88
SPUS ,2020-04-24 00:40:31,88
SPUS ,2020-04-24 01:40:35,88
SPUS ,2020-04-24 02:40:29,88
SPUS ,2020-04-24 03:40:32,88
SPUS ,2020-04-24 04:40:29,88
SPUS ,2020-04-24 05:40:29,88
SPUS ,2020-04-24 06:40:30,88
SPUS ,2020-04-24 07:40:28,88
SPUS ,2020-04-24 08:40:31,88
SPUS ,2020-04-24 09:40:29,88
SPUS ,2020-04-24 10:40:28,88
SPUS ,2020-04-24 11:40:28,88
SPUS ,2020-04-24 13:07:27,88
SPUS ,2020-04-24 13:40:33,88
SPUS ,2020-04-24 14:40:32,88
SPUS ,2020-04-24 15:40:30,88
SPUS ,2020-04-24 16:40:30,88
SPUS ,2020-04-24 17:40:30,88
SPUS ,2020-04-24 18:40:30,88
SPUS ,2020-04-24 19:40:30,89
SPUS ,2020-04-24 20:40:32,89
SPUS ,2020-04-24 21:40:30,89
SPUS ,2020-04-24 22:40:33,89
SPUS ,2020-04-24 23:40:31,89
SPUS ,2020-04-25 00:40:34,89
SPUS ,2020-04-25 01:40:32,89
SPUS ,2020-04-25 02:40:31,89
SPUS ,2020-04-25 03:40:30,89
SPUS ,2020-04-25 04:40:32,89
SPUS ,2020-04-25 05:40:31,89
SPUS ,2020-04-25 06:40:30,89
SPUS ,2020-04-25 07:40:30,89
SPUS ,2020-04-25 08:40:30,89
SPUS ,2020-04-25 09:40:30,89
SPUS ,2020-04-25 10:40:29,89
SPUS ,2020-04-25 11:40:30,89
SPUS ,2020-04-25 12:40:30,89
SPUS ,2020-04-25 13:40:33,89
SPUS ,2020-04-25 14:40:30,89
SPUS ,2020-04-25 15:40:30,89
SPUS ,2020-04-25 16:40:30,89
SPUS ,2020-04-25 17:40:31,89
SPUS ,2020-04-25 18:40:29,89
SPUS ,2020-04-25 19:40:31,89
SPUS ,2020-04-25 20:40:31,89
SPUS ,2020-04-25 21:40:30,89
SPUS ,2020-04-25 22:40:31,89
SPUS ,2020-04-25 23:40:31,89
SPUS ,2020-04-26 00:40:28,89
SPUS ,2020-04-26 01:40:31,89
SPUS ,2020-04-26 02:40:30,89
SPUS ,2020-04-26 03:40:31,89
SPUS ,2020-04-26 04:40:30,89
SPUS ,2020-04-26 05:40:31,89
SPUS ,2020-04-26 06:40:32,89
SPUS ,2020-04-26 07:40:30,89
SPUS ,2020-04-26 08:40:29,89
SPUS ,2020-04-26 09:40:29,89
SPUS ,2020-04-26 10:40:29,89
SPUS ,2020-04-26 11:40:31,89
SPUS ,2020-04-26 12:40:29,89
SPUS ,2020-04-26 13:40:28,89
SPUS ,2020-04-26 14:40:28,89
SPUS ,2020-04-26 15:40:30,89
SPUS ,2020-04-26 16:40:30,89
SPUS ,2020-04-26 17:40:30,89
SPUS ,2020-04-26 18:40:30,89
SPUS ,2020-04-26 19:40:33,89
SPUS ,2020-04-26 20:40:29,89
SPUS ,2020-04-26 21:40:29,89
SPUS ,2020-04-26 22:40:30,89
SPUS ,2020-04-26 23:40:31,89
SPUS ,2020-04-27 00:40:32,89
SPUS ,2020-04-27 01:40:32,89
SPUS ,2020-04-27 02:40:30,89
SPUS ,2020-04-27 03:40:31,89
SPUS ,2020-04-27 04:40:33,89
SPUS ,2020-04-27 05:40:31,89
SPUS ,2020-04-27 06:40:30,89
SPUS ,2020-04-27 07:40:30,89
SPUS ,2020-04-27 08:40:31,89
SPUS ,2020-04-27 09:40:29,89
SPUS ,2020-04-27 10:40:29,89
SPUS ,2020-04-27 11:40:28,89
SPUS ,2020-04-27 12:40:29,89
SPUS ,2020-04-27 13:40:31,89
SPUS ,2020-04-27 14:40:31,91
SPUS ,2020-04-27 15:40:30,91
SPUS ,2020-04-27 16:40:29,91
SPUS ,2020-04-27 17:40:30,92
SPUS ,2020-04-27 18:40:30,92
SPUS ,2020-04-27 19:40:29,92
SPUS ,2020-04-27 20:40:29,92
SPUS ,2020-04-27 21:40:31,92
SPUS ,2020-04-27 22:40:30,92
SPUS ,2020-04-27 23:40:31,92
SPUS ,2020-04-28 00:40:33,92
SPUS ,2020-04-28 01:40:31,92
SPUS ,2020-04-28 02:40:32,92
SPUS ,2020-04-28 03:40:32,92
SPUS ,2020-04-28 04:40:36,92
SPUS ,2020-04-28 05:40:29,92
SPUS ,2020-04-28 06:40:30,92
SPUS ,2020-04-28 07:40:31,92
SPUS ,2020-04-28 08:40:30,92
SPUS ,2020-04-28 09:40:30,92
SPUS ,2020-04-28 10:40:29,92
SPUS ,2020-04-28 11:40:29,92
SPUS ,2020-04-28 12:40:30,92
SPUS ,2020-04-28 13:40:29,92
SPUS ,2020-04-28 14:40:33,92
SPUS ,2020-04-28 15:40:31,93
SPUS ,2020-04-28 16:40:30,94
SPUS ,2020-04-28 17:40:32,94
SPUS ,2020-04-28 18:40:32,94
SPUS ,2020-04-28 19:40:29,95
SPUS ,2020-04-28 20:40:29,94
SPUS ,2020-04-28 21:40:30,94
SPUS ,2020-04-28 22:40:31,94
SPUS ,2020-04-28 23:40:30,94
SPUS ,2020-04-29 00:40:32,94
SPUS ,2020-04-29 01:40:35,94
SPUS ,2020-04-29 02:40:32,94
SPUS ,2020-04-29 03:40:29,94
SPUS ,2020-04-29 04:40:32,94
SPUS ,2020-04-29 05:40:30,94
SPUS ,2020-04-29 06:40:30,94
SPUS ,2020-04-29 07:40:30,94
SPUS ,2020-04-29 08:40:29,94
SPUS ,2020-04-29 09:40:31,94
SPUS ,2020-04-29 10:40:33,94
SPUS ,2020-04-29 11:40:29,94
SPUS ,2020-04-29 13:05:25,94
SPUS ,2020-04-29 13:40:30,94
SPUS ,2020-04-29 14:40:29,96
SPUS ,2020-04-29 15:40:28,96
SPUS ,2020-04-29 16:40:30,97
SPUS ,2020-04-29 17:40:30,97
SPUS ,2020-04-29 18:40:32,97
SPUS ,2020-04-29 19:40:32,98
SPUS ,2020-04-29 20:40:30,98
SPUS ,2020-04-29 21:40:32,98
SPUS ,2020-04-29 22:40:33,98
SPUS ,2020-04-29 23:40:32,98
SPUS ,2020-04-30 00:40:32,98
SPUS ,2020-04-30 01:40:31,98
SPUS ,2020-04-30 02:40:35,98
SPUS ,2020-04-30 03:40:33,98
SPUS ,2020-04-30 04:40:33,98
SPUS ,2020-04-30 05:40:30,98
SPUS ,2020-04-30 06:40:31,98
SPUS ,2020-04-30 07:40:30,98
SPUS ,2020-04-30 08:40:31,98
SPUS ,2020-04-30 09:40:29,98
SPUS ,2020-04-30 10:40:29,98
SPUS ,2020-04-30 11:40:30,98
SPUS ,2020-04-30 12:40:29,98
SPUS ,2020-04-30 13:40:31,98
SPUS ,2020-04-30 14:40:33,99
SPUS ,2020-04-30 15:40:28,100
SPUS ,2020-04-30 16:40:29,100
SPUS ,2020-04-30 17:40:43,100
SPUS ,2020-04-30 18:40:31,101
SPUS ,2020-04-30 20:40:31,103
SPUS ,2020-04-30 21:40:31,103
SPUS ,2020-04-30 22:40:30,103
SPUS ,2020-04-30 23:40:30,103
SPUS ,2020-05-01 00:40:31,103
SPUS ,2020-05-01 01:40:31,103
SPUS ,2020-05-01 02:40:30,103
SPUS ,2020-05-01 03:40:30,103
SPUS ,2020-05-01 04:40:30,103
SPUS ,2020-05-01 05:40:31,103
SPUS ,2020-05-01 06:40:29,103
SPUS ,2020-05-01 07:40:31,103
SPUS ,2020-05-01 08:40:30,103
SPUS ,2020-05-01 09:40:29,103
SPUS ,2020-05-01 10:40:28,103
SPUS ,2020-05-01 11:40:29,103
SPUS ,2020-05-01 13:06:28,103
SPUS ,2020-05-01 13:40:34,103
SPUS ,2020-05-01 14:40:30,103
SPUS ,2020-05-01 15:40:31,103
SPUS ,2020-05-01 16:40:35,103
SPUS ,2020-05-01 17:40:32,102
SPUS ,2020-05-01 18:40:32,103
SPUS ,2020-05-01 19:40:31,103
SPUS ,2020-05-01 20:40:30,103
SPUS ,2020-05-01 21:40:33,103
SPUS ,2020-05-01 22:40:31,103
SPUS ,2020-05-01 23:40:31,103
SPUS ,2020-05-02 00:40:33,103
SPUS ,2020-05-02 01:40:34,103
SPUS ,2020-05-02 02:40:33,103
SPUS ,2020-05-02 03:40:32,103
SPUS ,2020-05-02 04:40:31,103
SPUS ,2020-05-02 05:40:33,103
SPUS ,2020-05-02 06:40:31,103
SPUS ,2020-05-02 07:40:35,103
SPUS ,2020-05-02 08:40:31,103
SPUS ,2020-05-02 09:40:32,103
SPUS ,2020-05-02 10:40:30,103
SPUS ,2020-05-02 11:40:30,103
SPUS ,2020-05-02 12:40:31,103
SPUS ,2020-05-02 13:40:31,103
SPUS ,2020-05-02 14:40:33,103
SPUS ,2020-05-02 15:40:30,103
SPUS ,2020-05-02 16:40:34,103
SPUS ,2020-05-02 17:40:32,103
SPUS ,2020-05-02 18:40:32,103
SPUS ,2020-05-02 19:40:30,103
SPUS ,2020-05-02 20:40:30,103
SPUS ,2020-05-02 21:40:30,103
SPUS ,2020-05-02 22:40:31,103
SPUS ,2020-05-02 23:40:33,103
SPUS ,2020-05-03 00:40:31,103
SPUS ,2020-05-03 01:40:33,103
SPUS ,2020-05-03 02:40:33,103
SPUS ,2020-05-03 03:40:32,103
SPUS ,2020-05-03 04:40:34,103
SPUS ,2020-05-03 05:40:33,103
SPUS ,2020-05-03 06:40:31,103
SPUS ,2020-05-03 07:40:33,103
SPUS ,2020-05-03 08:40:34,103
SPUS ,2020-05-03 09:40:33,103
SPUS ,2020-05-03 10:40:32,103
SPUS ,2020-05-03 11:40:31,103
SPUS ,2020-05-03 12:40:31,103
SPUS ,2020-05-03 13:40:32,103
SPUS ,2020-05-03 14:40:32,103
SPUS ,2020-05-03 15:40:32,103
SPUS ,2020-05-03 16:40:32,103
SPUS ,2020-05-03 17:40:33,103
SPUS ,2020-05-03 18:40:31,103
SPUS ,2020-05-03 19:40:35,103
SPUS ,2020-05-03 20:40:33,103
SPUS ,2020-05-03 21:40:32,103
SPUS ,2020-05-03 22:40:33,103
SPUS ,2020-05-03 23:40:33,103
SPUS ,2020-05-04 00:40:33,103
SPUS ,2020-05-04 01:40:33,103
SPUS ,2020-05-04 02:40:32,103
SPUS ,2020-05-04 03:40:33,103
SPUS ,2020-05-04 04:40:31,103
SPUS ,2020-05-04 05:40:33,103
SPUS ,2020-05-04 06:40:31,103
SPUS ,2020-05-04 09:27:32,103
SPUS ,2020-05-04 10:46:28,103
SPUS ,2020-05-04 10:54:19,103
SPUS ,2020-05-04 11:01:54,103
SPUS ,2020-05-04 11:40:34,103
SPUS ,2020-05-04 13:05:28,103
SPUS ,2020-05-04 13:40:33,103
SPUS ,2020-05-04 14:40:32,103
SPUS ,2020-05-04 15:40:32,104
SPUS ,2020-05-04 16:40:33,105
SPUS ,2020-05-04 17:40:32,106
SPUS ,2020-05-04 18:40:31,106
SPUS ,2020-05-04 19:40:33,105
SPUS ,2020-05-04 20:40:34,105
SPUS ,2020-05-04 21:40:34,105
SPUS ,2020-05-04 22:40:31,105
SPUS ,2020-05-04 23:40:31,105
SPUS ,2020-05-05 00:40:31,105
SPUS ,2020-05-05 01:40:33,105
SPUS ,2020-05-05 02:40:32,105
SPUS ,2020-05-05 03:40:34,105
SPUS ,2020-05-05 04:40:31,105
SPUS ,2020-05-05 05:40:31,105
SPUS ,2020-05-05 06:40:32,105
SPUS ,2020-05-05 07:40:32,105
SPUS ,2020-05-05 08:40:35,105
SPUS ,2020-05-05 09:40:30,105
SPUS ,2020-05-05 10:40:31,105
SPUS ,2020-05-05 11:40:33,105
SPUS ,2020-05-05 12:40:31,105
SPUS ,2020-05-05 13:40:32,105
SPUS ,2020-05-05 14:40:30,105
SPUS ,2020-05-05 15:40:31,105
SPUS ,2020-05-05 16:40:32,105
SPUS ,2020-05-05 17:40:31,104
SPUS ,2020-05-05 18:40:32,104
SPUS ,2020-05-05 19:40:33,103
SPUS ,2020-05-05 20:40:32,103
SPUS ,2020-05-05 21:40:31,103
SPUS ,2020-05-05 22:40:31,103
SPUS ,2020-05-05 23:40:34,103
SPUS ,2020-05-06 00:40:32,103
SPUS ,2020-05-06 01:40:32,103
SPUS ,2020-05-06 02:40:31,103
SPUS ,2020-05-06 03:40:30,103
SPUS ,2020-05-06 04:40:31,103
SPUS ,2020-05-06 05:40:33,103
SPUS ,2020-05-06 06:40:31,103
SPUS ,2020-05-06 17:41:01,103
SPUS ,2020-05-06 18:40:33,103
SPUS ,2020-05-06 19:40:32,103
SPUS ,2020-05-06 20:40:32,104
SPUS ,2020-05-06 21:40:34,104
SPUS ,2020-05-06 22:40:33,104
SPUS ,2020-05-06 23:40:33,104
SPUS ,2020-05-07 00:40:35,104
SPUS ,2020-05-07 01:40:32,104
SPUS ,2020-05-07 02:40:29,104
SPUS ,2020-05-07 03:40:31,104
SPUS ,2020-05-07 04:40:33,104
SPUS ,2020-05-07 05:40:32,104
SPUS ,2020-05-07 06:40:32,104
SPUS ,2020-05-07 08:40:33,104
SPUS ,2020-05-07 09:40:32,104
SPUS ,2020-05-07 10:40:33,104
SPUS ,2020-05-07 11:40:32,104
SPUS ,2020-05-07 12:40:33,104
SPUS ,2020-05-07 13:40:33,104
SPUS ,2020-05-07 14:40:34,103
SPUS ,2020-05-07 15:40:32,103
SPUS ,2020-05-07 16:40:32,103
SPUS ,2020-05-07 17:40:30,103
SPUS ,2020-05-07 18:40:30,103
SPUS ,2020-05-07 19:40:33,105
SPUS ,2020-05-07 20:40:31,106
SPUS ,2020-05-07 21:40:31,106
SPUS ,2020-05-07 22:40:32,106
SPUS ,2020-05-07 23:40:32,106
SPUS ,2020-05-08 00:40:33,106
SPUS ,2020-05-08 01:40:30,106
SPUS ,2020-05-08 02:40:30,106
SPUS ,2020-05-08 03:40:32,106
SPUS ,2020-05-08 04:40:30,106
SPUS ,2020-05-08 05:40:31,106
SPUS ,2020-05-08 06:40:31,106
SPUS ,2020-05-08 07:40:32,106
SPUS ,2020-05-08 08:40:32,106
SPUS ,2020-05-08 09:40:34,106
SPUS ,2020-05-08 10:40:32,106
SPUS ,2020-05-08 11:40:31,106
SPUS ,2020-05-08 13:05:28,106
SPUS ,2020-05-08 13:40:33,106
SPUS ,2020-05-08 14:40:33,106
SPUS ,2020-05-08 15:40:33,107
SPUS ,2020-05-08 16:40:35,107
SPUS ,2020-05-08 17:40:33,107
SPUS ,2020-05-08 18:40:35,108
SPUS ,2020-05-08 19:40:32,109
SPUS ,2020-05-08 20:40:33,109
SPUS ,2020-05-08 21:40:33,109
SPUS ,2020-05-08 22:40:33,109
SPUS ,2020-05-08 23:40:33,109
SPUS ,2020-05-09 00:40:32,109
SPUS ,2020-05-09 01:40:36,109
SPUS ,2020-05-09 02:40:33,109
SPUS ,2020-05-09 03:40:35,109
SPUS ,2020-05-09 04:40:33,109
SPUS ,2020-05-09 05:40:34,109
SPUS ,2020-05-09 06:40:33,109
SPUS ,2020-05-09 07:40:31,109
SPUS ,2020-05-09 08:40:33,109
SPUS ,2020-05-09 09:40:32,109
SPUS ,2020-05-09 10:40:32,109
SPUS ,2020-05-09 11:40:31,109
SPUS ,2020-05-09 12:40:33,109
SPUS ,2020-05-09 13:40:33,109
SPUS ,2020-05-09 14:40:33,109
SPUS ,2020-05-09 15:40:33,109
SPUS ,2020-05-09 16:40:31,109
SPUS ,2020-05-09 17:40:33,109
SPUS ,2020-05-09 18:40:32,109
SPUS ,2020-05-09 19:40:32,109
SPUS ,2020-05-09 20:40:32,109
SPUS ,2020-05-09 21:40:32,109
SPUS ,2020-05-09 22:40:33,109
SPUS ,2020-05-09 23:40:34,109
SPUS ,2020-05-10 00:40:34,109
SPUS ,2020-05-10 01:40:33,109
SPUS ,2020-05-10 02:40:35,109
SPUS ,2020-05-10 03:40:35,109
SPUS ,2020-05-10 04:40:34,109
SPUS ,2020-05-10 05:40:33,109
SPUS ,2020-05-10 06:40:33,109
SPUS ,2020-05-10 07:40:34,109
SPUS ,2020-05-10 08:40:34,109
SPUS ,2020-05-10 09:40:35,109
SPUS ,2020-05-10 10:40:32,109
SPUS ,2020-05-10 11:40:34,109
SPUS ,2020-05-10 12:40:33,109
SPUS ,2020-05-10 13:40:33,109
SPUS ,2020-05-10 14:40:32,109
SPUS ,2020-05-10 15:40:33,109
SPUS ,2020-05-10 16:40:36,109
SPUS ,2020-05-10 17:40:33,109
SPUS ,2020-05-10 18:40:34,109
SPUS ,2020-05-10 19:40:33,109
SPUS ,2020-05-10 20:40:33,109
SPUS ,2020-05-10 21:40:33,109
SPUS ,2020-05-10 22:40:32,109
SPUS ,2020-05-10 23:40:34,109
SPUS ,2020-05-11 00:40:34,109
SPUS ,2020-05-11 01:40:32,109
SPUS ,2020-05-11 02:40:33,109
SPUS ,2020-05-11 03:40:35,109
SPUS ,2020-05-11 04:40:33,109
SPUS ,2020-05-11 05:40:35,109
SPUS ,2020-05-11 06:40:32,109
SPUS ,2020-05-11 07:40:33,109
SPUS ,2020-05-11 08:40:34,109
SPUS ,2020-05-11 09:42:52,109
SPUS ,2020-05-11 10:40:33,109
SPUS ,2020-05-11 11:40:32,109
SPUS ,2020-05-11 13:04:28,109
SPUS ,2020-05-11 13:40:34,109
SPUS ,2020-05-11 14:40:34,111
SPUS ,2020-05-11 15:40:35,111
SPUS ,2020-05-11 16:40:33,111
SPUS ,2020-05-11 17:40:33,111
SPUS ,2020-05-11 18:40:33,111
SPUS ,2020-05-11 19:40:32,111
SPUS ,2020-05-11 20:40:32,111
SPUS ,2020-05-11 21:40:33,111
SPUS ,2020-05-11 22:40:31,111
SPUS ,2020-05-11 23:40:33,111
SPUS ,2020-05-12 00:40:34,111
SPUS ,2020-05-12 01:40:32,111
SPUS ,2020-05-12 02:40:32,111
SPUS ,2020-05-12 03:40:31,111
SPUS ,2020-05-12 04:40:32,111
SPUS ,2020-05-12 05:40:33,111
SPUS ,2020-05-12 06:40:35,111
SPUS ,2020-05-12 07:40:32,111
SPUS ,2020-05-12 08:40:33,111
SPUS ,2020-05-12 09:40:32,111
SPUS ,2020-05-12 10:40:32,111
SPUS ,2020-05-12 11:40:32,111
SPUS ,2020-05-12 13:10:28,111
SPUS ,2020-05-12 17:40:31,113
SPUS ,2020-05-12 18:40:32,112
SPUS ,2020-05-12 19:40:33,112
SPUS ,2020-05-12 20:40:34,112
SPUS ,2020-05-12 21:40:35,112
SPUS ,2020-05-12 22:40:31,112
SPUS ,2020-05-12 23:40:32,112
SPUS ,2020-05-13 00:40:34,112
SPUS ,2020-05-13 01:40:32,112
SPUS ,2020-05-13 02:40:33,112
SPUS ,2020-05-13 03:40:34,112
SPUS ,2020-05-13 06:40:33,112
SPUS ,2020-05-13 07:40:34,112
SPUS ,2020-05-13 08:40:33,112
SPUS ,2020-05-13 09:40:31,112
SPUS ,2020-05-13 10:40:32,112
SPUS ,2020-05-13 11:40:31,112
SPUS ,2020-05-13 12:40:32,112
SPUS ,2020-05-13 13:40:31,112
SPUS ,2020-05-13 14:40:32,113
SPUS ,2020-05-13 15:40:32,112
SPUS ,2020-05-13 16:40:37,111
SPUS ,2020-05-13 17:40:32,110
SPUS ,2020-05-13 18:40:34,109
SPUS ,2020-05-13 19:40:33,109
SPUS ,2020-05-13 20:40:33,109
SPUS ,2020-05-13 21:40:31,109
SPUS ,2020-05-13 22:40:33,109
SPUS ,2020-05-13 23:40:32,109
SPUS ,2020-05-14 00:40:32,109
SPUS ,2020-05-14 01:40:32,109
SPUS ,2020-05-14 02:40:32,109
SPUS ,2020-05-14 03:40:32,109
SPUS ,2020-05-14 04:40:32,109
SPUS ,2020-05-14 05:40:35,109
SPUS ,2020-05-14 06:40:32,109
SPUS ,2020-05-14 07:40:33,109
SPUS ,2020-05-14 08:40:34,109
SPUS ,2020-05-14 09:40:32,109
SPUS ,2020-05-14 10:40:32,109
SPUS ,2020-05-14 11:40:32,109
SPUS ,2020-05-14 12:40:33,109
SPUS ,2020-05-14 13:40:34,109
SPUS ,2020-05-14 14:40:33,109
SPUS ,2020-05-14 15:40:31,109
SPUS ,2020-05-14 16:40:32,109
SPUS ,2020-05-14 17:40:32,110
SPUS ,2020-05-14 18:40:34,110
SPUS ,2020-05-14 19:40:33,110
SPUS ,2020-05-14 20:40:32,110
SPUS ,2020-05-14 21:40:33,110
SPUS ,2020-05-14 22:40:33,110
SPUS ,2020-05-14 23:40:33,110
SPUS ,2020-05-15 00:40:35,110
SPUS ,2020-05-15 01:41:00,110
SPUS ,2020-05-15 02:40:34,110
SPUS ,2020-05-15 03:40:34,110
SPUS ,2020-05-15 04:40:34,110
SPUS ,2020-05-15 05:40:33,110
SPUS ,2020-05-15 06:40:34,110
SPUS ,2020-05-15 07:40:33,110
SPUS ,2020-05-15 08:40:33,110
SPUS ,2020-05-15 09:40:35,110
SPUS ,2020-05-15 10:40:31,110
SPUS ,2020-05-15 11:40:32,110
SPUS ,2020-05-15 12:40:33,110
SPUS ,2020-05-15 13:40:33,110
SPUS ,2020-05-15 14:40:31,112
SPUS ,2020-05-15 15:40:32,112
SPUS ,2020-05-15 16:40:32,112
SPUS ,2020-05-15 17:40:34,112
SPUS ,2020-05-15 18:40:32,112
SPUS ,2020-05-15 19:40:33,112
SPUS ,2020-05-15 20:40:33,112
SPUS ,2020-05-15 21:40:32,112
SPUS ,2020-05-15 22:40:32,112
SPUS ,2020-05-15 23:40:31,112
SPUS ,2020-05-16 00:40:33,112
SPUS ,2020-05-16 01:40:35,112
SPUS ,2020-05-16 02:40:36,112
SPUS ,2020-05-16 03:40:33,112
SPUS ,2020-05-16 04:40:33,112
SPUS ,2020-05-16 05:40:32,112
SPUS ,2020-05-16 06:40:34,112
SPUS ,2020-05-16 07:40:34,112
SPUS ,2020-05-16 08:40:32,112
SPUS ,2020-05-16 09:40:33,112
SPUS ,2020-05-16 10:40:31,112
SPUS ,2020-05-16 11:40:31,112
SPUS ,2020-05-16 12:40:33,112
SPUS ,2020-05-16 13:40:31,112
SPUS ,2020-05-16 14:40:32,112
SPUS ,2020-05-16 15:40:34,112
SPUS ,2020-05-16 16:40:35,112
SPUS ,2020-05-16 17:40:32,112
SPUS ,2020-05-16 18:40:32,112
SPUS ,2020-05-16 19:40:31,112
SPUS ,2020-05-16 20:40:32,112
SPUS ,2020-05-16 21:40:31,112
SPUS ,2020-05-16 22:40:33,112
SPUS ,2020-05-16 23:40:32,112
SPUS ,2020-05-17 00:40:32,112
SPUS ,2020-05-17 01:40:32,112
SPUS ,2020-05-18 08:04:51,112
SPUS ,2020-05-18 08:12:00,112
SPUS ,2020-05-18 08:12:11,112
SPUS ,2020-05-18 08:12:33,112
SPUS ,2020-05-18 08:13:03,112
SPUS ,2020-05-18 08:13:09,112
SPUS ,2020-05-18 08:13:19,112
SPUS ,2020-05-18 08:22:07,112
SPUS ,2020-05-18 08:22:12,112
SPUS ,2020-05-18 08:23:52,112
SPUS ,2020-05-18 11:42:09,112
SPUS ,2020-05-18 11:49:47,112
SPUS ,2020-05-18 11:57:23,112
SPUS ,2020-05-18 12:05:00,112
SPUS ,2020-05-18 13:04:59,112
SPUS ,2020-05-18 13:40:37,112
SPUS ,2020-05-18 14:40:35,112
SPUS ,2020-05-18 15:40:39,111
SPUS ,2020-05-18 16:40:40,111
SPUS ,2020-05-18 17:40:35,111
SPUS ,2020-05-18 18:40:36,112
SPUS ,2020-05-18 19:40:36,112
SPUS ,2020-05-18 20:40:36,112
SPUS ,2020-05-18 21:40:38,112
SPUS ,2020-05-18 22:40:37,112
SPUS ,2020-05-18 23:40:38,112
SPUS ,2020-05-19 00:40:45,112
SPUS ,2020-05-19 01:40:35,112
SPUS ,2020-05-19 02:40:35,112
SPUS ,2020-05-19 03:40:35,112
SPUS ,2020-05-19 04:40:37,112
SPUS ,2020-05-19 05:40:36,112
SPUS ,2020-05-19 06:40:36,112
SPUS ,2020-05-19 07:40:35,112
SPUS ,2020-05-19 08:40:37,112
SPUS ,2020-05-19 09:40:40,112
SPUS ,2020-05-19 10:40:35,112
SPUS ,2020-05-19 11:40:37,112
SPUS ,2020-05-19 13:05:31,112
SPUS ,2020-05-19 13:40:36,112
SPUS ,2020-05-19 14:40:35,112
SPUS ,2020-05-19 15:40:35,111
SPUS ,2020-05-19 16:40:38,111
SPUS ,2020-05-19 17:40:35,111
SPUS ,2020-05-19 18:40:36,112
SPUS ,2020-05-19 19:40:35,112
SPUS ,2020-05-19 20:40:37,112
SPUS ,2020-05-19 21:40:36,112
SPUS ,2020-05-19 22:40:37,112
SPUS ,2020-05-19 23:40:35,112
SPUS ,2020-05-20 00:40:41,112
SPUS ,2020-05-20 01:40:40,112
SPUS ,2020-05-20 02:40:37,112
SPUS ,2020-05-20 03:40:36,112
SPUS ,2020-05-20 04:40:36,112
SPUS ,2020-05-20 05:40:36,112
SPUS ,2020-05-20 06:40:34,112
SPUS ,2020-05-20 07:40:36,112
SPUS ,2020-05-20 08:40:35,112
SPUS ,2020-05-20 09:40:39,112
SPUS ,2020-05-20 10:40:34,112
SPUS ,2020-05-20 11:40:36,112
SPUS ,2020-05-20 12:40:35,112
SPUS ,2020-05-20 13:40:35,112
SPUS ,2020-05-20 14:40:37,114
SPUS ,2020-05-20 15:40:35,114
SPUS ,2020-05-20 16:40:36,115
SPUS ,2020-05-20 17:40:37,116
SPUS ,2020-05-20 18:40:36,117
SPUS ,2020-05-20 19:40:35,117
SPUS ,2020-05-20 20:40:34,117
SPUS ,2020-05-20 21:40:35,117
SPUS ,2020-05-20 22:40:35,117
SPUS ,2020-05-20 23:40:35,117
SPUS ,2020-05-21 00:40:39,117
SPUS ,2020-05-21 01:40:34,117
SPUS ,2020-05-21 02:40:36,117
SPUS ,2020-05-21 03:40:36,117
SPUS ,2020-05-21 04:40:35,117
SPUS ,2020-05-21 05:40:34,117
SPUS ,2020-05-21 06:40:37,117
SPUS ,2020-05-21 07:40:34,117
SPUS ,2020-05-21 08:40:35,117
SPUS ,2020-05-21 09:40:35,117
SPUS ,2020-05-21 10:40:36,117
SPUS ,2020-05-21 11:40:37,117
SPUS ,2020-05-21 12:40:34,117
SPUS ,2020-05-21 13:40:37,117
SPUS ,2020-05-21 14:40:34,117
SPUS ,2020-05-21 15:40:35,117
SPUS ,2020-05-21 16:40:38,116
SPUS ,2020-05-21 17:40:36,116
SPUS ,2020-05-21 18:40:35,116
SPUS ,2020-05-21 19:40:35,116
SPUS ,2020-05-21 20:40:35,116
SPUS ,2020-05-21 21:40:36,116
SPUS ,2020-05-21 22:40:36,116
SPUS ,2020-05-21 23:40:37,116
SPUS ,2020-05-22 00:40:52,116
SPUS ,2020-05-22 01:40:36,116
SPUS ,2020-05-22 02:40:39,116
SPUS ,2020-05-22 03:40:37,116
SPUS ,2020-05-22 04:40:37,116
SPUS ,2020-05-22 05:40:37,116
SPUS ,2020-05-22 06:40:34,116
SPUS ,2020-05-22 07:40:35,116
SPUS ,2020-05-22 08:40:35,116
SPUS ,2020-05-22 09:40:35,116
SPUS ,2020-05-22 10:40:34,116
SPUS ,2020-05-22 11:40:34,116
SPUS ,2020-05-22 12:40:36,116
SPUS ,2020-05-22 13:40:36,116
SPUS ,2020-05-22 14:40:35,118
SPUS ,2020-05-22 15:40:35,119
SPUS ,2020-05-22 16:40:36,119
SPUS ,2020-05-22 17:40:35,119
SPUS ,2020-05-22 18:40:38,119
SPUS ,2020-05-22 19:40:35,119
SPUS ,2020-05-22 20:40:34,119
SPUS ,2020-05-22 21:40:35,119
SPUS ,2020-05-22 22:40:35,119
SPUS ,2020-05-22 23:40:35,119
SPUS ,2020-05-23 00:40:35,119
SPUS ,2020-05-23 01:40:35,119
SPUS ,2020-05-23 02:40:38,119
SPUS ,2020-05-23 03:40:37,119
SPUS ,2020-05-23 04:40:37,119
SPUS ,2020-05-23 05:40:34,119
SPUS ,2020-05-23 06:40:36,119
SPUS ,2020-05-23 07:40:35,119
SPUS ,2020-05-23 08:40:36,119
SPUS ,2020-05-23 09:40:34,119
SPUS ,2020-05-23 10:40:35,119
SPUS ,2020-05-23 11:40:37,119
SPUS ,2020-05-23 12:40:36,119
SPUS ,2020-05-23 13:40:36,119
SPUS ,2020-05-23 14:40:35,119
SPUS ,2020-05-23 15:40:35,119
SPUS ,2020-05-23 16:40:37,119
SPUS ,2020-05-23 17:40:35,119
SPUS ,2020-05-23 18:40:39,119
SPUS ,2020-05-23 19:40:35,119
SPUS ,2020-05-23 20:40:35,119
SPUS ,2020-05-23 21:40:34,119
SPUS ,2020-05-23 22:40:36,119
SPUS ,2020-05-23 23:40:37,119
SPUS ,2020-05-24 00:40:38,119
SPUS ,2020-05-24 01:40:35,119
SPUS ,2020-05-24 02:40:36,119
SPUS ,2020-05-24 03:40:35,119
SPUS ,2020-05-24 04:40:34,119
SPUS ,2020-05-24 05:40:36,119
SPUS ,2020-05-24 06:40:35,119
SPUS ,2020-05-24 07:40:35,119
SPUS ,2020-05-24 08:40:38,119
SPUS ,2020-05-24 09:40:34,119
SPUS ,2020-05-24 10:40:36,119
SPUS ,2020-05-24 11:40:36,119
SPUS ,2020-05-24 12:40:35,119
SPUS ,2020-05-24 13:40:36,119
SPUS ,2020-05-24 14:40:37,119
SPUS ,2020-05-24 15:40:34,119
SPUS ,2020-05-24 16:40:36,119
SPUS ,2020-05-24 17:40:36,119
SPUS ,2020-05-24 18:40:37,119
SPUS ,2020-05-24 19:40:35,119
SPUS ,2020-05-24 20:40:36,119
SPUS ,2020-05-24 21:40:37,119
SPUS ,2020-05-24 22:40:36,119
SPUS ,2020-05-24 23:40:34,119
SPUS ,2020-05-25 00:40:35,119
SPUS ,2020-05-25 01:40:37,119
SPUS ,2020-05-25 02:40:34,119
SPUS ,2020-05-25 03:40:39,119
SPUS ,2020-05-25 04:40:36,119
SPUS ,2020-05-25 05:40:53,119
SPUS ,2020-05-25 06:40:40,119
SPUS ,2020-05-25 07:40:37,119
SPUS ,2020-05-25 08:40:37,119
SPUS ,2020-05-25 09:40:34,119
SPUS ,2020-05-25 10:40:34,119
SPUS ,2020-05-25 11:40:37,119
SPUS ,2020-05-25 12:40:35,119
SPUS ,2020-05-25 13:40:34,119
SPUS ,2020-05-25 14:40:36,119
SPUS ,2020-05-25 15:40:35,119
SPUS ,2020-05-25 16:40:35,119
SPUS ,2020-05-25 17:40:35,119
SPUS ,2020-05-25 18:40:35,119
SPUS ,2020-05-25 19:40:35,119
SPUS ,2020-05-25 20:40:38,119
SPUS ,2020-05-25 21:40:34,119
SPUS ,2020-05-25 22:40:35,119
SPUS ,2020-05-25 23:40:35,119
SPUS ,2020-05-26 00:40:36,119
SPUS ,2020-05-26 01:40:36,119
SPUS ,2020-05-26 02:40:34,119
SPUS ,2020-05-26 03:40:37,119
SPUS ,2020-05-26 04:40:37,119
SPUS ,2020-05-26 05:40:34,119
SPUS ,2020-05-26 06:40:37,119
SPUS ,2020-05-26 07:40:38,119
SPUS ,2020-05-26 08:40:37,119
SPUS ,2020-05-26 09:40:35,119
SPUS ,2020-05-26 10:40:35,119
SPUS ,2020-05-26 11:40:36,119
SPUS ,2020-05-26 12:40:35,119
SPUS ,2020-05-26 13:40:37,119
SPUS ,2020-05-26 14:40:36,123
SPUS ,2020-05-26 15:40:34,123
SPUS ,2020-05-26 16:40:37,121
SPUS ,2020-05-26 17:40:36,122
SPUS ,2020-05-26 18:40:35,124
SPUS ,2020-05-26 19:40:36,124
SPUS ,2020-05-26 20:40:35,124
SPUS ,2020-05-26 21:40:37,124
SPUS ,2020-05-26 22:40:34,124
SPUS ,2020-05-26 23:40:36,124
SPUS ,2020-05-27 00:40:39,124
SPUS ,2020-05-27 01:40:35,124
SPUS ,2020-05-27 02:40:37,124
SPUS ,2020-05-27 03:40:35,124
SPUS ,2020-05-27 04:40:36,124
SPUS ,2020-05-27 05:40:35,124
SPUS ,2020-05-27 06:40:36,124
SPUS ,2020-05-27 07:40:35,124
SPUS ,2020-05-27 08:40:35,124
SPUS ,2020-05-27 09:40:35,124
SPUS ,2020-05-27 10:40:34,124
SPUS ,2020-05-27 11:40:34,124
SPUS ,2020-05-27 13:06:01,124
SPUS ,2020-05-27 13:40:39,124
SPUS ,2020-05-27 14:40:38,124
SPUS ,2020-05-27 15:40:35,124
SPUS ,2020-05-27 16:40:37,126
SPUS ,2020-05-27 17:40:36,125
SPUS ,2020-05-27 18:40:35,125
SPUS ,2020-05-27 19:40:37,125
SPUS ,2020-05-27 20:40:37,125
SPUS ,2020-05-27 21:40:39,125
SPUS ,2020-05-27 22:40:36,125
SPUS ,2020-05-27 23:40:36,125
SPUS ,2020-05-28 00:40:36,125
SPUS ,2020-05-28 01:40:38,125
SPUS ,2020-05-28 02:40:36,125
SPUS ,2020-05-28 03:40:36,125
SPUS ,2020-05-28 04:40:36,125
SPUS ,2020-05-28 05:40:36,125
SPUS ,2020-05-28 06:40:36,125
SPUS ,2020-05-28 07:40:38,125
SPUS ,2020-05-28 08:40:37,125
SPUS ,2020-05-28 09:40:36,125
SPUS ,2020-05-28 10:40:37,125
SPUS ,2020-05-28 11:40:37,125
SPUS ,2020-05-28 13:06:33,125
SPUS ,2020-05-28 13:40:38,125
SPUS ,2020-05-28 14:40:37,125
SPUS ,2020-05-28 15:40:37,126
SPUS ,2020-05-28 16:40:39,126
SPUS ,2020-05-28 17:40:38,126
SPUS ,2020-05-28 18:40:37,127
SPUS ,2020-05-28 19:40:36,128
SPUS ,2020-05-28 20:40:39,127
SPUS ,2020-05-28 21:40:41,127
SPUS ,2020-05-28 22:40:37,127
SPUS ,2020-05-28 23:40:38,127
SPUS ,2020-05-29 00:40:40,127
SPUS ,2020-05-29 01:40:38,127
SPUS ,2020-05-29 02:40:39,127
SPUS ,2020-05-29 03:40:38,127
SPUS ,2020-05-29 04:40:36,127
SPUS ,2020-05-29 05:40:37,127
SPUS ,2020-05-29 06:40:40,127
SPUS ,2020-05-29 07:40:40,127
SPUS ,2020-05-29 08:40:40,127
SPUS ,2020-05-29 09:48:56,127
SPUS ,2020-05-29 10:40:38,127
SPUS ,2020-05-29 11:40:37,127
SPUS ,2020-05-29 12:40:37,127
SPUS ,2020-05-29 13:40:38,127
SPUS ,2020-05-29 14:40:39,127
SPUS ,2020-05-29 15:40:38,127
SPUS ,2020-05-29 16:40:36,127
SPUS ,2020-05-29 17:40:37,128
SPUS ,2020-05-29 18:40:37,128
SPUS ,2020-05-29 19:40:38,128
SPUS ,2020-05-29 20:40:39,128
SPUS ,2020-05-29 21:40:38,128
SPUS ,2020-05-29 22:40:36,128
SPUS ,2020-05-29 23:40:38,128
SPUS ,2020-05-30 00:40:36,128
SPUS ,2020-05-30 01:40:36,128
SPUS ,2020-05-30 02:40:36,128
SPUS ,2020-05-30 03:40:36,128
SPUS ,2020-05-30 04:40:36,128
SPUS ,2020-05-30 05:40:39,128
SPUS ,2020-05-30 06:40:39,128
SPUS ,2020-05-30 07:40:40,128
SPUS ,2020-05-30 08:40:38,128
SPUS ,2020-05-30 09:40:36,128
SPUS ,2020-05-30 10:40:38,128
SPUS ,2020-05-30 11:40:36,128
SPUS ,2020-05-30 12:40:36,128
SPUS ,2020-05-30 13:40:37,128
SPUS ,2020-05-30 14:40:36,128
SPUS ,2020-05-30 15:40:37,128
SPUS ,2020-05-30 16:40:40,128
SPUS ,2020-05-30 17:40:36,128
SPUS ,2020-05-30 18:40:36,128
SPUS ,2020-05-30 19:40:39,128
SPUS ,2020-05-30 20:40:38,128
SPUS ,2020-05-30 21:40:37,128
SPUS ,2020-05-30 22:40:38,128
SPUS ,2020-05-30 23:40:37,128
SPUS ,2020-05-31 00:40:38,128
SPUS ,2020-05-31 01:40:38,128
SPUS ,2020-05-31 02:40:37,128
SPUS ,2020-05-31 03:40:38,128
SPUS ,2020-05-31 04:40:38,128
SPUS ,2020-05-31 05:40:38,128
SPUS ,2020-05-31 06:40:39,128
SPUS ,2020-05-31 07:40:38,128
SPUS ,2020-05-31 08:40:37,128
SPUS ,2020-05-31 09:40:38,128
SPUS ,2020-05-31 10:40:37,128
SPUS ,2020-05-31 13:07:21,128
SPUS ,2020-05-31 13:15:42,128
SPUS ,2020-06-01 04:43:09,128
SPUS ,2020-06-01 04:43:43,128
SPUS ,2020-06-01 04:43:55,128
SPUS ,2020-06-01 04:46:16,128
SPUS ,2020-06-01 04:46:31,128
SPUS ,2020-06-01 04:47:05,128
SPUS ,2020-06-01 04:47:54,128
SPUS ,2020-06-01 04:48:48,128
SPUS ,2020-06-01 04:49:05,128
SPUS ,2020-06-01 04:49:25,128
SPUS ,2020-06-01 04:50:34,128
SPUS ,2020-06-01 04:50:47,128
SPUS ,2020-06-01 04:50:54,128
SPUS ,2020-06-01 04:51:21,128
SPUS ,2020-06-01 04:52:02,128
SPUS ,2020-06-01 05:02:42,128
SPUS ,2020-06-01 06:43:15,128
SPUS ,2020-06-01 06:50:51,128
SPUS ,2020-06-01 07:40:37,128
SPUS ,2020-06-01 08:40:38,128
SPUS ,2020-06-01 09:40:36,128
SPUS ,2020-06-01 10:40:36,128
SPUS ,2020-06-01 11:40:38,128
SPUS ,2020-06-01 13:04:32,128
SPUS ,2020-06-01 13:40:40,128
SPUS ,2020-06-01 14:40:39,128
SPUS ,2020-06-01 15:40:37,128
SPUS ,2020-06-01 16:40:40,128
SPUS ,2020-06-01 17:40:40,128
SPUS ,2020-06-01 18:40:41,128
SPUS ,2020-06-01 19:40:38,128
SPUS ,2020-06-01 20:40:38,127
SPUS ,2020-06-01 21:40:39,127
SPUS ,2020-06-01 22:40:36,127
SPUS ,2020-06-01 23:40:37,127
SPUS ,2020-06-02 00:40:39,127
SPUS ,2020-06-02 01:40:36,127
SPUS ,2020-06-02 02:40:37,127
SPUS ,2020-06-02 03:40:38,127
SPUS ,2020-06-02 04:40:36,127
SPUS ,2020-06-02 05:40:37,127
SPUS ,2020-06-02 06:40:37,127
SPUS ,2020-06-02 07:40:39,127
SPUS ,2020-06-02 08:40:37,127
SPUS ,2020-06-02 09:40:37,127
SPUS ,2020-06-02 10:40:38,127
SPUS ,2020-06-02 11:40:37,127
SPUS ,2020-06-02 12:40:45,127
SPUS ,2020-06-02 13:40:39,127
SPUS ,2020-06-02 14:40:40,127
SPUS ,2020-06-02 15:40:40,128
SPUS ,2020-06-02 16:40:36,128
SPUS ,2020-06-02 17:40:40,128
SPUS ,2020-06-02 18:40:38,128
SPUS ,2020-06-02 19:40:39,128
SPUS ,2020-06-02 20:40:39,128
SPUS ,2020-06-02 21:40:36,128
SPUS ,2020-06-02 22:40:37,128
SPUS ,2020-06-02 23:40:36,128
SPUS ,2020-06-03 00:40:38,128
SPUS ,2020-06-03 01:40:40,128
SPUS ,2020-06-03 02:40:35,128
SPUS ,2020-06-03 03:40:38,128
SPUS ,2020-06-03 04:40:38,128
SPUS ,2020-06-03 05:40:36,128
SPUS ,2020-06-03 06:40:38,128
SPUS ,2020-06-03 07:40:39,128
SPUS ,2020-06-03 08:40:35,128
SPUS ,2020-06-03 09:40:36,128
SPUS ,2020-06-03 10:40:37,128
SPUS ,2020-06-03 11:40:36,128
SPUS ,2020-06-03 13:08:03,128
SPUS ,2020-06-03 13:40:38,128
SPUS ,2020-06-03 14:40:38,128
SPUS ,2020-06-03 15:40:38,129
SPUS ,2020-06-03 16:40:42,130
SPUS ,2020-06-03 17:40:43,131
SPUS ,2020-06-03 18:40:42,131
SPUS ,2020-06-03 19:40:42,132
SPUS ,2020-06-03 20:40:37,132
SPUS ,2020-06-03 21:40:38,132
SPUS ,2020-06-03 22:40:37,132
SPUS ,2020-06-03 23:40:38,132
SPUS ,2020-06-04 00:40:42,132
SPUS ,2020-06-04 01:40:43,132
SPUS ,2020-06-04 02:40:38,132
SPUS ,2020-06-04 03:40:39,132
SPUS ,2020-06-04 04:40:41,132
SPUS ,2020-06-04 05:40:37,132
SPUS ,2020-06-04 06:40:39,132
SPUS ,2020-06-04 07:40:42,132
SPUS ,2020-06-04 08:40:41,132
SPUS ,2020-06-04 09:40:39,132
SPUS ,2020-06-04 10:40:38,132
SPUS ,2020-06-04 11:40:39,132
SPUS ,2020-06-04 12:40:40,132
SPUS ,2020-06-04 13:40:40,132
SPUS ,2020-06-04 14:40:43,133
SPUS ,2020-06-04 15:40:41,135
SPUS ,2020-06-04 17:06:35,137
SPUS ,2020-06-04 17:40:38,137
SPUS ,2020-06-04 18:40:41,137
SPUS ,2020-06-04 19:40:38,138
SPUS ,2020-06-04 20:40:41,138
SPUS ,2020-06-04 21:40:40,138
SPUS ,2020-06-04 22:40:39,138
SPUS ,2020-06-04 23:40:40,138
SPUS ,2020-06-05 00:40:38,138
SPUS ,2020-06-05 01:40:37,138
SPUS ,2020-06-05 02:40:39,138
SPUS ,2020-06-05 03:40:38,138
SPUS ,2020-06-05 04:40:38,138
SPUS ,2020-06-05 05:40:39,138
SPUS ,2020-06-05 06:40:38,138
SPUS ,2020-06-05 07:40:39,138
SPUS ,2020-06-05 08:40:41,138
SPUS ,2020-06-05 09:40:37,138
SPUS ,2020-06-05 10:40:36,138
SPUS ,2020-06-05 11:40:38,138
SPUS ,2020-06-05 13:09:03,138
SPUS ,2020-06-05 13:40:41,138
SPUS ,2020-06-05 14:40:40,138
SPUS ,2020-06-05 15:40:38,139
SPUS ,2020-06-05 16:40:45,138
SPUS ,2020-06-05 17:40:39,138
SPUS ,2020-06-05 18:40:39,138
SPUS ,2020-06-05 19:40:39,138
SPUS ,2020-06-05 20:40:42,138
SPUS ,2020-06-05 21:40:39,138
SPUS ,2020-06-05 22:40:38,138
SPUS ,2020-06-05 23:40:39,138
SPUS ,2020-06-06 00:40:39,138
SPUS ,2020-06-06 01:40:38,138
SPUS ,2020-06-06 02:40:40,138
SPUS ,2020-06-06 03:40:39,138
SPUS ,2020-06-06 04:40:39,138
SPUS ,2020-06-06 05:40:40,138
SPUS ,2020-06-06 06:40:39,138
SPUS ,2020-06-06 07:40:42,138
SPUS ,2020-06-06 08:40:39,138
SPUS ,2020-06-06 09:52:21,138
SPUS ,2020-06-06 10:40:37,138
SPUS ,2020-06-06 11:40:38,138
SPUS ,2020-06-06 12:40:38,138
SPUS ,2020-06-06 13:40:39,138
SPUS ,2020-06-06 14:40:41,138
SPUS ,2020-06-06 15:40:38,138
SPUS ,2020-06-06 16:40:43,138
SPUS ,2020-06-06 18:40:39,138
SPUS ,2020-06-06 19:40:39,138
SPUS ,2020-06-06 20:40:38,138
SPUS ,2020-06-06 21:40:39,138
SPUS ,2020-06-06 22:40:39,138
SPUS ,2020-06-06 23:40:39,138
SPUS ,2020-06-07 00:40:40,138
SPUS ,2020-06-07 01:40:37,138
SPUS ,2020-06-07 02:40:38,138
SPUS ,2020-06-07 03:40:40,138
SPUS ,2020-06-07 04:40:39,138
SPUS ,2020-06-07 05:40:38,138
SPUS ,2020-06-07 06:40:41,138
SPUS ,2020-06-07 07:40:39,138
SPUS ,2020-06-07 08:40:38,138
SPUS ,2020-06-08 04:40:37,138
SPUS ,2020-06-08 05:40:37,138
SPUS ,2020-06-08 06:40:41,138
SPUS ,2020-06-08 07:40:38,138
SPUS ,2020-06-08 08:40:38,138
SPUS ,2020-06-08 09:40:38,138
SPUS ,2020-06-08 10:40:37,138
SPUS ,2020-06-08 11:40:38,138
SPUS ,2020-06-08 12:40:40,138
SPUS ,2020-06-08 13:40:38,138
SPUS ,2020-06-08 14:40:47,138
SPUS ,2020-06-08 15:40:38,138
SPUS ,2020-06-08 16:40:41,138
SPUS ,2020-06-08 17:40:39,138
SPUS ,2020-06-08 18:40:43,140
SPUS ,2020-06-08 19:40:43,141
SPUS ,2020-06-08 20:40:39,141
SPUS ,2020-06-08 21:40:40,141
SPUS ,2020-06-08 22:40:39,141
SPUS ,2020-06-08 23:40:40,141
SPUS ,2020-06-09 00:40:40,141
SPUS ,2020-06-09 01:40:41,141
SPUS ,2020-06-09 02:40:41,141
SPUS ,2020-06-09 03:40:40,141
SPUS ,2020-06-09 04:40:45,141
SPUS ,2020-06-09 05:40:44,141
SPUS ,2020-06-09 06:40:43,141
SPUS ,2020-06-09 07:40:40,141
SPUS ,2020-06-09 08:40:43,141
SPUS ,2020-06-09 09:40:45,141
SPUS ,2020-06-09 10:40:40,141
SPUS ,2020-06-09 11:40:42,141
SPUS ,2020-06-09 12:40:44,141
SPUS ,2020-06-09 13:40:42,141
SPUS ,2020-06-09 14:40:43,142
SPUS ,2020-06-09 15:40:41,144
SPUS ,2020-06-09 16:40:46,144
SPUS ,2020-06-09 17:40:38,145
SPUS ,2020-06-09 18:40:41,146
SPUS ,2020-06-09 19:40:44,146
SPUS ,2020-06-09 20:40:46,146
SPUS ,2020-06-09 21:40:42,147
SPUS ,2020-06-09 22:40:42,147
SPUS ,2020-06-09 23:40:42,147
SPUS ,2020-06-10 00:40:44,147
SPUS ,2020-06-10 01:40:43,147
SPUS ,2020-06-10 02:40:40,147
SPUS ,2020-06-10 03:40:43,147
SPUS ,2020-06-10 04:40:41,147
SPUS ,2020-06-10 05:40:44,147
SPUS ,2020-06-10 06:40:40,147
SPUS ,2020-06-10 07:40:38,147
SPUS ,2020-06-10 08:40:42,147
SPUS ,2020-06-10 09:40:37,147
SPUS ,2020-06-10 10:40:37,147
SPUS ,2020-06-10 11:40:39,147
SPUS ,2020-06-10 12:40:41,147
SPUS ,2020-06-10 13:40:40,147
SPUS ,2020-06-10 14:40:44,148
SPUS ,2020-06-10 15:40:39,149
SPUS ,2020-06-10 16:40:42,149
SPUS ,2020-06-10 17:40:41,149
SPUS ,2020-06-10 18:40:40,149
SPUS ,2020-06-10 19:40:39,150
SPUS ,2020-06-10 20:40:38,150
SPUS ,2020-06-10 21:40:41,150
SPUS ,2020-06-10 22:40:38,150
SPUS ,2020-06-10 23:40:42,150
SPUS ,2020-06-11 00:40:56,150
SPUS ,2020-06-11 01:40:38,150
SPUS ,2020-06-11 02:40:44,150
SPUS ,2020-06-11 03:40:44,150
SPUS ,2020-06-11 04:40:40,150
SPUS ,2020-06-11 05:40:43,150
SPUS ,2020-06-11 06:40:40,150
SPUS ,2020-06-11 07:40:40,150
SPUS ,2020-06-11 08:40:38,150
SPUS ,2020-06-11 09:40:41,150
SPUS ,2020-06-11 10:40:39,150
SPUS ,2020-06-11 11:40:37,150
SPUS ,2020-06-11 12:40:42,150
SPUS ,2020-06-11 13:40:48,150
SPUS ,2020-06-11 14:40:43,154
SPUS ,2020-06-11 15:40:47,153
SPUS ,2020-06-11 16:40:52,153
SPUS ,2020-06-11 17:40:44,153
SPUS ,2020-06-11 18:40:46,155
SPUS ,2020-06-11 19:40:43,156
SPUS ,2020-06-11 20:40:41,156
SPUS ,2020-06-11 21:40:42,156
SPUS ,2020-06-11 22:40:40,156
SPUS ,2020-06-11 23:40:40,156
SPUS ,2020-06-12 00:40:42,156
SPUS ,2020-06-12 01:40:42,156
SPUS ,2020-06-12 02:40:42,156
SPUS ,2020-06-12 03:40:43,156
SPUS ,2020-06-12 04:40:41,156
SPUS ,2020-06-12 05:40:41,156
SPUS ,2020-06-12 06:40:42,156
SPUS ,2020-06-12 07:40:43,156
SPUS ,2020-06-12 08:40:40,156
SPUS ,2020-06-12 09:40:41,156
SPUS ,2020-06-12 10:40:44,156
SPUS ,2020-06-12 11:40:40,156
SPUS ,2020-06-12 14:08:42,156
SPUS ,2020-06-12 14:16:41,156
SPUS ,2020-06-12 14:40:47,156
SPUS ,2020-06-12 15:40:45,156
SPUS ,2020-06-12 16:40:46,155
SPUS ,2020-06-12 17:40:41,155
SPUS ,2020-06-12 18:40:44,156
SPUS ,2020-06-12 19:40:44,156
SPUS ,2020-06-12 20:40:44,156
SPUS ,2020-06-12 21:40:42,156
SPUS ,2020-06-12 22:40:41,156
SPUS ,2020-06-12 23:40:40,156
SPUS ,2020-06-13 00:40:40,156
SPUS ,2020-06-13 01:40:41,156
SPUS ,2020-06-13 02:40:41,156
SPUS ,2020-06-13 03:40:40,156
SPUS ,2020-06-13 04:40:40,156
SPUS ,2020-06-13 05:40:41,156
SPUS ,2020-06-13 06:40:40,156
SPUS ,2020-06-13 07:40:40,156
SPUS ,2020-06-13 08:40:39,156
SPUS ,2020-06-13 09:40:41,156
SPUS ,2020-06-13 10:40:40,156
SPUS ,2020-06-13 11:40:39,156
SPUS ,2020-06-13 12:40:41,156
SPUS ,2020-06-13 13:40:41,156
SPUS ,2020-06-13 14:40:39,156
SPUS ,2020-06-13 15:40:40,156
SPUS ,2020-06-13 16:40:43,156
SPUS ,2020-06-13 17:40:43,156
SPUS ,2020-06-13 18:40:41,156
SPUS ,2020-06-13 19:40:41,156
SPUS ,2020-06-13 20:40:42,156
SPUS ,2020-06-13 21:40:40,156
SPUS ,2020-06-13 22:40:42,156
SPUS ,2020-06-13 23:40:41,156
SPUS ,2020-06-14 00:40:41,156
SPUS ,2020-06-14 01:40:39,156
SPUS ,2020-06-14 02:40:41,156
SPUS ,2020-06-14 03:40:42,156
SPUS ,2020-06-14 04:40:39,156
SPUS ,2020-06-14 05:40:42,156
SPUS ,2020-06-14 06:40:39,156
SPUS ,2020-06-14 07:40:42,156
SPUS ,2020-06-14 08:40:41,156
SPUS ,2020-06-14 09:40:41,156
SPUS ,2020-06-14 10:40:41,156
SPUS ,2020-06-14 11:40:42,156
SPUS ,2020-06-14 12:40:39,156
SPUS ,2020-06-14 13:40:40,156
SPUS ,2020-06-14 14:40:43,156
SPUS ,2020-06-14 15:40:39,156
SPUS ,2020-06-14 16:40:40,156
SPUS ,2020-06-14 17:40:42,156
SPUS ,2020-06-14 18:40:40,156
SPUS ,2020-06-14 19:40:39,156
SPUS ,2020-06-14 20:40:40,156
SPUS ,2020-06-14 21:40:40,156
SPUS ,2020-06-14 22:40:39,156
SPUS ,2020-06-14 23:40:40,156
SPUS ,2020-06-15 00:40:44,156
SPUS ,2020-06-15 01:40:44,156
SPUS ,2020-06-15 02:40:42,156
SPUS ,2020-06-15 03:40:40,156
SPUS ,2020-06-15 04:40:41,156
SPUS ,2020-06-15 05:40:46,156
SPUS ,2020-06-15 06:40:40,156
SPUS ,2020-06-15 07:40:40,156
SPUS ,2020-06-15 08:40:41,156
SPUS ,2020-06-15 09:40:42,156
SPUS ,2020-06-15 10:40:39,156
SPUS ,2020-06-15 11:40:40,156
SPUS ,2020-06-15 12:40:43,156
SPUS ,2020-06-15 13:40:47,156
SPUS ,2020-06-15 14:40:45,156
SPUS ,2020-06-15 15:40:42,156
SPUS ,2020-06-15 16:40:44,157
SPUS ,2020-06-15 17:40:42,157
SPUS ,2020-06-15 18:39:36,159
SPUS ,2020-06-15 18:47:21,159
SPUS ,2020-06-15 18:55:00,159
SPUS ,2020-06-15 19:02:41,159
SPUS ,2020-06-15 19:10:26,158
SPUS ,2020-06-15 19:18:15,158
SPUS ,2020-06-15 19:25:58,158
SPUS ,2020-06-15 19:33:39,158
SPUS ,2020-06-15 19:41:18,158
SPUS ,2020-06-15 19:48:57,158
SPUS ,2020-06-15 19:56:42,158
SPUS ,2020-06-15 20:04:28,158
SPUS ,2020-06-15 20:09:28,158
SPUS ,2020-06-15 20:17:08,158
SPUS ,2020-06-15 20:24:46,158
SPUS ,2020-06-15 20:32:25,158
SPUS ,2020-06-15 20:40:04,158
SPUS ,2020-06-15 20:47:41,158
SPUS ,2020-06-15 20:55:21,158
SPUS ,2020-06-15 21:03:03,158
SPUS ,2020-06-15 21:10:46,158
SPUS ,2020-06-15 21:18:23,158
SPUS ,2020-06-15 21:26:00,158
SPUS ,2020-06-15 21:33:38,158
SPUS ,2020-06-15 21:41:15,158
SPUS ,2020-06-15 21:48:53,158
SPUS ,2020-06-15 22:40:41,158
SPUS ,2020-06-15 23:40:42,158
SPUS ,2020-06-16 00:40:43,158
SPUS ,2020-06-16 01:40:40,158
SPUS ,2020-06-16 02:40:46,158
SPUS ,2020-06-16 03:40:40,158
SPUS ,2020-06-16 04:40:40,158
SPUS ,2020-06-16 05:40:40,158
SPUS ,2020-06-16 06:40:45,158
SPUS ,2020-06-16 07:40:44,158
SPUS ,2020-06-16 08:40:42,158
SPUS ,2020-06-16 09:40:40,158
SPUS ,2020-06-16 10:40:41,158
SPUS ,2020-06-16 11:40:41,158
SPUS ,2020-06-16 12:40:42,158
SPUS ,2020-06-16 13:40:42,158
SPUS ,2020-06-16 14:40:44,160
SPUS ,2020-06-16 15:40:41,160
SPUS ,2020-06-16 16:40:41,160
SPUS ,2020-06-16 17:40:44,160
SPUS ,2020-06-16 18:40:42,161
SPUS ,2020-06-16 19:40:43,161
SPUS ,2020-06-16 20:40:41,161
SPUS ,2020-06-16 21:40:42,161
SPUS ,2020-06-16 22:40:40,161
SPUS ,2020-06-16 23:40:41,161
SPUS ,2020-06-17 00:40:42,161
SPUS ,2020-06-17 01:40:43,161
SPUS ,2020-06-17 02:40:42,161
SPUS ,2020-06-17 03:40:41,161
SPUS ,2020-06-17 04:40:42,161
SPUS ,2020-06-17 05:40:42,161
SPUS ,2020-06-17 06:40:45,161
SPUS ,2020-06-17 07:40:42,161
SPUS ,2020-06-17 08:40:40,161
SPUS ,2020-06-17 09:40:42,161
SPUS ,2020-06-17 10:40:40,161
SPUS ,2020-06-17 11:40:42,161
SPUS ,2020-06-17 12:40:41,161
SPUS ,2020-06-17 13:40:44,161
SPUS ,2020-06-17 14:40:41,160
SPUS ,2020-06-17 15:40:44,160
SPUS ,2020-06-17 16:40:45,160
SPUS ,2020-06-17 17:40:43,160
SPUS ,2020-06-17 18:40:44,160
SPUS ,2020-06-17 19:40:45,159
SPUS ,2020-06-17 20:40:45,159
SPUS ,2020-06-17 21:40:44,159
SPUS ,2020-06-17 22:40:40,159
SPUS ,2020-06-17 23:40:43,160
SPUS ,2020-06-18 00:40:43,160
SPUS ,2020-06-18 01:40:43,160
SPUS ,2020-06-18 02:40:43,160
SPUS ,2020-06-18 03:40:44,160
SPUS ,2020-06-18 04:40:43,160
SPUS ,2020-06-18 05:40:43,160
SPUS ,2020-06-18 06:40:42,160
SPUS ,2020-06-18 07:40:43,160
SPUS ,2020-06-18 08:40:40,160
SPUS ,2020-06-18 09:40:42,160
SPUS ,2020-06-18 10:40:40,160
SPUS ,2020-06-18 11:40:42,160
SPUS ,2020-06-18 12:40:42,160
SPUS ,2020-06-18 13:40:44,160
SPUS ,2020-06-18 14:40:43,162
SPUS ,2020-06-18 17:02:43,162
SPUS ,2020-06-18 17:40:45,162
SPUS ,2020-06-18 18:40:44,162
SPUS ,2020-06-18 19:40:42,162
SPUS ,2020-06-18 20:40:42,162
SPUS ,2020-06-18 21:40:45,162
SPUS ,2020-06-18 22:40:42,162
SPUS ,2020-06-18 23:40:45,162
SPUS ,2020-06-19 00:40:46,162
SPUS ,2020-06-19 01:40:41,162
SPUS ,2020-06-19 02:40:43,162
SPUS ,2020-06-19 03:40:46,162
SPUS ,2020-06-19 04:41:46,162
SPUS ,2020-06-19 05:40:44,162
SPUS ,2020-06-19 06:40:41,162
SPUS ,2020-06-19 07:40:47,162
SPUS ,2020-06-19 08:40:45,162
SPUS ,2020-06-19 09:40:44,162
SPUS ,2020-06-19 10:40:42,162
SPUS ,2020-06-19 11:40:40,162
SPUS ,2020-06-19 13:06:35,162
SPUS ,2020-06-19 13:40:44,162
SPUS ,2020-06-19 14:40:42,162
SPUS ,2020-06-19 15:40:45,161
SPUS ,2020-06-19 16:40:44,159
SPUS ,2020-06-19 17:40:47,159
SPUS ,2020-06-19 18:40:41,159
SPUS ,2020-06-19 19:40:43,159
SPUS ,2020-06-19 20:40:43,158
SPUS ,2020-06-19 21:40:41,158
SPUS ,2020-06-19 22:40:45,158
SPUS ,2020-06-19 23:40:45,158
SPUS ,2020-06-20 00:40:45,158
SPUS ,2020-06-20 01:40:43,158
SPUS ,2020-06-20 02:40:43,158
SPUS ,2020-06-20 03:40:42,158
SPUS ,2020-06-20 04:40:40,158
SPUS ,2020-06-20 05:40:44,158
SPUS ,2020-06-20 06:40:43,158
SPUS ,2020-06-20 07:40:43,158
SPUS ,2020-06-20 08:40:44,158
SPUS ,2020-06-20 09:40:42,158
SPUS ,2020-06-20 10:40:42,158
SPUS ,2020-06-20 11:40:42,158
SPUS ,2020-06-20 12:40:45,158
SPUS ,2020-06-20 13:40:43,158
SPUS ,2020-06-20 14:40:46,158
SPUS ,2020-06-20 15:40:41,158
SPUS ,2020-06-20 16:40:45,158
SPUS ,2020-06-20 17:40:41,158
SPUS ,2020-06-20 18:40:44,158
SPUS ,2020-06-20 19:40:44,158
SPUS ,2020-06-20 20:40:44,158
SPUS ,2020-06-20 21:40:42,158
SPUS ,2020-06-20 22:40:42,158
SPUS ,2020-06-20 23:40:43,158
SPUS ,2020-06-21 00:40:44,158
SPUS ,2020-06-21 01:40:46,158
SPUS ,2020-06-21 02:40:43,158
SPUS ,2020-06-21 03:40:47,158
SPUS ,2020-06-21 04:40:43,158
SPUS ,2020-06-21 05:40:46,158
SPUS ,2020-06-21 06:40:44,158
SPUS ,2020-06-21 07:40:44,158
SPUS ,2020-06-21 08:40:41,158
SPUS ,2020-06-21 09:40:43,158
SPUS ,2020-06-21 10:40:41,158
SPUS ,2020-06-21 11:40:44,158
SPUS ,2020-06-21 12:40:44,158
SPUS ,2020-06-21 13:40:44,158
SPUS ,2020-06-21 14:40:48,158
SPUS ,2020-06-21 15:40:45,158
SPUS ,2020-06-21 16:40:42,158
SPUS ,2020-06-21 17:40:45,158
SPUS ,2020-06-21 18:40:45,158
SPUS ,2020-06-21 19:40:45,158
SPUS ,2020-06-21 20:40:43,158
SPUS ,2020-06-21 21:40:43,158
SPUS ,2020-06-21 22:40:45,158
SPUS ,2020-06-21 23:40:47,158
SPUS ,2020-06-22 00:40:44,158
SPUS ,2020-06-22 01:40:45,158
SPUS ,2020-06-22 02:40:44,158
SPUS ,2020-06-22 03:40:45,158
SPUS ,2020-06-22 04:40:44,158
SPUS ,2020-06-22 05:40:46,158
SPUS ,2020-06-22 06:40:43,158
SPUS ,2020-06-22 07:40:42,158
SPUS ,2020-06-22 08:40:45,158
SPUS ,2020-06-22 09:40:45,158
SPUS ,2020-06-22 10:40:48,158
SPUS ,2020-06-22 11:40:41,158
SPUS ,2020-06-22 12:40:44,158
SPUS ,2020-06-22 13:40:45,158
SPUS ,2020-06-22 14:40:46,158
SPUS ,2020-06-22 15:40:46,158
SPUS ,2020-06-22 16:40:46,158
SPUS ,2020-06-22 17:40:46,158
SPUS ,2020-06-22 18:40:45,158
SPUS ,2020-06-22 19:40:47,158
SPUS ,2020-06-22 20:40:43,158
SPUS ,2020-06-22 21:40:43,158
SPUS ,2020-06-22 22:40:41,158
SPUS ,2020-06-22 23:40:42,158
SPUS ,2020-06-23 00:40:43,158
SPUS ,2020-06-23 01:40:45,158
SPUS ,2020-06-23 02:40:46,158
SPUS ,2020-06-23 03:40:45,158
SPUS ,2020-06-23 04:40:45,158
SPUS ,2020-06-23 05:40:51,158
SPUS ,2020-06-23 06:40:44,158
SPUS ,2020-06-23 07:40:43,158
SPUS ,2020-06-23 08:40:48,158
SPUS ,2020-06-23 09:40:46,158
SPUS ,2020-06-23 10:40:44,158
SPUS ,2020-06-23 11:40:42,158
SPUS ,2020-06-23 12:40:44,158
SPUS ,2020-06-23 13:40:45,158
SPUS ,2020-06-23 14:40:46,159
SPUS ,2020-06-23 15:40:52,159
SPUS ,2020-06-23 16:40:44,158
SPUS ,2020-06-23 17:40:45,159
SPUS ,2020-06-23 18:40:49,159
SPUS ,2020-06-23 19:40:44,160
SPUS ,2020-06-23 20:40:47,160
SPUS ,2020-06-23 21:40:42,160
SPUS ,2020-06-23 22:40:45,160
SPUS ,2020-06-23 23:40:47,160
SPUS ,2020-06-24 00:40:46,160
SPUS ,2020-06-24 01:40:49,160
SPUS ,2020-06-24 02:40:45,160
SPUS ,2020-06-24 03:40:44,159
SPUS ,2020-06-24 04:40:46,159
SPUS ,2020-06-24 05:40:47,159
SPUS ,2020-06-24 06:40:44,159
SPUS ,2020-06-24 07:40:46,159
SPUS ,2020-06-24 08:40:44,159
SPUS ,2020-06-24 09:40:44,159
SPUS ,2020-06-24 10:40:51,159
SPUS ,2020-06-24 11:40:42,159
SPUS ,2020-06-24 12:40:45,159
SPUS ,2020-06-24 13:40:46,159
SPUS ,2020-06-24 14:40:47,161
SPUS ,2020-06-24 15:40:43,161
SPUS ,2020-06-24 16:40:45,162
SPUS ,2020-06-24 17:40:49,162
SPUS ,2020-06-24 18:40:46,162
SPUS ,2020-06-24 19:40:46,162
SPUS ,2020-06-24 20:40:45,162
SPUS ,2020-06-24 21:40:43,162
SPUS ,2020-06-24 22:40:43,162
SPUS ,2020-06-24 23:40:45,162
SPUS ,2020-06-25 00:40:46,162
SPUS ,2020-06-25 01:40:43,162
SPUS ,2020-06-25 02:40:44,162
SPUS ,2020-06-25 03:40:44,162
SPUS ,2020-06-25 04:40:44,162
SPUS ,2020-06-25 05:40:44,162
SPUS ,2020-06-25 06:40:47,162
SPUS ,2020-06-25 07:40:46,162
SPUS ,2020-06-25 08:40:43,162
SPUS ,2020-06-25 09:40:46,162
SPUS ,2020-06-25 10:40:42,162
SPUS ,2020-06-25 11:40:49,162
SPUS ,2020-06-25 13:05:37,162
SPUS ,2020-06-25 13:40:49,162
SPUS ,2020-06-25 14:40:56,163
SPUS ,2020-06-25 15:40:51,163
SPUS ,2020-06-25 16:40:51,161
SPUS ,2020-06-25 17:40:49,161
SPUS ,2020-06-25 18:40:49,160
SPUS ,2020-06-25 19:40:49,160
SPUS ,2020-06-25 20:40:46,160
SPUS ,2020-06-25 21:40:49,160
SPUS ,2020-06-25 22:40:49,160
SPUS ,2020-06-25 23:40:47,160
SPUS ,2020-06-26 00:40:52,160
SPUS ,2020-06-26 01:40:51,160
SPUS ,2020-06-26 02:40:49,160
SPUS ,2020-06-26 03:40:49,160
SPUS ,2020-06-26 04:40:45,160
SPUS ,2020-06-26 05:40:47,160
SPUS ,2020-06-26 06:40:48,160
SPUS ,2020-06-26 07:40:48,160
SPUS ,2020-06-26 08:40:49,160
SPUS ,2020-06-26 09:40:44,160
SPUS ,2020-06-26 10:40:46,160
SPUS ,2020-06-26 11:40:47,160
SPUS ,2020-06-26 12:40:49,160
SPUS ,2020-06-26 13:40:49,160
SPUS ,2020-06-26 14:40:47,160
SPUS ,2020-06-26 15:40:47,161
SPUS ,2020-06-26 16:40:48,161
SPUS ,2020-06-26 17:40:49,161
SPUS ,2020-06-26 18:40:46,161
SPUS ,2020-06-26 19:40:49,161
SPUS ,2020-06-26 20:40:48,162
SPUS ,2020-06-26 21:40:49,162
SPUS ,2020-06-26 22:40:48,162
SPUS ,2020-06-26 23:40:46,162
SPUS ,2020-06-27 00:40:49,162
SPUS ,2020-06-27 01:40:51,162
SPUS ,2020-06-27 02:40:49,162
SPUS ,2020-06-27 03:40:50,162
SPUS ,2020-06-27 04:40:50,162
SPUS ,2020-06-27 05:40:45,162
SPUS ,2020-06-27 06:40:48,162
SPUS ,2020-06-27 07:40:47,162
SPUS ,2020-06-27 08:40:45,162
SPUS ,2020-06-27 09:40:47,162
SPUS ,2020-06-27 10:40:46,162
SPUS ,2020-06-27 11:40:46,162
SPUS ,2020-06-27 12:40:48,162
SPUS ,2020-06-27 13:40:49,162
SPUS ,2020-06-27 14:40:45,162
SPUS ,2020-06-27 15:40:52,162
SPUS ,2020-06-27 16:40:45,162
SPUS ,2020-06-27 17:40:47,162
SPUS ,2020-06-27 18:40:49,162
SPUS ,2020-06-27 19:40:45,162
SPUS ,2020-06-27 20:40:46,162
SPUS ,2020-06-27 21:40:47,162
SPUS ,2020-06-27 22:40:45,162
SPUS ,2020-06-27 23:40:45,162
SPUS ,2020-06-28 00:40:50,162
SPUS ,2020-06-28 01:40:45,162
SPUS ,2020-06-28 02:40:47,162
SPUS ,2020-06-28 03:40:47,162
SPUS ,2020-06-28 04:40:45,162
SPUS ,2020-06-28 05:40:46,162
SPUS ,2020-06-28 06:40:45,162
SPUS ,2020-06-28 07:40:47,162
SPUS ,2020-06-28 08:40:47,162
SPUS ,2020-06-28 09:40:45,162
SPUS ,2020-06-28 10:40:47,162
SPUS ,2020-06-28 11:40:45,162
SPUS ,2020-06-28 12:40:46,162
SPUS ,2020-06-28 13:40:47,162
SPUS ,2020-06-28 14:40:45,162
SPUS ,2020-06-28 15:40:48,162
SPUS ,2020-06-28 16:40:47,162
SPUS ,2020-06-28 17:40:45,162
SPUS ,2020-06-28 18:40:46,162
SPUS ,2020-06-28 19:40:47,162
SPUS ,2020-06-28 20:40:44,162
SPUS ,2020-06-28 21:40:46,162
SPUS ,2020-06-28 22:40:47,162
SPUS ,2020-06-28 23:40:46,162
SPUS ,2020-06-29 00:40:50,162
SPUS ,2020-06-29 01:40:45,162
SPUS ,2020-06-29 02:40:48,162
SPUS ,2020-06-29 03:40:46,162
SPUS ,2020-06-29 04:40:48,162
SPUS ,2020-06-29 05:40:46,162
SPUS ,2020-06-29 06:40:48,162
SPUS ,2020-06-29 07:40:47,162
SPUS ,2020-06-29 08:40:47,162
SPUS ,2020-06-29 09:40:48,162
SPUS ,2020-06-29 10:40:49,162
SPUS ,2020-06-29 11:40:45,162
SPUS ,2020-06-29 12:40:52,162
SPUS ,2020-06-29 13:40:51,162
SPUS ,2020-06-29 14:40:53,165
SPUS ,2020-06-29 15:40:47,164
SPUS ,2020-06-29 16:40:48,164
SPUS ,2020-06-29 17:40:47,164
SPUS ,2020-06-29 18:40:47,164
SPUS ,2020-06-29 19:40:46,164
SPUS ,2020-06-29 20:40:47,164
SPUS ,2020-06-29 21:40:46,164
SPUS ,2020-06-29 22:40:46,164
SPUS ,2020-06-29 23:40:49,164
SPUS ,2020-06-30 00:40:49,164
SPUS ,2020-06-30 01:40:50,164
SPUS ,2020-06-30 02:40:54,164
SPUS ,2020-06-30 03:40:46,164
SPUS ,2020-06-30 04:40:49,164
SPUS ,2020-06-30 05:40:52,164
SPUS ,2020-06-30 06:40:50,164
SPUS ,2020-06-30 07:40:47,164
SPUS ,2020-06-30 08:40:46,164
SPUS ,2020-06-30 09:40:50,164
SPUS ,2020-06-30 10:40:46,164
SPUS ,2020-06-30 11:40:45,164
SPUS ,2020-06-30 12:40:48,164
SPUS ,2020-06-30 13:40:55,164
SPUS ,2020-06-30 14:40:51,166
SPUS ,2020-06-30 15:40:50,166
SPUS ,2020-06-30 16:40:51,166
SPUS ,2020-06-30 17:40:47,167
SPUS ,2020-06-30 18:40:49,167
SPUS ,2020-06-30 19:40:48,170
SPUS ,2020-06-30 20:40:48,171
SPUS ,2020-06-30 21:40:48,171
SPUS ,2020-06-30 22:40:45,171
SPUS ,2020-06-30 23:40:48,171
SPUS ,2020-07-01 00:40:57,171
SPUS ,2020-07-01 01:40:49,171
SPUS ,2020-07-01 02:40:51,171
SPUS ,2020-07-01 03:40:49,171
SPUS ,2020-07-01 04:40:50,171
SPUS ,2020-07-01 05:40:48,171
SPUS ,2020-07-01 06:40:48,171
SPUS ,2020-07-01 07:40:48,171
SPUS ,2020-07-01 08:40:49,171
SPUS ,2020-07-01 09:40:55,171
SPUS ,2020-07-01 10:40:54,171
SPUS ,2020-07-01 11:40:48,171
SPUS ,2020-07-01 13:05:12,171
SPUS ,2020-07-01 13:40:54,171
SPUS ,2020-07-01 14:40:54,172
SPUS ,2020-07-01 15:40:53,172
SPUS ,2020-07-01 16:40:53,173
SPUS ,2020-07-01 17:40:51,173
SPUS ,2020-07-01 18:40:51,175
SPUS ,2020-07-01 19:40:54,176
SPUS ,2020-07-01 20:40:52,176
SPUS ,2020-07-01 21:40:51,176
SPUS ,2020-07-01 22:40:52,176
SPUS ,2020-07-01 23:40:54,176
SPUS ,2020-07-02 00:40:58,176
SPUS ,2020-07-02 01:40:50,176
SPUS ,2020-07-02 02:40:51,176
SPUS ,2020-07-02 03:40:52,176
SPUS ,2020-07-02 04:40:52,176
SPUS ,2020-07-02 05:40:51,176
SPUS ,2020-07-02 06:40:50,176
SPUS ,2020-07-02 07:40:49,176
SPUS ,2020-07-02 08:40:49,176
SPUS ,2020-07-02 09:40:50,176
SPUS ,2020-07-02 10:40:50,176
SPUS ,2020-07-02 11:40:50,176
SPUS ,2020-07-02 13:08:12,176
SPUS ,2020-07-02 13:40:58,176
SPUS ,2020-07-02 14:40:51,176
SPUS ,2020-07-02 15:40:50,176
SPUS ,2020-07-02 16:40:51,176
SPUS ,2020-07-02 17:40:53,177
SPUS ,2020-07-02 18:40:52,176
SPUS ,2020-07-02 19:40:51,176
SPUS ,2020-07-02 20:40:46,176
SPUS ,2020-07-02 21:40:51,176
SPUS ,2020-07-02 22:40:47,176
SPUS ,2020-07-02 23:40:48,176
SPUS ,2020-07-03 00:40:53,176
SPUS ,2020-07-03 01:40:50,176
SPUS ,2020-07-03 02:40:50,176
SPUS ,2020-07-03 03:40:49,176
SPUS ,2020-07-03 04:40:54,176
SPUS ,2020-07-03 05:40:48,176
SPUS ,2020-07-03 06:40:48,176
SPUS ,2020-07-03 07:40:48,176
SPUS ,2020-07-03 08:40:48,176
SPUS ,2020-07-03 09:40:53,176
SPUS ,2020-07-03 10:40:48,176
SPUS ,2020-07-03 11:40:48,176
SPUS ,2020-07-03 12:40:47,176
SPUS ,2020-07-03 13:40:47,176
SPUS ,2020-07-03 14:40:50,176
SPUS ,2020-07-03 15:40:47,176
SPUS ,2020-07-03 16:40:49,176
SPUS ,2020-07-03 17:40:49,176
SPUS ,2020-07-03 18:40:52,176
SPUS ,2020-07-03 19:40:47,176
SPUS ,2020-07-03 20:40:48,176
SPUS ,2020-07-03 21:40:50,176
SPUS ,2020-07-03 22:40:47,176
SPUS ,2020-07-03 23:40:49,176
SPUS ,2020-07-04 00:40:48,176
SPUS ,2020-07-04 01:40:49,176
SPUS ,2020-07-04 02:40:51,176
SPUS ,2020-07-04 03:40:50,176
SPUS ,2020-07-04 04:40:48,176
SPUS ,2020-07-04 05:40:49,176
SPUS ,2020-07-04 06:40:49,176
SPUS ,2020-07-04 07:40:49,176
SPUS ,2020-07-04 08:40:47,176
SPUS ,2020-07-04 09:40:48,176
SPUS ,2020-07-04 11:35:14,176
SPUS ,2020-07-04 11:43:04,176
SPUS ,2020-07-04 12:40:50,176
SPUS ,2020-07-04 13:40:49,176
SPUS ,2020-07-04 14:40:50,176
SPUS ,2020-07-04 15:40:46,176
SPUS ,2020-07-04 16:40:50,176
SPUS ,2020-07-04 17:40:48,176
SPUS ,2020-07-04 18:40:48,176
SPUS ,2020-07-04 19:40:46,176
SPUS ,2020-07-04 20:40:51,176
SPUS ,2020-07-04 21:40:48,176
SPUS ,2020-07-04 22:40:47,176
SPUS ,2020-07-04 23:40:50,176
SPUS ,2020-07-05 00:40:49,176
SPUS ,2020-07-05 01:40:48,176
SPUS ,2020-07-05 02:40:47,176
SPUS ,2020-07-05 03:40:48,176
SPUS ,2020-07-05 04:40:47,176
SPUS ,2020-07-05 05:40:48,176
SPUS ,2020-07-05 06:40:49,176
SPUS ,2020-07-05 07:40:49,176
SPUS ,2020-07-05 08:40:49,176
SPUS ,2020-07-05 09:40:49,176
SPUS ,2020-07-05 11:32:27,176
SPUS ,2020-07-05 11:44:33,176
SPUS ,2020-07-05 12:40:48,176
SPUS ,2020-07-05 13:40:50,176
SPUS ,2020-07-05 14:40:46,176
SPUS ,2020-07-05 15:40:49,176
SPUS ,2020-07-05 16:40:51,176
SPUS ,2020-07-05 17:40:47,176
SPUS ,2020-07-05 18:40:49,176
SPUS ,2020-07-05 19:40:48,176
SPUS ,2020-07-05 20:40:48,176
SPUS ,2020-07-05 21:40:49,176
SPUS ,2020-07-05 22:40:48,176
SPUS ,2020-07-05 23:40:47,176
SPUS ,2020-07-06 00:40:49,176
SPUS ,2020-07-06 01:40:49,176
SPUS ,2020-07-06 02:40:49,176
SPUS ,2020-07-06 03:40:48,176
SPUS ,2020-07-06 04:40:47,176
SPUS ,2020-07-06 05:40:46,176
SPUS ,2020-07-06 06:40:50,176
SPUS ,2020-07-06 07:40:49,176
SPUS ,2020-07-06 08:40:51,176
SPUS ,2020-07-06 09:40:48,176
SPUS ,2020-07-06 11:38:29,176
SPUS ,2020-07-06 11:49:03,176
SPUS ,2020-07-06 14:06:48,177
SPUS ,2020-07-06 14:14:53,177
SPUS ,2020-07-06 14:40:53,177
SPUS ,2020-07-06 15:40:50,177
SPUS ,2020-07-06 16:40:54,178
SPUS ,2020-07-06 17:40:51,178
SPUS ,2020-07-06 18:40:50,177
SPUS ,2020-07-06 19:40:48,177
SPUS ,2020-07-06 20:40:48,177
SPUS ,2020-07-06 21:40:48,177
SPUS ,2020-07-06 22:40:49,177
SPUS ,2020-07-06 23:40:49,177
SPUS ,2020-07-07 00:40:49,177
SPUS ,2020-07-07 01:40:47,177
SPUS ,2020-07-07 02:40:49,177
SPUS ,2020-07-07 03:40:50,177
SPUS ,2020-07-07 04:40:48,177
SPUS ,2020-07-07 05:40:47,177
SPUS ,2020-07-07 06:40:47,177
SPUS ,2020-07-07 07:40:47,177
SPUS ,2020-07-07 08:40:46,177
SPUS ,2020-07-07 11:21:26,177
SPUS ,2020-07-07 11:21:58,177
SPUS ,2020-07-07 11:40:48,177
SPUS ,2020-07-07 12:40:51,177
SPUS ,2020-07-07 13:40:50,177
SPUS ,2020-07-07 14:40:50,177
SPUS ,2020-07-07 15:40:53,177
SPUS ,2020-07-07 16:40:55,177
SPUS ,2020-07-07 17:40:53,177
SPUS ,2020-07-07 18:40:48,177
SPUS ,2020-07-07 19:40:53,177
SPUS ,2020-07-07 20:40:51,178
SPUS ,2020-07-07 21:40:53,178
SPUS ,2020-07-07 22:40:51,178
SPUS ,2020-07-07 23:40:50,178
SPUS ,2020-07-08 00:40:56,178
SPUS ,2020-07-08 01:40:53,178
SPUS ,2020-07-08 02:40:51,178
SPUS ,2020-07-08 03:40:52,178
SPUS ,2020-07-08 04:40:50,178
SPUS ,2020-07-08 05:40:53,178
SPUS ,2020-07-08 06:40:53,178
SPUS ,2020-07-08 07:40:51,178
SPUS ,2020-07-08 08:40:50,178
SPUS ,2020-07-08 11:47:07,178
SPUS ,2020-07-08 11:49:39,178
SPUS ,2020-07-08 11:50:16,178
SPUS ,2020-07-08 13:09:13,178
SPUS ,2020-07-08 13:40:56,178
SPUS ,2020-07-08 14:40:50,179
SPUS ,2020-07-08 15:40:52,178
SPUS ,2020-07-08 16:40:53,181
SPUS ,2020-07-08 17:40:54,181
SPUS ,2020-07-08 18:40:52,181
SPUS ,2020-07-08 19:40:51,180
SPUS ,2020-07-08 20:40:51,180
SPUS ,2020-07-08 21:40:51,180
SPUS ,2020-07-08 22:40:49,180
SPUS ,2020-07-08 23:40:52,180
SPUS ,2020-07-09 00:40:54,180
SPUS ,2020-07-09 01:40:52,180
SPUS ,2020-07-09 18:41:09,182
SPUS ,2020-07-09 18:42:22,182
SPUS ,2020-07-09 18:56:39,182
SPUS ,2020-07-09 19:42:25,182
SPUS ,2020-07-09 20:40:53,182
SPUS ,2020-07-09 21:40:49,182
SPUS ,2020-07-09 22:40:52,182
SPUS ,2020-07-09 23:40:50,182
SPUS ,2020-07-10 00:40:59,182
SPUS ,2020-07-10 01:40:52,182
SPUS ,2020-07-10 02:40:51,182
SPUS ,2020-07-10 03:40:51,182
SPUS ,2020-07-10 04:40:48,182
SPUS ,2020-07-10 05:40:48,182
SPUS ,2020-07-10 06:40:50,182
SPUS ,2020-07-10 07:40:51,182
SPUS ,2020-07-10 08:40:50,182
SPUS ,2020-07-10 11:40:52,182
SPUS ,2020-07-10 11:48:40,182
SPUS ,2020-07-10 11:56:17,182
SPUS ,2020-07-10 13:09:12,182
SPUS ,2020-07-10 13:40:52,182
SPUS ,2020-07-10 14:40:50,182
SPUS ,2020-07-10 15:40:49,181
SPUS ,2020-07-10 16:40:51,181
SPUS ,2020-07-10 17:40:51,181
SPUS ,2020-07-10 18:40:52,182
SPUS ,2020-07-10 19:40:52,182
SPUS ,2020-07-10 20:40:48,183
SPUS ,2020-07-10 21:40:57,183
SPUS ,2020-07-10 22:40:48,183
SPUS ,2020-07-10 23:40:50,183
SPUS ,2020-07-11 00:40:50,183
SPUS ,2020-07-11 01:40:49,183
SPUS ,2020-07-11 02:40:49,183
SPUS ,2020-07-11 03:40:51,183
SPUS ,2020-07-11 04:40:49,183
SPUS ,2020-07-11 05:40:48,183
SPUS ,2020-07-11 06:40:47,183
SPUS ,2020-07-11 07:40:50,183
SPUS ,2020-07-11 08:40:51,183
SPUS ,2020-07-11 11:45:34,183
SPUS ,2020-07-11 11:49:21,183
SPUS ,2020-07-11 11:53:20,183
SPUS ,2020-07-11 12:40:51,183
SPUS ,2020-07-11 13:40:52,183
SPUS ,2020-07-11 14:40:49,183
SPUS ,2020-07-11 15:40:52,183
SPUS ,2020-07-11 16:40:47,183
SPUS ,2020-07-11 17:40:52,183
SPUS ,2020-07-11 18:40:49,183
SPUS ,2020-07-11 19:40:49,183
SPUS ,2020-07-11 20:40:47,183
SPUS ,2020-07-11 21:40:49,183
SPUS ,2020-07-11 22:40:50,183
SPUS ,2020-07-11 23:40:50,183
SPUS ,2020-07-12 00:40:49,183
SPUS ,2020-07-12 01:40:52,183
SPUS ,2020-07-12 02:40:48,183
SPUS ,2020-07-12 03:40:52,183
SPUS ,2020-07-12 04:40:50,183
SPUS ,2020-07-12 05:40:49,183
SPUS ,2020-07-12 06:40:51,183
SPUS ,2020-07-12 07:40:50,183
SPUS ,2020-07-12 08:40:46,183
SPUS ,2020-07-12 11:31:07,183
SPUS ,2020-07-12 11:32:15,183
SPUS ,2020-07-12 11:50:35,183
SPUS ,2020-07-12 12:40:49,183
SPUS ,2020-07-12 13:40:52,183
SPUS ,2020-07-12 14:40:48,183
SPUS ,2020-07-12 15:40:49,183
SPUS ,2020-07-12 16:40:51,183
SPUS ,2020-07-12 17:40:48,183
SPUS ,2020-07-12 18:40:50,183
SPUS ,2020-07-12 19:40:49,183
SPUS ,2020-07-12 20:40:50,183
SPUS ,2020-07-12 21:40:48,183
SPUS ,2020-07-12 22:40:50,183
SPUS ,2020-07-12 23:40:48,183
SPUS ,2020-07-13 00:40:58,183
SPUS ,2020-07-13 01:40:56,183
SPUS ,2020-07-13 02:40:52,183
SPUS ,2020-07-13 03:40:51,183
SPUS ,2020-07-13 04:40:50,183
SPUS ,2020-07-13 05:40:48,183
SPUS ,2020-07-13 06:40:51,183
SPUS ,2020-07-13 07:40:49,183
SPUS ,2020-07-13 08:40:48,183
SPUS ,2020-07-13 11:54:28,183
SPUS ,2020-07-13 11:55:04,183
SPUS ,2020-07-13 11:55:14,183
SPUS ,2020-07-13 12:40:56,183
SPUS ,2020-07-13 13:40:49,183
SPUS ,2020-07-13 14:40:50,182
SPUS ,2020-07-13 15:40:56,182
SPUS ,2020-07-13 16:40:51,183
SPUS ,2020-07-13 17:40:52,183
SPUS ,2020-07-13 18:40:50,183
SPUS ,2020-07-13 19:40:54,183
SPUS ,2020-07-13 20:40:55,183
SPUS ,2020-07-13 21:40:53,183
SPUS ,2020-07-13 22:40:54,183
SPUS ,2020-07-13 23:40:52,183
SPUS ,2020-07-14 00:40:55,183
SPUS ,2020-07-14 01:40:52,183
SPUS ,2020-07-14 02:40:53,183
SPUS ,2020-07-14 03:40:50,183
SPUS ,2020-07-14 04:40:49,183
SPUS ,2020-07-14 05:40:49,183
SPUS ,2020-07-14 06:40:52,183
SPUS ,2020-07-14 07:40:51,183
SPUS ,2020-07-14 08:40:51,183
SPUS ,2020-07-14 12:03:50,183
SPUS ,2020-07-14 12:06:14,183
SPUS ,2020-07-14 12:13:21,183
SPUS ,2020-07-14 12:40:55,183
SPUS ,2020-07-14 13:40:58,183
SPUS ,2020-07-14 14:40:52,183
SPUS ,2020-07-14 15:40:54,184
SPUS ,2020-07-14 16:40:56,184
SPUS ,2020-07-14 17:40:56,184
SPUS ,2020-07-14 18:40:52,185
SPUS ,2020-07-14 19:40:51,185
SPUS ,2020-07-14 20:40:52,185
SPUS ,2020-07-14 21:40:53,185
SPUS ,2020-07-14 22:40:54,185
SPUS ,2020-07-14 23:40:54,185
SPUS ,2020-07-15 00:40:56,185
SPUS ,2020-07-15 01:40:52,185
SPUS ,2020-07-15 02:27:40,185
SPUS ,2020-07-15 02:35:30,185
SPUS ,2020-07-15 02:43:09,185
SPUS ,2020-07-15 02:50:48,185
SPUS ,2020-07-15 02:58:47,185
SPUS ,2020-07-15 03:12:27,185
SPUS ,2020-07-15 03:20:13,185
SPUS ,2020-07-15 03:28:05,185
SPUS ,2020-07-15 03:35:56,185
SPUS ,2020-07-15 03:43:39,185
SPUS ,2020-07-15 03:51:23,185
SPUS ,2020-07-15 03:59:06,185
SPUS ,2020-07-15 04:06:57,185
SPUS ,2020-07-15 04:14:42,185
SPUS ,2020-07-15 04:22:29,185
SPUS ,2020-07-15 04:30:17,185
SPUS ,2020-07-15 04:38:06,185
SPUS ,2020-07-15 04:45:49,185
SPUS ,2020-07-15 04:53:33,185
SPUS ,2020-07-15 05:01:42,185
SPUS ,2020-07-15 05:09:34,185
SPUS ,2020-07-15 12:15:48,185
SPUS ,2020-07-15 12:24:19,185
SPUS ,2020-07-15 12:32:13,185
SPUS ,2020-07-15 12:40:07,185
SPUS ,2020-07-15 12:48:00,185
SPUS ,2020-07-15 12:55:56,185
SPUS ,2020-07-15 13:03:52,185
SPUS ,2020-07-15 13:12:02,185
SPUS ,2020-07-15 13:20:12,185
SPUS ,2020-07-15 13:28:23,185
SPUS ,2020-07-15 13:36:22,185
SPUS ,2020-07-15 13:44:25,185
SPUS ,2020-07-15 13:52:22,185
SPUS ,2020-07-15 14:00:19,185
SPUS ,2020-07-15 14:08:26,185
SPUS ,2020-07-15 14:16:27,188
SPUS ,2020-07-15 14:24:30,188
SPUS ,2020-07-15 14:32:34,188
SPUS ,2020-07-15 14:42:27,188
SPUS ,2020-07-15 14:52:22,188
SPUS ,2020-07-15 15:02:19,188
SPUS ,2020-07-15 15:12:30,187
SPUS ,2020-07-15 15:22:25,187
SPUS ,2020-07-15 15:32:21,187
SPUS ,2020-07-15 15:42:19,187
SPUS ,2020-07-15 15:52:36,187
SPUS ,2020-07-15 16:02:35,187
SPUS ,2020-07-15 16:12:41,187
SPUS ,2020-07-15 16:22:42,187
SPUS ,2020-07-15 16:32:48,187
SPUS ,2020-07-15 16:43:02,187
SPUS ,2020-07-15 16:53:17,187
SPUS ,2020-07-15 17:03:16,187
SPUS ,2020-07-15 17:10:40,187
SPUS ,2020-07-15 17:18:37,187
SPUS ,2020-07-15 17:26:21,187
SPUS ,2020-07-15 17:34:07,187
SPUS ,2020-07-15 17:41:53,187
SPUS ,2020-07-15 17:49:40,187
SPUS ,2020-07-15 17:57:33,187
SPUS ,2020-07-15 18:05:34,187
SPUS ,2020-07-15 18:13:29,187
SPUS ,2020-07-15 18:21:25,187
SPUS ,2020-07-15 18:29:16,187
SPUS ,2020-07-15 18:37:14,187
SPUS ,2020-07-15 18:45:23,187
SPUS ,2020-07-15 18:53:23,187
SPUS ,2020-07-15 19:01:32,187
SPUS ,2020-07-15 19:09:37,187
SPUS ,2020-07-15 19:17:28,187
SPUS ,2020-07-15 19:25:22,187
SPUS ,2020-07-15 19:35:24,187
SPUS ,2020-07-15 19:45:21,187
SPUS ,2020-07-15 19:55:11,187
SPUS ,2020-07-15 20:05:07,187
SPUS ,2020-07-15 20:15:01,187
SPUS ,2020-07-15 20:25:11,187
SPUS ,2020-07-15 20:34:57,187
SPUS ,2020-07-15 20:44:45,187
SPUS ,2020-07-15 20:54:30,187
SPUS ,2020-07-15 21:04:19,187
SPUS ,2020-07-15 21:14:07,187
SPUS ,2020-07-15 21:23:55,187
SPUS ,2020-07-15 21:34:13,187
SPUS ,2020-07-15 21:44:18,187
SPUS ,2020-07-15 21:54:24,187
SPUS ,2020-07-15 22:04:29,187
SPUS ,2020-07-15 22:14:22,187
SPUS ,2020-07-15 22:24:18,187
SPUS ,2020-07-15 22:34:03,187
SPUS ,2020-07-15 22:43:46,187
SPUS ,2020-07-15 22:53:30,187
SPUS ,2020-07-15 22:57:16,187
SPUS ,2020-07-15 23:01:24,187
SPUS ,2020-07-15 23:23:12,187
SPUS ,2020-07-15 23:32:58,187
SPUS ,2020-07-15 23:42:48,187
SPUS ,2020-07-15 23:52:31,187
SPUS ,2020-07-16 00:02:41,187
SPUS ,2020-07-16 00:13:15,187
SPUS ,2020-07-16 00:23:43,187
SPUS ,2020-07-16 00:34:08,187
SPUS ,2020-07-16 00:44:11,187
SPUS ,2020-07-16 00:53:59,187
SPUS ,2020-07-16 01:03:52,187
SPUS ,2020-07-16 01:13:42,187
SPUS ,2020-07-16 01:23:40,187
SPUS ,2020-07-16 01:33:27,187
SPUS ,2020-07-16 01:43:11,187
SPUS ,2020-07-16 01:53:00,187
SPUS ,2020-07-16 02:02:53,187
SPUS ,2020-07-16 02:12:49,187
SPUS ,2020-07-16 02:23:15,187
SPUS ,2020-07-16 02:33:20,187
SPUS ,2020-07-16 02:43:21,187
SPUS ,2020-07-16 02:53:40,187
SPUS ,2020-07-16 02:54:49,187
SPUS ,2020-07-16 03:13:48,187
SPUS ,2020-07-16 03:24:18,187
SPUS ,2020-07-16 03:34:19,187
SPUS ,2020-07-16 03:44:20,187
SPUS ,2020-07-16 03:54:21,187
SPUS ,2020-07-16 04:04:54,187
SPUS ,2020-07-16 04:14:55,187
SPUS ,2020-07-16 04:24:52,187
SPUS ,2020-07-16 04:34:49,187
SPUS ,2020-07-16 04:44:42,187
SPUS ,2020-07-16 04:54:36,187
SPUS ,2020-07-16 05:04:35,187
SPUS ,2020-07-16 05:14:27,187
SPUS ,2020-07-16 05:24:21,187
SPUS ,2020-07-16 05:34:12,187
SPUS ,2020-07-16 05:46:41,187
SPUS ,2020-07-16 05:58:05,187
SPUS ,2020-07-16 06:08:04,187
SPUS ,2020-07-16 06:15:56,187
SPUS ,2020-07-16 06:24:16,187
SPUS ,2020-07-16 06:33:37,187
SPUS ,2020-07-16 06:42:55,187
SPUS ,2020-07-16 06:52:46,187
SPUS ,2020-07-16 06:53:28,187
SPUS ,2020-07-16 06:53:38,187
SPUS ,2020-07-16 07:24:21,187
SPUS ,2020-07-16 07:35:32,187
SPUS ,2020-07-16 07:39:52,187
SPUS ,2020-07-16 07:49:29,187
SPUS ,2020-07-16 07:56:10,187
SPUS ,2020-07-16 08:06:52,187
SPUS ,2020-07-16 08:17:01,187
SPUS ,2020-07-16 08:26:24,187
SPUS ,2020-07-16 08:35:52,187
SPUS ,2020-07-16 08:45:14,187
SPUS ,2020-07-16 08:54:17,187
SPUS ,2020-07-16 09:03:42,187
SPUS ,2020-07-16 09:13:40,187
SPUS ,2020-07-16 09:23:44,187
SPUS ,2020-07-16 09:33:34,187
SPUS ,2020-07-16 09:42:43,187
SPUS ,2020-07-16 09:51:29,187
SPUS ,2020-07-16 10:00:19,187
SPUS ,2020-07-16 10:09:29,187
SPUS ,2020-07-16 10:18:09,187
SPUS ,2020-07-16 10:26:28,187
SPUS ,2020-07-16 10:34:58,187
SPUS ,2020-07-16 10:45:21,187
SPUS ,2020-07-16 10:55:51,187
SPUS ,2020-07-16 11:06:50,187
SPUS ,2020-07-16 11:17:49,187
SPUS ,2020-07-16 11:28:21,187
SPUS ,2020-07-16 11:38:46,187
SPUS ,2020-07-16 11:49:31,187
SPUS ,2020-07-16 12:00:45,187
SPUS ,2020-07-16 12:12:34,187
SPUS ,2020-07-16 12:23:37,187
SPUS ,2020-07-16 12:34:52,187
SPUS ,2020-07-16 12:45:59,187
SPUS ,2020-07-16 12:56:59,187
SPUS ,2020-07-16 13:08:31,187
SPUS ,2020-07-16 13:20:23,187
SPUS ,2020-07-16 13:32:22,187
SPUS ,2020-07-16 13:43:44,187
SPUS ,2020-07-16 13:54:40,187
SPUS ,2020-07-16 14:05:50,187
SPUS ,2020-07-16 14:16:56,187
SPUS ,2020-07-16 14:28:09,187
SPUS ,2020-07-16 14:32:30,187
SPUS ,2020-07-16 14:36:58,187
SPUS ,2020-07-16 15:00:28,187
SPUS ,2020-07-16 15:11:34,187
SPUS ,2020-07-16 16:55:25,188
SPUS ,2020-07-16 17:03:41,188
SPUS ,2020-07-16 17:11:57,188
SPUS ,2020-07-16 17:20:08,189
SPUS ,2020-07-16 17:28:12,189
SPUS ,2020-07-16 17:36:27,189
SPUS ,2020-07-16 17:44:37,189
SPUS ,2020-07-16 17:52:41,189
SPUS ,2020-07-16 18:00:48,189
SPUS ,2020-07-16 18:09:09,189
SPUS ,2020-07-16 18:17:20,189
SPUS ,2020-07-16 18:25:32,189
SPUS ,2020-07-16 18:33:38,189
SPUS ,2020-07-16 18:41:45,189
SPUS ,2020-07-16 18:50:02,189
SPUS ,2020-07-16 18:58:11,189
SPUS ,2020-07-16 19:06:20,189
SPUS ,2020-07-16 19:14:31,189
SPUS ,2020-07-16 19:24:37,189
SPUS ,2020-07-16 19:34:45,189
SPUS ,2020-07-16 19:44:49,189
SPUS ,2020-07-16 19:54:53,189
SPUS ,2020-07-16 20:05:00,190
SPUS ,2020-07-16 20:15:03,190
SPUS ,2020-07-16 20:25:03,190
SPUS ,2020-07-16 20:35:03,190
SPUS ,2020-07-16 20:45:08,190
SPUS ,2020-07-16 20:55:11,190
SPUS ,2020-07-16 21:05:19,190
SPUS ,2020-07-16 21:15:22,190
SPUS ,2020-07-16 21:25:26,190
SPUS ,2020-07-16 21:35:50,190
SPUS ,2020-07-16 21:45:58,190
SPUS ,2020-07-16 21:56:00,190
SPUS ,2020-07-16 22:06:10,190
SPUS ,2020-07-16 22:16:11,190
SPUS ,2020-07-16 22:26:12,190
SPUS ,2020-07-16 22:36:16,190
SPUS ,2020-07-16 22:46:14,190
SPUS ,2020-07-16 22:50:08,190
SPUS ,2020-07-16 22:54:15,190
SPUS ,2020-07-16 23:16:21,190
SPUS ,2020-07-16 23:26:21,190
SPUS ,2020-07-16 23:36:20,190
SPUS ,2020-07-16 23:46:19,190
SPUS ,2020-07-16 23:56:19,190
SPUS ,2020-07-17 00:07:05,190
SPUS ,2020-07-17 00:17:43,190
SPUS ,2020-07-17 00:28:12,190
SPUS ,2020-07-17 00:38:48,190
SPUS ,2020-07-17 00:49:03,190
SPUS ,2020-07-17 00:59:15,190
SPUS ,2020-07-17 01:09:30,190
SPUS ,2020-07-17 01:19:36,190
SPUS ,2020-07-17 01:29:36,190
SPUS ,2020-07-17 01:39:39,190
SPUS ,2020-07-17 01:49:41,190
SPUS ,2020-07-17 01:59:45,190
SPUS ,2020-07-17 02:09:50,190
SPUS ,2020-07-17 02:19:56,190
SPUS ,2020-07-17 02:29:57,190
SPUS ,2020-07-17 02:39:53,190
SPUS ,2020-07-17 02:49:51,190
SPUS ,2020-07-17 02:51:02,190
SPUS ,2020-07-17 03:09:59,190
SPUS ,2020-07-17 03:20:00,190
SPUS ,2020-07-17 03:30:05,190
SPUS ,2020-07-17 03:40:13,190
SPUS ,2020-07-17 03:50:17,190
SPUS ,2020-07-17 04:00:26,190
SPUS ,2020-07-17 04:10:40,190
SPUS ,2020-07-17 04:20:45,190
SPUS ,2020-07-17 04:30:50,190
SPUS ,2020-07-17 04:40:54,190
SPUS ,2020-07-17 04:50:57,190
SPUS ,2020-07-17 05:01:02,190
SPUS ,2020-07-17 05:11:10,190
SPUS ,2020-07-17 05:21:16,190
SPUS ,2020-07-17 05:31:15,190
SPUS ,2020-07-17 05:41:16,190
SPUS ,2020-07-17 05:51:16,190
SPUS ,2020-07-17 06:01:17,190
SPUS ,2020-07-17 06:09:32,190
SPUS ,2020-07-17 06:17:42,190
SPUS ,2020-07-17 06:25:55,190
SPUS ,2020-07-17 06:34:08,190
SPUS ,2020-07-17 06:42:43,190
SPUS ,2020-07-17 06:43:22,190
SPUS ,2020-07-17 06:43:32,190
SPUS ,2020-07-17 07:07:22,190
SPUS ,2020-07-17 07:15:32,190
SPUS ,2020-07-17 07:23:41,190
SPUS ,2020-07-17 07:31:50,190
SPUS ,2020-07-17 07:39:55,190
SPUS ,2020-07-17 07:48:01,190
SPUS ,2020-07-17 07:56:07,190
SPUS ,2020-07-17 08:04:24,190
SPUS ,2020-07-17 08:12:50,190
SPUS ,2020-07-17 08:21:22,190
SPUS ,2020-07-17 08:29:52,190
SPUS ,2020-07-17 08:38:28,190
SPUS ,2020-07-17 08:46:47,190
SPUS ,2020-07-17 08:54:58,190
SPUS ,2020-07-17 09:03:14,190
SPUS ,2020-07-17 09:11:22,190
SPUS ,2020-07-17 09:19:31,190
SPUS ,2020-07-17 09:27:39,190
SPUS ,2020-07-17 09:35:43,190
SPUS ,2020-07-17 09:43:44,190
SPUS ,2020-07-17 09:51:46,190
SPUS ,2020-07-17 10:00:08,190
SPUS ,2020-07-17 10:02:36,190
SPUS ,2020-07-17 10:09:57,190
SPUS ,2020-07-17 10:24:19,190
SPUS ,2020-07-17 10:34:21,190
SPUS ,2020-07-17 10:44:24,190
SPUS ,2020-07-17 10:54:29,190
SPUS ,2020-07-17 11:04:58,190
SPUS ,2020-07-17 11:15:05,190
SPUS ,2020-07-17 11:25:11,190
SPUS ,2020-07-17 11:35:19,190
SPUS ,2020-07-17 11:45:23,190
SPUS ,2020-07-17 11:55:30,190
SPUS ,2020-07-17 12:05:48,190
SPUS ,2020-07-17 12:16:11,190
SPUS ,2020-07-17 12:26:26,190
SPUS ,2020-07-17 12:36:32,190
SPUS ,2020-07-17 12:46:36,190
SPUS ,2020-07-17 12:56:42,190
SPUS ,2020-07-17 13:07:24,190
SPUS ,2020-07-17 13:17:56,190
SPUS ,2020-07-17 13:26:20,190
SPUS ,2020-07-17 13:34:54,190
SPUS ,2020-07-17 13:43:18,190
SPUS ,2020-07-17 13:51:21,190
SPUS ,2020-07-17 13:59:59,190
SPUS ,2020-07-17 14:08:44,190
SPUS ,2020-07-17 14:17:10,190
SPUS ,2020-07-17 14:25:31,190
SPUS ,2020-07-17 14:33:49,190
SPUS ,2020-07-17 14:41:55,190
SPUS ,2020-07-17 14:49:57,190
SPUS ,2020-07-17 14:58:26,190
SPUS ,2020-07-17 15:07:23,190
SPUS ,2020-07-17 15:16:17,190
SPUS ,2020-07-17 15:24:51,190
SPUS ,2020-07-17 15:33:24,190
SPUS ,2020-07-17 15:41:50,190
SPUS ,2020-07-17 15:50:12,190
SPUS ,2020-07-17 15:56:17,190
SPUS ,2020-07-17 16:05:28,191
SPUS ,2020-07-17 16:12:48,191
SPUS ,2020-07-17 16:21:42,191
SPUS ,2020-07-17 16:30:23,191
SPUS ,2020-07-17 16:39:01,191
SPUS ,2020-07-17 16:47:31,191
SPUS ,2020-07-17 16:56:00,191
SPUS ,2020-07-17 17:00:34,191
SPUS ,2020-07-17 17:08:52,191
SPUS ,2020-07-17 17:17:05,191
SPUS ,2020-07-17 17:25:41,191
SPUS ,2020-07-17 17:34:05,191
SPUS ,2020-07-17 17:42:34,191
SPUS ,2020-07-17 17:51:00,191
SPUS ,2020-07-17 17:59:30,191
SPUS ,2020-07-17 18:08:21,191
SPUS ,2020-07-17 18:16:57,191
SPUS ,2020-07-17 18:25:23,191
SPUS ,2020-07-17 18:33:56,191
SPUS ,2020-07-17 18:42:24,191
SPUS ,2020-07-17 18:50:49,191
SPUS ,2020-07-17 18:59:22,191
SPUS ,2020-07-17 19:02:26,191
SPUS ,2020-07-17 19:11:59,191
SPUS ,2020-07-17 19:20:27,191
SPUS ,2020-07-17 19:28:42,191
SPUS ,2020-07-17 19:36:51,191
SPUS ,2020-07-17 19:40:30,191
SPUS ,2020-07-17 19:48:32,191
SPUS ,2020-07-17 19:56:37,191
SPUS ,2020-07-17 20:04:49,192
SPUS ,2020-07-17 20:12:54,192
SPUS ,2020-07-17 20:20:54,192
SPUS ,2020-07-17 20:28:52,192
SPUS ,2020-07-17 20:36:59,192
SPUS ,2020-07-17 20:44:57,192
SPUS ,2020-07-17 20:52:58,192
SPUS ,2020-07-17 21:01:11,192
SPUS ,2020-07-17 21:09:23,192
SPUS ,2020-07-17 21:17:22,192
SPUS ,2020-07-17 21:25:20,192
SPUS ,2020-07-17 21:33:22,192
SPUS ,2020-07-17 21:41:22,192
SPUS ,2020-07-17 21:49:27,192
SPUS ,2020-07-17 21:57:37,192
SPUS ,2020-07-17 22:07:57,192
SPUS ,2020-07-17 22:18:11,192
SPUS ,2020-07-17 22:28:17,192
SPUS ,2020-07-17 22:38:31,192
SPUS ,2020-07-17 22:48:56,192
SPUS ,2020-07-17 22:59:29,192
SPUS ,2020-07-17 23:10:17,192
SPUS ,2020-07-17 23:20:29,192
SPUS ,2020-07-17 23:30:34,192
SPUS ,2020-07-17 23:40:37,192
SPUS ,2020-07-17 23:50:41,192
SPUS ,2020-07-18 00:01:21,192
SPUS ,2020-07-18 00:13:31,192
SPUS ,2020-07-18 00:24:17,192
SPUS ,2020-07-18 00:34:46,192
SPUS ,2020-07-18 00:45:29,192
SPUS ,2020-07-18 00:55:47,192
SPUS ,2020-07-18 01:05:59,192
SPUS ,2020-07-18 01:16:07,192
SPUS ,2020-07-18 01:26:17,192
SPUS ,2020-07-18 01:36:22,192
SPUS ,2020-07-18 01:40:19,192
SPUS ,2020-07-18 01:44:26,192
SPUS ,2020-07-18 02:06:34,192
SPUS ,2020-07-18 02:16:39,192
SPUS ,2020-07-18 02:26:39,192
SPUS ,2020-07-18 02:36:38,192
SPUS ,2020-07-18 02:46:37,192
SPUS ,2020-07-18 02:56:37,192
SPUS ,2020-07-18 03:06:50,192
SPUS ,2020-07-18 03:17:01,192
SPUS ,2020-07-18 03:27:08,192
SPUS ,2020-07-18 03:37:15,192
SPUS ,2020-07-18 03:47:24,192
SPUS ,2020-07-18 03:57:37,192
SPUS ,2020-07-18 04:08:10,192
SPUS ,2020-07-18 04:18:46,192
SPUS ,2020-07-18 04:29:05,192
SPUS ,2020-07-18 04:39:11,192
SPUS ,2020-07-18 04:49:14,192
SPUS ,2020-07-18 04:59:18,192
SPUS ,2020-07-18 05:10:06,192
SPUS ,2020-07-18 05:20:29,192
SPUS ,2020-07-18 05:30:42,192
SPUS ,2020-07-18 05:40:40,192
SPUS ,2020-07-18 05:41:50,192
SPUS ,2020-07-18 06:00:50,192
SPUS ,2020-07-18 06:11:08,192
SPUS ,2020-07-18 08:34:57,192
SPUS ,2020-07-18 08:43:19,192
SPUS ,2020-07-18 08:51:26,192
SPUS ,2020-07-18 08:59:29,192
SPUS ,2020-07-18 09:07:35,192
SPUS ,2020-07-18 09:15:34,192
SPUS ,2020-07-18 09:23:33,192
SPUS ,2020-07-18 09:31:35,192
SPUS ,2020-07-18 09:39:36,192
SPUS ,2020-07-18 09:47:37,192
SPUS ,2020-07-18 09:55:39,192
SPUS ,2020-07-18 10:03:42,192
SPUS ,2020-07-18 10:11:46,192
SPUS ,2020-07-18 10:19:46,192
SPUS ,2020-07-18 10:27:52,192
SPUS ,2020-07-18 10:35:52,192
SPUS ,2020-07-18 10:43:48,192
SPUS ,2020-07-18 10:51:45,192
SPUS ,2020-07-18 11:01:46,192
SPUS ,2020-07-18 11:11:47,192
SPUS ,2020-07-18 11:21:45,192
SPUS ,2020-07-18 11:31:44,192
SPUS ,2020-07-18 11:41:43,192
SPUS ,2020-07-18 11:51:40,192
SPUS ,2020-07-18 12:01:41,192
SPUS ,2020-07-18 12:11:54,192
SPUS ,2020-07-18 12:22:01,192
SPUS ,2020-07-18 12:32:01,192
SPUS ,2020-07-18 12:42:04,192
SPUS ,2020-07-18 12:52:05,192
SPUS ,2020-07-18 13:02:18,192
SPUS ,2020-07-18 13:12:33,192
SPUS ,2020-07-18 13:22:40,192
SPUS ,2020-07-18 13:32:43,192
SPUS ,2020-07-18 13:42:38,192
SPUS ,2020-07-18 13:52:34,192
SPUS ,2020-07-18 14:02:32,192
SPUS ,2020-07-18 14:12:29,192
SPUS ,2020-07-18 14:22:26,192
SPUS ,2020-07-18 14:26:19,192
SPUS ,2020-07-18 14:30:26,192
SPUS ,2020-07-18 14:52:27,192
SPUS ,2020-07-18 15:02:30,192
SPUS ,2020-07-18 15:12:37,192
SPUS ,2020-07-18 15:22:39,192
SPUS ,2020-07-18 15:32:38,192
SPUS ,2020-07-18 15:42:36,192
SPUS ,2020-07-18 15:52:36,192
SPUS ,2020-07-18 16:02:35,192
SPUS ,2020-07-18 16:12:37,192
SPUS ,2020-07-18 16:22:37,192
SPUS ,2020-07-18 16:32:39,192
SPUS ,2020-07-18 16:42:39,192
SPUS ,2020-07-18 16:52:36,192
SPUS ,2020-07-18 17:02:37,192
SPUS ,2020-07-18 17:12:45,192
SPUS ,2020-07-18 17:22:46,192
SPUS ,2020-07-18 17:32:44,192
SPUS ,2020-07-18 17:42:42,192
SPUS ,2020-07-18 17:52:39,192
SPUS ,2020-07-18 18:02:36,192
SPUS ,2020-07-18 18:12:40,192
SPUS ,2020-07-18 18:22:38,192
SPUS ,2020-07-18 18:23:47,192
SPUS ,2020-07-18 18:42:32,192
SPUS ,2020-07-18 18:52:29,192
SPUS ,2020-07-18 19:02:32,192
SPUS ,2020-07-18 19:12:58,192
SPUS ,2020-07-18 19:22:56,192
SPUS ,2020-07-18 19:33:14,192
SPUS ,2020-07-18 19:43:13,192
