Ticker,timestamp,users_holding
TEL ,2018-05-02 04:54:37,251
TEL ,2018-05-02 06:39:49,251
TEL ,2018-05-03 00:36:27,253
TEL ,2018-05-03 06:34:50,253
TEL ,2018-05-03 06:49:50,253
TEL ,2018-05-03 07:08:03,253
TEL ,2018-05-03 07:35:16,253
TEL ,2018-05-03 07:44:31,253
TEL ,2018-05-03 11:20:32,253
TEL ,2018-05-03 12:43:56,253
TEL ,2018-05-03 13:43:56,253
TEL ,2018-05-03 14:43:57,253
TEL ,2018-05-03 15:43:57,255
TEL ,2018-05-03 16:43:57,256
TEL ,2018-05-03 17:43:57,256
TEL ,2018-05-03 18:43:56,256
TEL ,2018-05-03 19:43:56,256
TEL ,2018-05-03 20:43:57,257
TEL ,2018-05-03 21:43:56,257
TEL ,2018-05-03 22:43:57,257
TEL ,2018-05-03 23:43:56,257
TEL ,2018-05-04 00:43:56,257
TEL ,2018-05-04 01:43:57,257
TEL ,2018-05-04 02:43:58,257
TEL ,2018-05-04 03:43:56,257
TEL ,2018-05-04 04:43:57,257
TEL ,2018-05-04 05:43:56,257
TEL ,2018-05-04 06:43:56,257
TEL ,2018-05-04 07:43:56,257
TEL ,2018-05-04 08:43:58,257
TEL ,2018-05-04 09:43:57,257
TEL ,2018-05-04 10:43:57,257
TEL ,2018-05-04 11:43:57,257
TEL ,2018-05-04 12:43:56,257
TEL ,2018-05-04 20:48:40,253
TEL ,2018-05-04 20:54:40,253
TEL ,2018-05-04 21:00:40,253
TEL ,2018-05-04 21:06:39,253
TEL ,2018-05-04 21:12:39,253
TEL ,2018-05-04 21:18:39,253
TEL ,2018-05-04 21:24:38,253
TEL ,2018-05-04 21:30:38,253
TEL ,2018-05-04 21:43:55,253
TEL ,2018-05-04 22:43:56,253
TEL ,2018-05-04 23:43:57,253
TEL ,2018-05-05 00:43:55,253
TEL ,2018-05-05 01:43:57,253
TEL ,2018-05-05 02:43:56,253
TEL ,2018-05-05 03:43:57,253
TEL ,2018-05-05 04:43:57,253
TEL ,2018-05-05 05:43:56,253
TEL ,2018-05-05 06:43:57,253
TEL ,2018-05-05 07:43:57,253
TEL ,2018-05-05 08:43:57,253
TEL ,2018-05-05 09:43:55,253
TEL ,2018-05-05 10:43:57,253
TEL ,2018-05-05 11:43:56,253
TEL ,2018-05-05 12:43:57,253
TEL ,2018-05-05 13:43:58,253
TEL ,2018-05-05 14:43:57,253
TEL ,2018-05-05 15:43:58,253
TEL ,2018-05-05 16:43:57,253
TEL ,2018-05-05 17:43:57,253
TEL ,2018-05-05 18:43:56,253
TEL ,2018-05-05 19:43:56,253
TEL ,2018-05-05 20:43:57,253
TEL ,2018-05-05 21:43:56,253
TEL ,2018-05-05 22:43:57,253
TEL ,2018-05-05 23:43:56,253
TEL ,2018-05-06 00:43:56,253
TEL ,2018-05-06 01:43:56,253
TEL ,2018-05-06 02:43:57,253
TEL ,2018-05-06 03:43:56,253
TEL ,2018-05-06 04:43:56,253
TEL ,2018-05-06 05:43:57,253
TEL ,2018-05-06 06:43:56,253
TEL ,2018-05-06 07:44:01,253
TEL ,2018-05-06 08:43:55,253
TEL ,2018-05-06 09:43:56,253
TEL ,2018-05-06 10:43:55,253
TEL ,2018-05-06 11:43:57,253
TEL ,2018-05-06 12:43:56,253
TEL ,2018-05-06 13:43:57,253
TEL ,2018-05-06 14:43:56,253
TEL ,2018-05-06 15:43:56,253
TEL ,2018-05-06 16:43:57,253
TEL ,2018-05-06 17:43:56,253
TEL ,2018-05-06 18:43:57,253
TEL ,2018-05-06 19:43:57,253
TEL ,2018-05-06 20:43:57,253
TEL ,2018-05-06 21:43:57,253
TEL ,2018-05-06 22:43:56,253
TEL ,2018-05-06 23:43:57,253
TEL ,2018-05-07 00:43:56,253
TEL ,2018-05-07 01:43:56,253
TEL ,2018-05-07 01:57:32,253
TEL ,2018-05-07 02:43:57,253
TEL ,2018-05-07 03:43:57,253
TEL ,2018-05-07 04:43:56,253
TEL ,2018-05-07 05:43:56,253
TEL ,2018-05-07 06:43:56,253
TEL ,2018-05-07 07:43:56,253
TEL ,2018-05-07 08:43:58,253
TEL ,2018-05-07 09:43:56,253
TEL ,2018-05-07 10:43:56,253
TEL ,2018-05-07 11:43:56,253
TEL ,2018-05-07 12:43:56,253
TEL ,2018-05-07 13:44:06,253
TEL ,2018-05-07 14:43:56,256
TEL ,2018-05-07 15:43:57,256
TEL ,2018-05-07 16:44:01,255
TEL ,2018-05-07 22:43:56,254
TEL ,2018-05-07 23:43:56,254
TEL ,2018-05-08 00:43:58,254
TEL ,2018-05-08 01:44:01,254
TEL ,2018-05-08 02:43:56,254
TEL ,2018-05-08 03:43:56,254
TEL ,2018-05-08 04:43:57,254
TEL ,2018-05-08 05:43:55,254
TEL ,2018-05-08 06:43:56,254
TEL ,2018-05-08 07:43:56,254
TEL ,2018-05-08 08:43:56,254
TEL ,2018-05-08 09:43:55,254
TEL ,2018-05-08 10:43:55,254
TEL ,2018-05-08 11:43:55,254
TEL ,2018-05-08 12:43:55,254
TEL ,2018-05-08 13:43:56,254
TEL ,2018-05-08 14:43:57,254
TEL ,2018-05-08 15:43:56,254
TEL ,2018-05-08 16:43:56,255
TEL ,2018-05-08 17:43:56,255
TEL ,2018-05-08 18:43:58,254
TEL ,2018-05-08 19:43:57,252
TEL ,2018-05-08 20:43:56,252
TEL ,2018-05-08 21:43:56,252
TEL ,2018-05-08 22:43:56,252
TEL ,2018-05-08 23:44:00,252
TEL ,2018-05-09 00:43:56,252
TEL ,2018-05-09 01:43:56,252
TEL ,2018-05-09 02:43:56,252
TEL ,2018-05-09 03:43:55,252
TEL ,2018-05-09 04:43:56,252
TEL ,2018-05-09 05:43:57,252
TEL ,2018-05-09 06:43:56,252
TEL ,2018-05-09 07:43:56,252
TEL ,2018-05-09 08:43:56,252
TEL ,2018-05-09 09:43:55,252
TEL ,2018-05-09 10:43:55,252
TEL ,2018-05-09 11:43:56,252
TEL ,2018-05-09 12:43:55,252
TEL ,2018-05-09 13:43:59,252
TEL ,2018-05-09 14:43:56,254
TEL ,2018-05-09 15:43:56,253
TEL ,2018-05-09 16:43:57,253
TEL ,2018-05-09 17:43:58,253
TEL ,2018-05-09 18:43:57,252
TEL ,2018-05-09 19:43:57,253
TEL ,2018-05-09 20:43:56,254
TEL ,2018-05-09 21:43:58,254
TEL ,2018-05-09 22:43:56,254
TEL ,2018-05-09 23:43:56,254
TEL ,2018-05-10 00:43:58,254
TEL ,2018-05-10 01:43:57,254
TEL ,2018-05-10 02:43:58,254
TEL ,2018-05-10 03:43:59,254
TEL ,2018-05-10 04:43:59,254
TEL ,2018-05-10 05:43:58,254
TEL ,2018-05-10 06:43:58,254
TEL ,2018-05-10 07:43:59,254
TEL ,2018-05-10 08:43:58,254
TEL ,2018-05-10 09:43:57,254
TEL ,2018-05-10 10:43:57,254
TEL ,2018-05-10 11:43:57,254
TEL ,2018-05-10 12:43:57,254
TEL ,2018-05-10 13:44:08,254
TEL ,2018-05-10 14:43:59,254
TEL ,2018-05-10 15:43:59,256
TEL ,2018-05-10 16:43:58,255
TEL ,2018-05-10 17:43:59,256
TEL ,2018-05-10 18:43:58,257
TEL ,2018-05-10 19:43:59,257
TEL ,2018-05-10 20:43:58,257
TEL ,2018-05-10 21:43:58,257
TEL ,2018-05-10 22:43:58,257
TEL ,2018-05-10 23:43:59,257
TEL ,2018-05-11 00:43:58,257
TEL ,2018-05-11 01:43:59,257
TEL ,2018-05-11 02:43:58,257
TEL ,2018-05-11 03:43:58,257
TEL ,2018-05-11 04:43:58,257
TEL ,2018-05-11 05:44:00,257
TEL ,2018-05-11 06:43:58,257
TEL ,2018-05-11 07:43:58,257
TEL ,2018-05-11 08:43:58,257
TEL ,2018-05-11 09:43:57,257
TEL ,2018-05-11 10:43:57,257
TEL ,2018-05-11 11:43:58,257
TEL ,2018-05-11 12:43:57,257
TEL ,2018-05-11 13:44:00,257
TEL ,2018-05-11 14:43:58,258
TEL ,2018-05-11 15:43:59,257
TEL ,2018-05-11 16:43:58,259
TEL ,2018-05-11 17:43:59,261
TEL ,2018-05-11 18:43:58,261
TEL ,2018-05-11 19:43:59,262
TEL ,2018-05-11 20:43:57,262
TEL ,2018-05-11 21:43:58,262
TEL ,2018-05-11 22:43:57,262
TEL ,2018-05-11 23:43:57,262
TEL ,2018-05-12 00:43:58,262
TEL ,2018-05-12 01:43:58,262
TEL ,2018-05-12 02:43:59,262
TEL ,2018-05-12 03:43:59,262
TEL ,2018-05-12 04:43:58,262
TEL ,2018-05-12 05:43:58,262
TEL ,2018-05-12 06:43:58,262
TEL ,2018-05-12 07:43:58,262
TEL ,2018-05-12 08:43:58,262
TEL ,2018-05-12 09:43:58,262
TEL ,2018-05-12 10:43:58,262
TEL ,2018-05-12 11:43:58,262
TEL ,2018-05-12 12:43:58,262
TEL ,2018-05-12 13:43:59,262
TEL ,2018-05-12 14:43:58,262
TEL ,2018-05-12 15:43:59,262
TEL ,2018-05-12 16:43:58,262
TEL ,2018-05-12 17:43:59,262
TEL ,2018-05-12 18:43:57,262
TEL ,2018-05-12 19:43:59,262
TEL ,2018-05-12 20:43:58,262
TEL ,2018-05-12 21:43:57,262
TEL ,2018-05-12 22:43:58,262
TEL ,2018-05-12 23:43:58,262
TEL ,2018-05-13 00:43:59,262
TEL ,2018-05-13 01:43:58,262
TEL ,2018-05-13 02:43:57,262
TEL ,2018-05-13 03:43:58,262
TEL ,2018-05-13 04:43:59,262
TEL ,2018-05-13 05:43:58,262
TEL ,2018-05-13 06:43:59,262
TEL ,2018-05-13 07:43:58,262
TEL ,2018-05-13 08:43:57,262
TEL ,2018-05-13 09:43:58,262
TEL ,2018-05-13 10:43:57,262
TEL ,2018-05-13 11:43:57,262
TEL ,2018-05-13 12:43:58,262
TEL ,2018-05-13 13:43:58,262
TEL ,2018-05-13 14:43:58,262
TEL ,2018-05-13 15:43:58,262
TEL ,2018-05-13 16:43:59,262
TEL ,2018-05-13 17:43:58,262
TEL ,2018-05-13 18:43:59,262
TEL ,2018-05-13 19:43:57,262
TEL ,2018-05-13 20:43:59,262
TEL ,2018-05-13 21:43:58,262
TEL ,2018-05-13 22:43:59,262
TEL ,2018-05-13 23:43:59,262
TEL ,2018-05-14 00:43:58,262
TEL ,2018-05-14 01:43:58,262
TEL ,2018-05-14 02:43:59,262
TEL ,2018-05-14 03:43:58,262
TEL ,2018-05-14 04:43:59,262
TEL ,2018-05-14 05:43:58,262
TEL ,2018-05-14 06:43:57,262
TEL ,2018-05-14 07:43:57,262
TEL ,2018-05-14 08:43:57,262
TEL ,2018-05-14 09:43:57,262
TEL ,2018-05-14 10:43:57,262
TEL ,2018-05-14 11:43:58,262
TEL ,2018-05-14 12:43:57,262
TEL ,2018-05-14 13:44:01,262
TEL ,2018-05-14 14:43:59,262
TEL ,2018-05-14 15:43:58,261
TEL ,2018-05-14 16:43:58,261
TEL ,2018-05-14 17:43:58,262
TEL ,2018-05-14 18:44:00,262
TEL ,2018-05-14 19:43:58,263
TEL ,2018-05-14 20:43:58,266
TEL ,2018-05-14 21:43:58,266
TEL ,2018-05-14 22:43:58,266
TEL ,2018-05-14 23:43:59,266
TEL ,2018-05-15 00:43:59,266
TEL ,2018-05-15 01:43:58,266
TEL ,2018-05-15 02:43:59,266
TEL ,2018-05-15 03:43:58,266
TEL ,2018-05-15 04:43:59,266
TEL ,2018-05-15 05:43:58,266
TEL ,2018-05-15 06:43:57,266
TEL ,2018-05-15 07:43:57,266
TEL ,2018-05-15 08:43:58,266
TEL ,2018-05-15 09:43:57,266
TEL ,2018-05-15 10:43:59,266
TEL ,2018-05-15 11:43:57,266
TEL ,2018-05-15 12:43:58,266
TEL ,2018-05-15 13:43:58,266
TEL ,2018-05-15 14:43:58,265
TEL ,2018-05-15 15:43:58,265
TEL ,2018-05-15 16:43:58,265
TEL ,2018-05-15 17:43:57,263
TEL ,2018-05-15 18:44:01,262
TEL ,2018-05-15 19:43:57,262
TEL ,2018-05-15 20:43:56,261
TEL ,2018-05-15 21:43:56,261
TEL ,2018-05-15 22:43:57,260
TEL ,2018-05-15 23:43:57,260
TEL ,2018-05-16 00:43:56,260
TEL ,2018-05-16 01:43:57,260
TEL ,2018-05-16 02:43:57,260
TEL ,2018-05-16 03:43:58,260
TEL ,2018-05-16 04:43:58,260
TEL ,2018-05-16 05:43:57,260
TEL ,2018-05-16 06:43:57,260
TEL ,2018-05-16 07:43:58,260
TEL ,2018-05-16 08:43:58,260
TEL ,2018-05-16 09:43:56,260
TEL ,2018-05-16 10:43:56,260
TEL ,2018-05-16 11:43:57,260
TEL ,2018-05-16 12:43:59,260
TEL ,2018-05-16 13:43:58,260
TEL ,2018-05-16 14:43:57,262
TEL ,2018-05-16 15:43:57,262
TEL ,2018-05-16 16:43:57,262
TEL ,2018-05-16 17:43:58,262
TEL ,2018-05-16 18:43:56,262
TEL ,2018-05-16 19:43:57,262
TEL ,2018-05-16 20:43:57,262
TEL ,2018-05-16 21:43:56,262
TEL ,2018-05-16 22:43:57,262
TEL ,2018-05-16 23:43:56,262
TEL ,2018-05-17 00:43:59,262
TEL ,2018-05-17 01:43:56,262
TEL ,2018-05-17 02:43:57,262
TEL ,2018-05-17 03:43:57,262
TEL ,2018-05-17 04:43:58,262
TEL ,2018-05-17 05:43:57,262
TEL ,2018-05-17 06:43:58,262
TEL ,2018-05-17 07:43:58,262
TEL ,2018-05-17 08:44:01,262
TEL ,2018-05-17 09:43:57,262
TEL ,2018-05-17 10:43:56,262
TEL ,2018-05-17 11:43:58,262
TEL ,2018-05-17 12:43:57,262
TEL ,2018-05-17 13:43:59,262
TEL ,2018-05-17 14:43:57,259
TEL ,2018-05-17 15:43:58,257
TEL ,2018-05-18 07:43:58,257
TEL ,2018-05-18 08:43:58,257
TEL ,2018-05-18 09:43:57,257
TEL ,2018-05-18 10:43:56,257
TEL ,2018-05-18 11:43:56,257
TEL ,2018-05-18 12:43:57,257
TEL ,2018-05-18 13:43:58,257
TEL ,2018-05-18 14:43:57,256
TEL ,2018-05-18 15:43:57,255
TEL ,2018-05-18 16:43:58,254
TEL ,2018-05-18 17:43:57,254
TEL ,2018-05-18 18:43:57,253
TEL ,2018-05-18 19:43:58,253
TEL ,2018-05-18 20:43:58,253
TEL ,2018-05-18 21:43:57,253
TEL ,2018-05-18 22:43:57,253
TEL ,2018-05-18 23:43:57,253
TEL ,2018-05-19 00:43:56,253
TEL ,2018-05-19 01:43:58,253
TEL ,2018-05-19 02:43:58,253
TEL ,2018-05-19 03:43:58,253
TEL ,2018-05-19 04:43:57,253
TEL ,2018-05-19 05:43:57,253
TEL ,2018-05-19 06:43:59,253
TEL ,2018-05-19 07:43:56,253
TEL ,2018-05-19 08:43:57,253
TEL ,2018-05-19 09:43:57,253
TEL ,2018-05-19 10:43:56,253
TEL ,2018-05-19 11:43:57,253
TEL ,2018-05-19 12:43:57,253
TEL ,2018-05-19 13:43:58,253
TEL ,2018-05-19 14:43:57,253
TEL ,2018-05-19 15:43:58,253
TEL ,2018-05-19 16:43:57,253
TEL ,2018-05-19 17:43:57,253
TEL ,2018-05-19 18:43:57,253
TEL ,2018-05-19 19:43:57,253
TEL ,2018-05-19 20:43:57,253
TEL ,2018-05-19 21:43:57,253
TEL ,2018-05-19 22:43:56,253
TEL ,2018-05-19 23:43:56,253
TEL ,2018-05-20 00:43:57,253
TEL ,2018-05-20 01:43:58,253
TEL ,2018-05-20 02:43:57,253
TEL ,2018-05-20 03:43:56,253
TEL ,2018-05-20 04:43:57,253
TEL ,2018-05-20 05:43:57,253
TEL ,2018-05-20 06:43:56,253
TEL ,2018-05-20 07:43:56,253
TEL ,2018-05-20 08:43:57,253
TEL ,2018-05-20 09:43:57,253
TEL ,2018-05-20 10:43:57,253
TEL ,2018-05-20 11:43:56,253
TEL ,2018-05-20 12:43:56,253
TEL ,2018-05-20 13:43:56,253
TEL ,2018-05-20 14:43:59,253
TEL ,2018-05-20 15:43:57,253
TEL ,2018-05-20 16:43:57,253
TEL ,2018-05-20 17:43:58,253
TEL ,2018-05-20 18:43:57,253
TEL ,2018-05-20 19:43:56,253
TEL ,2018-05-20 20:43:56,253
TEL ,2018-05-20 21:43:56,253
TEL ,2018-05-20 22:43:57,253
TEL ,2018-05-20 23:43:57,253
TEL ,2018-05-21 00:43:58,253
TEL ,2018-05-21 01:44:10,253
TEL ,2018-05-21 02:44:04,253
TEL ,2018-05-21 03:43:58,253
TEL ,2018-05-21 04:44:01,253
TEL ,2018-05-21 05:43:57,253
TEL ,2018-05-21 06:43:57,253
TEL ,2018-05-21 07:43:57,253
TEL ,2018-05-21 08:44:00,253
TEL ,2018-05-21 09:43:57,254
TEL ,2018-05-21 10:43:56,254
TEL ,2018-05-21 11:43:57,254
TEL ,2018-05-21 12:44:01,254
TEL ,2018-05-21 13:43:58,254
TEL ,2018-05-21 14:43:58,253
TEL ,2018-05-21 15:43:57,254
TEL ,2018-05-21 16:43:57,255
TEL ,2018-05-21 17:43:56,256
TEL ,2018-05-21 18:43:57,256
TEL ,2018-05-21 19:43:57,255
TEL ,2018-05-21 20:43:57,255
TEL ,2018-05-21 21:43:57,255
TEL ,2018-05-21 22:43:56,255
TEL ,2018-05-21 23:43:56,255
TEL ,2018-05-22 00:43:57,255
TEL ,2018-05-22 01:43:58,255
TEL ,2018-05-22 02:43:57,255
TEL ,2018-05-22 03:43:57,255
TEL ,2018-05-22 04:43:58,255
TEL ,2018-05-22 05:43:56,255
TEL ,2018-05-22 06:43:56,255
TEL ,2018-05-22 07:43:57,255
TEL ,2018-05-22 08:44:03,255
TEL ,2018-05-22 09:43:56,255
TEL ,2018-05-22 10:43:57,255
TEL ,2018-05-22 11:43:56,255
TEL ,2018-05-22 12:43:58,255
TEL ,2018-05-22 13:44:00,255
TEL ,2018-05-22 14:43:59,258
TEL ,2018-05-22 15:43:59,259
TEL ,2018-05-22 16:43:58,259
TEL ,2018-05-22 17:43:57,260
TEL ,2018-05-22 18:43:58,261
TEL ,2018-05-22 19:43:58,261
TEL ,2018-05-22 20:43:59,262
TEL ,2018-05-22 21:43:57,262
TEL ,2018-05-22 22:43:58,262
TEL ,2018-05-22 23:43:58,262
TEL ,2018-05-23 00:43:57,262
TEL ,2018-05-23 01:43:58,262
TEL ,2018-05-23 02:43:57,262
TEL ,2018-05-23 03:43:59,262
TEL ,2018-05-23 04:43:58,262
TEL ,2018-05-23 05:43:59,262
TEL ,2018-05-23 06:43:59,262
TEL ,2018-05-23 07:44:02,262
TEL ,2018-05-23 08:43:58,262
TEL ,2018-05-23 09:43:58,262
TEL ,2018-05-23 10:43:59,262
TEL ,2018-05-23 11:43:58,262
TEL ,2018-05-23 12:43:57,262
TEL ,2018-05-23 13:43:58,262
TEL ,2018-05-23 14:43:58,261
TEL ,2018-05-23 15:43:58,262
TEL ,2018-05-23 16:44:00,261
TEL ,2018-05-23 17:43:58,261
TEL ,2018-05-23 18:43:57,261
TEL ,2018-05-23 19:43:58,261
TEL ,2018-05-23 20:43:59,263
TEL ,2018-05-23 21:43:58,263
TEL ,2018-05-23 22:43:57,263
TEL ,2018-05-23 23:43:57,263
TEL ,2018-05-24 00:43:57,263
TEL ,2018-05-24 01:43:57,263
TEL ,2018-05-24 02:43:58,263
TEL ,2018-05-24 03:43:57,263
TEL ,2018-05-24 04:43:56,263
TEL ,2018-05-24 06:43:58,263
TEL ,2018-05-24 07:43:57,263
TEL ,2018-05-24 08:43:57,263
TEL ,2018-05-24 09:43:57,263
TEL ,2018-05-24 10:43:58,263
TEL ,2018-05-24 11:43:57,263
TEL ,2018-05-24 12:43:57,263
TEL ,2018-05-24 20:13:05,261
TEL ,2018-05-24 20:43:57,261
TEL ,2018-05-24 21:43:58,261
TEL ,2018-05-24 22:43:58,261
TEL ,2018-05-24 23:43:58,261
TEL ,2018-05-25 00:43:58,261
TEL ,2018-05-25 01:43:59,261
TEL ,2018-05-25 02:43:58,261
TEL ,2018-05-25 03:43:58,261
TEL ,2018-05-25 04:43:58,261
TEL ,2018-05-25 05:43:59,261
TEL ,2018-05-25 06:43:58,261
TEL ,2018-05-25 07:43:58,261
TEL ,2018-05-25 08:43:58,261
TEL ,2018-05-25 09:43:57,261
TEL ,2018-05-25 10:43:58,261
TEL ,2018-05-25 11:43:58,261
TEL ,2018-05-25 12:43:58,261
TEL ,2018-05-25 13:43:58,261
TEL ,2018-05-25 14:43:58,260
TEL ,2018-05-25 15:43:58,260
TEL ,2018-05-25 16:43:58,260
TEL ,2018-05-25 17:43:57,260
TEL ,2018-05-25 18:43:58,259
TEL ,2018-05-25 19:43:58,259
TEL ,2018-05-25 20:43:58,258
TEL ,2018-05-25 21:43:57,258
TEL ,2018-05-25 22:43:57,258
TEL ,2018-05-25 23:43:58,258
TEL ,2018-05-26 00:43:58,258
TEL ,2018-05-26 01:43:58,258
TEL ,2018-05-26 02:43:58,258
TEL ,2018-05-26 03:43:58,258
TEL ,2018-05-26 04:43:57,258
TEL ,2018-05-26 05:43:58,258
TEL ,2018-05-26 06:43:58,258
TEL ,2018-05-26 07:43:58,258
TEL ,2018-05-26 08:43:59,258
TEL ,2018-05-26 09:43:57,258
TEL ,2018-05-26 10:43:57,258
TEL ,2018-05-26 11:43:57,258
TEL ,2018-05-26 12:43:58,258
TEL ,2018-05-26 13:43:59,258
TEL ,2018-05-26 14:43:58,258
TEL ,2018-05-26 15:43:58,258
TEL ,2018-05-26 16:43:58,258
TEL ,2018-05-26 17:43:58,258
TEL ,2018-05-26 18:43:59,258
TEL ,2018-05-26 19:44:01,258
TEL ,2018-05-26 20:43:58,258
TEL ,2018-05-26 21:43:57,258
TEL ,2018-05-26 22:43:58,258
TEL ,2018-05-26 23:43:58,258
TEL ,2018-05-27 00:43:58,258
TEL ,2018-05-27 01:43:58,258
TEL ,2018-05-27 02:43:58,258
TEL ,2018-05-27 03:43:57,258
TEL ,2018-05-27 04:43:58,258
TEL ,2018-05-27 05:43:59,258
TEL ,2018-05-27 06:43:58,258
TEL ,2018-05-27 07:43:57,258
TEL ,2018-05-27 08:43:57,258
TEL ,2018-05-27 09:43:57,258
TEL ,2018-05-27 10:43:57,258
TEL ,2018-05-27 11:43:57,258
TEL ,2018-05-27 12:43:57,258
TEL ,2018-05-27 13:43:59,258
TEL ,2018-05-27 14:43:58,258
TEL ,2018-05-27 15:43:58,258
TEL ,2018-05-27 16:43:58,258
TEL ,2018-05-27 17:43:57,258
TEL ,2018-05-27 18:43:58,258
TEL ,2018-05-27 19:43:57,258
TEL ,2018-05-27 20:43:58,258
TEL ,2018-05-27 21:43:59,258
TEL ,2018-05-27 22:43:59,258
TEL ,2018-05-27 23:43:58,258
TEL ,2018-05-28 00:43:58,258
TEL ,2018-05-28 01:43:57,258
TEL ,2018-05-28 02:43:58,258
TEL ,2018-05-28 03:43:58,258
TEL ,2018-05-28 04:43:58,258
TEL ,2018-05-28 05:43:57,258
TEL ,2018-05-28 06:43:58,258
TEL ,2018-05-28 07:43:57,258
TEL ,2018-05-28 08:43:57,258
TEL ,2018-05-28 09:43:58,258
TEL ,2018-05-28 10:43:57,258
TEL ,2018-05-28 11:43:58,258
TEL ,2018-05-28 12:43:57,258
TEL ,2018-05-28 13:43:58,258
TEL ,2018-05-28 14:43:57,258
TEL ,2018-05-28 15:43:58,258
TEL ,2018-05-28 16:43:57,258
TEL ,2018-05-28 17:43:58,258
TEL ,2018-05-28 18:43:58,258
TEL ,2018-05-28 19:43:58,258
TEL ,2018-05-28 20:43:58,258
TEL ,2018-05-28 21:43:58,258
TEL ,2018-05-28 22:43:58,258
TEL ,2018-05-28 23:43:58,258
TEL ,2018-05-29 00:43:58,258
TEL ,2018-05-29 01:43:57,258
TEL ,2018-05-29 02:43:58,258
TEL ,2018-05-29 03:43:58,258
TEL ,2018-05-29 04:43:58,258
TEL ,2018-05-29 05:43:58,258
TEL ,2018-05-29 06:43:58,258
TEL ,2018-05-29 07:43:57,258
TEL ,2018-05-29 08:44:04,258
TEL ,2018-05-29 09:43:58,258
TEL ,2018-05-29 10:43:57,258
TEL ,2018-05-29 11:43:57,258
TEL ,2018-05-29 12:43:58,258
TEL ,2018-05-30 19:54:39,257
TEL ,2018-05-30 20:43:58,256
TEL ,2018-05-30 21:43:58,256
TEL ,2018-05-30 22:43:58,256
TEL ,2018-05-30 23:43:58,256
TEL ,2018-05-31 00:43:58,256
TEL ,2018-05-31 01:43:59,256
TEL ,2018-05-31 02:43:58,256
TEL ,2018-05-31 03:44:02,256
TEL ,2018-05-31 04:43:57,256
TEL ,2018-05-31 05:43:57,256
TEL ,2018-05-31 06:43:58,256
TEL ,2018-05-31 07:43:57,256
TEL ,2018-05-31 08:43:58,256
TEL ,2018-05-31 09:43:58,256
TEL ,2018-05-31 10:43:58,256
TEL ,2018-05-31 11:43:58,256
TEL ,2018-05-31 12:43:58,256
TEL ,2018-05-31 13:43:59,256
TEL ,2018-05-31 14:43:58,257
TEL ,2018-05-31 15:43:58,257
TEL ,2018-05-31 16:43:57,257
TEL ,2018-05-31 17:43:58,257
TEL ,2018-05-31 18:43:59,256
TEL ,2018-05-31 19:43:58,256
TEL ,2018-05-31 20:43:59,256
TEL ,2018-05-31 21:43:57,256
TEL ,2018-05-31 22:43:58,256
TEL ,2018-05-31 23:43:58,256
TEL ,2018-06-01 00:43:58,256
TEL ,2018-06-01 01:43:58,256
TEL ,2018-06-01 02:43:58,256
TEL ,2018-06-01 03:43:58,256
TEL ,2018-06-01 04:43:57,256
TEL ,2018-06-01 05:43:57,256
TEL ,2018-06-01 06:43:59,256
TEL ,2018-06-01 07:43:59,256
TEL ,2018-06-01 08:44:00,256
TEL ,2018-06-01 09:43:57,256
TEL ,2018-06-01 10:43:57,256
TEL ,2018-06-01 11:43:58,256
TEL ,2018-06-01 12:43:57,256
TEL ,2018-06-01 13:44:06,256
TEL ,2018-06-01 14:43:59,257
TEL ,2018-06-01 15:44:00,258
TEL ,2018-06-01 16:43:59,258
TEL ,2018-06-01 17:44:00,258
TEL ,2018-06-01 18:43:59,258
TEL ,2018-06-01 19:44:00,257
TEL ,2018-06-01 20:43:59,257
TEL ,2018-06-01 21:43:59,257
TEL ,2018-06-01 22:43:59,257
TEL ,2018-06-01 23:43:59,257
TEL ,2018-06-02 00:43:59,257
TEL ,2018-06-02 01:43:59,257
TEL ,2018-06-02 02:44:00,257
TEL ,2018-06-02 03:43:59,257
TEL ,2018-06-02 04:43:59,257
TEL ,2018-06-02 05:44:00,257
TEL ,2018-06-02 06:43:59,257
TEL ,2018-06-02 07:43:59,257
TEL ,2018-06-02 08:43:58,257
TEL ,2018-06-02 09:44:00,257
TEL ,2018-06-02 10:43:58,257
TEL ,2018-06-02 11:43:58,257
TEL ,2018-06-02 12:44:00,257
TEL ,2018-06-02 13:44:00,257
TEL ,2018-06-02 14:44:00,257
TEL ,2018-06-02 15:44:00,257
TEL ,2018-06-02 16:43:59,257
TEL ,2018-06-02 17:43:59,257
TEL ,2018-06-02 18:43:58,257
TEL ,2018-06-02 19:44:00,257
TEL ,2018-06-02 20:44:00,257
TEL ,2018-06-02 21:43:59,257
TEL ,2018-06-02 22:43:59,257
TEL ,2018-06-02 23:44:00,257
TEL ,2018-06-03 00:43:58,257
TEL ,2018-06-03 01:43:59,257
TEL ,2018-06-03 02:43:59,257
TEL ,2018-06-03 03:43:58,257
TEL ,2018-06-03 04:43:58,257
TEL ,2018-06-03 05:43:59,257
TEL ,2018-06-03 06:43:59,257
TEL ,2018-06-03 19:46:15,257
TEL ,2018-06-03 20:44:00,257
TEL ,2018-06-03 21:43:59,257
TEL ,2018-06-03 22:43:59,257
TEL ,2018-06-03 23:43:59,257
TEL ,2018-06-04 00:43:59,257
TEL ,2018-06-04 01:43:59,257
TEL ,2018-06-04 02:43:59,257
TEL ,2018-06-04 03:43:58,257
TEL ,2018-06-04 04:44:01,257
TEL ,2018-06-04 05:43:59,257
TEL ,2018-06-04 06:43:59,257
TEL ,2018-06-04 07:43:59,257
TEL ,2018-06-04 08:43:59,257
TEL ,2018-06-04 09:43:59,257
TEL ,2018-06-04 10:43:52,257
TEL ,2018-06-04 11:43:52,257
TEL ,2018-06-04 12:43:52,257
TEL ,2018-06-04 13:43:54,257
TEL ,2018-06-04 14:43:54,259
TEL ,2018-06-04 15:43:54,258
TEL ,2018-06-04 16:43:53,259
TEL ,2018-06-04 17:43:54,259
TEL ,2018-06-04 18:43:54,258
TEL ,2018-06-04 19:43:55,259
TEL ,2018-06-04 20:43:55,259
TEL ,2018-06-04 21:43:54,259
TEL ,2018-06-04 22:43:55,259
TEL ,2018-06-04 23:43:55,259
TEL ,2018-06-05 00:43:55,259
TEL ,2018-06-05 01:43:55,259
TEL ,2018-06-05 02:43:55,259
TEL ,2018-06-05 03:43:54,259
TEL ,2018-06-05 04:43:56,259
TEL ,2018-06-05 05:43:55,259
TEL ,2018-06-05 06:43:55,259
TEL ,2018-06-05 07:43:54,259
TEL ,2018-06-05 08:43:55,259
TEL ,2018-06-05 09:43:55,259
TEL ,2018-06-05 10:43:55,259
TEL ,2018-06-05 11:43:54,259
TEL ,2018-06-05 12:43:54,259
TEL ,2018-06-05 13:43:57,259
TEL ,2018-06-05 14:43:56,258
TEL ,2018-06-05 15:43:55,257
TEL ,2018-06-05 16:43:56,257
TEL ,2018-06-05 17:43:54,258
TEL ,2018-06-05 18:43:54,258
TEL ,2018-06-05 19:43:55,258
TEL ,2018-06-05 20:43:56,258
TEL ,2018-06-05 21:43:56,258
TEL ,2018-06-05 22:43:56,258
TEL ,2018-06-05 23:43:56,258
TEL ,2018-06-06 00:43:56,258
TEL ,2018-06-06 01:43:56,258
TEL ,2018-06-06 02:43:56,258
TEL ,2018-06-06 03:43:57,258
TEL ,2018-06-06 04:43:56,258
TEL ,2018-06-06 05:43:56,258
TEL ,2018-06-06 06:43:56,258
TEL ,2018-06-06 07:43:55,258
TEL ,2018-06-06 08:43:56,258
TEL ,2018-06-06 09:43:56,258
TEL ,2018-06-06 10:43:55,258
TEL ,2018-06-06 11:43:55,258
TEL ,2018-06-06 12:43:56,258
TEL ,2018-06-06 13:43:57,258
TEL ,2018-06-06 14:43:56,258
TEL ,2018-06-06 15:43:57,258
TEL ,2018-06-06 16:43:57,258
TEL ,2018-06-06 17:43:56,257
TEL ,2018-06-06 18:43:57,260
TEL ,2018-06-06 19:43:56,259
TEL ,2018-06-06 20:43:55,260
TEL ,2018-06-06 21:43:57,260
TEL ,2018-06-06 22:43:58,260
TEL ,2018-06-06 23:43:59,260
TEL ,2018-06-07 00:43:59,260
TEL ,2018-06-07 01:43:59,260
TEL ,2018-06-07 02:44:00,260
TEL ,2018-06-07 03:43:59,260
TEL ,2018-06-07 04:43:59,260
TEL ,2018-06-07 05:44:00,260
TEL ,2018-06-07 06:43:59,260
TEL ,2018-06-07 07:43:59,260
TEL ,2018-06-07 08:43:59,260
TEL ,2018-06-07 09:43:59,260
TEL ,2018-06-07 10:43:59,260
TEL ,2018-06-07 11:43:59,260
TEL ,2018-06-07 12:43:59,260
TEL ,2018-06-07 13:43:59,260
TEL ,2018-06-07 14:44:00,258
TEL ,2018-06-07 15:43:59,254
TEL ,2018-06-07 16:44:00,251
TEL ,2018-06-07 17:44:00,250
TEL ,2018-06-07 18:43:58,249
TEL ,2018-06-07 19:43:59,249
TEL ,2018-06-07 20:43:59,248
TEL ,2018-06-07 21:43:58,248
TEL ,2018-06-07 22:43:59,248
TEL ,2018-06-07 23:44:00,248
TEL ,2018-06-08 00:43:59,248
TEL ,2018-06-08 01:43:58,248
TEL ,2018-06-08 02:43:59,248
TEL ,2018-06-08 03:43:59,248
TEL ,2018-06-08 04:44:00,248
TEL ,2018-06-08 05:43:58,248
TEL ,2018-06-08 06:44:00,248
TEL ,2018-06-08 07:44:00,248
TEL ,2018-06-08 08:43:59,248
TEL ,2018-06-08 09:43:58,248
TEL ,2018-06-08 10:43:59,248
TEL ,2018-06-08 11:43:58,248
TEL ,2018-06-08 12:44:01,248
TEL ,2018-06-08 13:44:01,249
TEL ,2018-06-08 14:44:00,249
TEL ,2018-06-08 15:43:59,249
TEL ,2018-06-08 16:44:01,249
TEL ,2018-06-08 17:44:00,250
TEL ,2018-06-08 18:44:00,249
TEL ,2018-06-08 19:44:00,249
TEL ,2018-06-08 20:44:00,250
TEL ,2018-06-08 21:44:00,250
TEL ,2018-06-08 22:44:00,250
TEL ,2018-06-08 23:44:00,250
TEL ,2018-06-09 00:44:00,250
TEL ,2018-06-09 01:44:00,250
TEL ,2018-06-09 02:43:59,250
TEL ,2018-06-09 03:44:00,250
TEL ,2018-06-09 04:44:01,250
TEL ,2018-06-09 05:44:00,250
TEL ,2018-06-09 06:44:02,250
TEL ,2018-06-09 07:43:59,250
TEL ,2018-06-09 08:43:59,250
TEL ,2018-06-09 09:44:00,250
TEL ,2018-06-09 10:44:00,250
TEL ,2018-06-09 11:44:01,250
TEL ,2018-06-09 12:44:01,250
TEL ,2018-06-09 13:44:01,250
TEL ,2018-06-09 14:44:01,250
TEL ,2018-06-09 15:44:02,250
TEL ,2018-06-09 16:44:00,250
TEL ,2018-06-09 17:44:01,250
TEL ,2018-06-09 18:44:02,250
TEL ,2018-06-09 19:44:01,250
TEL ,2018-06-09 20:44:01,250
TEL ,2018-06-09 21:44:01,250
TEL ,2018-06-09 22:44:00,250
TEL ,2018-06-09 23:44:00,250
TEL ,2018-06-10 00:44:00,250
TEL ,2018-06-10 01:44:00,250
TEL ,2018-06-10 02:44:00,250
TEL ,2018-06-10 03:44:00,250
TEL ,2018-06-10 04:44:01,250
TEL ,2018-06-10 05:44:00,250
TEL ,2018-06-10 06:44:00,250
TEL ,2018-06-10 07:44:01,250
TEL ,2018-06-10 08:44:00,250
TEL ,2018-06-10 09:44:00,250
TEL ,2018-06-10 10:44:01,250
TEL ,2018-06-10 11:44:00,250
TEL ,2018-06-10 12:44:00,250
TEL ,2018-06-10 13:43:59,250
TEL ,2018-06-10 14:44:01,250
TEL ,2018-06-10 15:43:59,250
TEL ,2018-06-10 16:44:01,250
TEL ,2018-06-10 17:44:00,250
TEL ,2018-06-10 18:44:01,250
TEL ,2018-06-10 19:44:00,250
TEL ,2018-06-10 20:43:59,250
TEL ,2018-06-10 21:43:59,250
TEL ,2018-06-10 22:44:00,250
TEL ,2018-06-10 23:44:00,250
TEL ,2018-06-11 00:44:00,250
TEL ,2018-06-11 01:43:59,250
TEL ,2018-06-11 02:43:59,250
TEL ,2018-06-11 03:44:00,250
TEL ,2018-06-11 04:44:00,250
TEL ,2018-06-11 06:43:59,250
TEL ,2018-06-11 07:44:00,250
TEL ,2018-06-11 08:44:00,250
TEL ,2018-06-11 09:43:59,250
TEL ,2018-06-11 10:43:59,250
TEL ,2018-06-11 11:43:58,250
TEL ,2018-06-11 12:44:00,250
TEL ,2018-06-11 13:44:01,250
TEL ,2018-06-11 14:44:00,248
TEL ,2018-06-11 15:44:00,247
TEL ,2018-06-11 16:44:00,247
TEL ,2018-06-11 17:43:59,247
TEL ,2018-06-11 18:44:00,247
TEL ,2018-06-11 19:43:59,247
TEL ,2018-06-11 20:44:00,247
TEL ,2018-06-11 21:43:59,247
TEL ,2018-06-11 22:43:59,247
TEL ,2018-06-11 23:44:00,247
TEL ,2018-06-12 00:44:00,247
TEL ,2018-06-12 01:44:01,247
TEL ,2018-06-12 02:44:00,247
TEL ,2018-06-12 03:44:01,247
TEL ,2018-06-12 04:44:00,247
TEL ,2018-06-12 05:44:00,247
TEL ,2018-06-12 06:44:01,247
TEL ,2018-06-12 07:44:01,247
TEL ,2018-06-12 08:44:00,247
TEL ,2018-06-12 09:43:59,247
TEL ,2018-06-12 10:43:58,247
TEL ,2018-06-12 11:43:58,247
TEL ,2018-06-12 12:43:59,247
TEL ,2018-06-12 13:44:01,247
TEL ,2018-06-12 14:44:00,249
TEL ,2018-06-12 15:44:00,249
TEL ,2018-06-12 16:44:00,249
TEL ,2018-06-12 17:43:59,249
TEL ,2018-06-12 18:44:00,249
TEL ,2018-06-12 19:44:00,249
TEL ,2018-06-12 20:43:59,249
TEL ,2018-06-12 21:44:00,249
TEL ,2018-06-12 22:43:59,249
TEL ,2018-06-12 23:44:01,249
TEL ,2018-06-13 00:44:00,249
TEL ,2018-06-13 01:43:59,249
TEL ,2018-06-13 02:43:59,249
TEL ,2018-06-13 03:44:00,249
TEL ,2018-06-13 04:44:01,249
TEL ,2018-06-13 05:44:00,249
TEL ,2018-06-13 06:44:01,249
TEL ,2018-06-13 07:44:00,249
TEL ,2018-06-13 08:44:01,249
TEL ,2018-06-13 09:44:00,249
TEL ,2018-06-13 10:43:59,249
TEL ,2018-06-13 11:43:59,249
TEL ,2018-06-13 12:44:00,249
TEL ,2018-06-13 13:44:02,249
TEL ,2018-06-13 14:44:01,251
TEL ,2018-06-13 15:44:00,251
TEL ,2018-06-13 16:44:00,251
TEL ,2018-06-13 17:44:00,251
TEL ,2018-06-13 18:44:01,251
TEL ,2018-06-13 19:44:00,251
TEL ,2018-06-13 20:44:00,251
TEL ,2018-06-13 21:44:01,251
TEL ,2018-06-13 22:43:59,251
TEL ,2018-06-13 23:44:00,251
TEL ,2018-06-14 00:44:01,251
TEL ,2018-06-14 01:44:01,251
TEL ,2018-06-14 02:44:00,251
TEL ,2018-06-14 03:44:01,251
TEL ,2018-06-14 04:44:00,251
TEL ,2018-06-14 05:44:01,251
TEL ,2018-06-14 06:44:00,251
TEL ,2018-06-14 07:44:00,251
TEL ,2018-06-14 08:44:00,251
TEL ,2018-06-14 09:43:58,251
TEL ,2018-06-14 10:43:59,251
TEL ,2018-06-14 11:44:01,251
TEL ,2018-06-14 12:44:01,251
TEL ,2018-06-14 13:44:01,251
TEL ,2018-06-14 14:44:00,250
TEL ,2018-06-14 15:44:01,250
TEL ,2018-06-14 16:43:59,250
TEL ,2018-06-14 17:43:59,250
TEL ,2018-06-14 18:44:00,249
TEL ,2018-06-14 19:44:01,249
TEL ,2018-06-14 20:44:00,248
TEL ,2018-06-14 21:44:00,248
TEL ,2018-06-14 22:44:01,248
TEL ,2018-06-14 23:44:00,248
TEL ,2018-06-15 00:44:00,248
TEL ,2018-06-15 01:43:59,248
TEL ,2018-06-15 02:44:00,248
TEL ,2018-06-15 03:44:00,248
TEL ,2018-06-15 04:44:01,248
TEL ,2018-06-15 05:44:02,248
TEL ,2018-06-15 06:44:01,248
TEL ,2018-06-15 07:43:59,248
TEL ,2018-06-15 08:43:59,248
TEL ,2018-06-15 09:43:59,248
TEL ,2018-06-15 10:44:00,248
TEL ,2018-06-15 11:43:59,248
TEL ,2018-06-15 12:44:00,248
TEL ,2018-06-15 13:44:01,248
TEL ,2018-06-15 14:44:01,246
TEL ,2018-06-15 15:44:00,246
TEL ,2018-06-15 16:44:00,246
TEL ,2018-06-15 17:43:59,243
TEL ,2018-06-15 18:44:01,243
TEL ,2018-06-15 19:44:00,241
TEL ,2018-06-15 20:44:00,241
TEL ,2018-06-15 21:43:59,241
TEL ,2018-06-15 22:44:00,241
TEL ,2018-06-15 23:44:00,241
TEL ,2018-06-16 00:44:00,241
TEL ,2018-06-16 01:44:00,241
TEL ,2018-06-16 02:44:02,241
TEL ,2018-06-16 03:44:00,241
TEL ,2018-06-16 04:44:02,241
TEL ,2018-06-16 05:44:02,241
TEL ,2018-06-16 06:44:01,241
TEL ,2018-06-16 07:43:59,241
TEL ,2018-06-16 08:44:00,241
TEL ,2018-06-16 09:44:00,241
TEL ,2018-06-16 10:43:59,241
TEL ,2018-06-16 11:44:01,241
TEL ,2018-06-16 12:44:00,241
TEL ,2018-06-16 13:44:01,241
TEL ,2018-06-16 14:44:01,241
TEL ,2018-06-16 15:44:00,241
TEL ,2018-06-16 16:44:01,241
TEL ,2018-06-16 17:44:00,241
TEL ,2018-06-16 18:44:00,241
TEL ,2018-06-16 19:44:00,241
TEL ,2018-06-16 20:44:00,241
TEL ,2018-06-16 21:44:00,241
TEL ,2018-06-16 22:44:01,241
TEL ,2018-06-16 23:44:00,241
TEL ,2018-06-17 00:44:00,241
TEL ,2018-06-17 01:44:00,241
TEL ,2018-06-17 02:44:03,241
TEL ,2018-06-17 03:44:00,241
TEL ,2018-06-17 04:44:00,241
TEL ,2018-06-17 05:44:00,241
TEL ,2018-06-17 06:43:59,241
TEL ,2018-06-17 07:44:00,241
TEL ,2018-06-17 08:44:00,241
TEL ,2018-06-17 09:43:59,241
TEL ,2018-06-17 10:43:59,241
TEL ,2018-06-17 11:43:59,241
TEL ,2018-06-17 12:44:00,241
TEL ,2018-06-17 13:44:00,241
TEL ,2018-06-17 14:44:00,241
TEL ,2018-06-17 15:43:59,241
TEL ,2018-06-17 16:43:59,241
TEL ,2018-06-17 17:44:00,241
TEL ,2018-06-17 18:43:59,241
TEL ,2018-06-17 19:44:01,241
TEL ,2018-06-17 20:44:01,241
TEL ,2018-06-17 21:44:00,241
TEL ,2018-06-17 22:44:00,241
TEL ,2018-06-17 23:44:00,241
TEL ,2018-06-18 00:44:01,241
TEL ,2018-06-18 01:44:00,241
TEL ,2018-06-18 02:44:01,241
TEL ,2018-06-18 03:44:00,241
TEL ,2018-06-18 04:44:00,241
TEL ,2018-06-18 05:44:00,241
TEL ,2018-06-18 06:43:59,241
TEL ,2018-06-18 07:43:59,241
TEL ,2018-06-18 08:44:06,241
TEL ,2018-06-18 09:44:00,241
TEL ,2018-06-18 10:43:59,241
TEL ,2018-06-18 11:44:00,241
TEL ,2018-06-18 12:43:59,241
TEL ,2018-06-18 13:44:02,241
TEL ,2018-06-18 14:44:00,240
TEL ,2018-06-18 15:44:00,242
TEL ,2018-06-18 16:44:00,242
TEL ,2018-06-18 17:43:59,242
TEL ,2018-06-18 18:44:01,243
TEL ,2018-06-18 19:44:00,242
TEL ,2018-06-18 20:44:00,242
TEL ,2018-06-18 21:43:59,242
TEL ,2018-06-18 22:44:00,242
TEL ,2018-06-18 23:44:00,242
TEL ,2018-06-19 00:44:00,242
TEL ,2018-06-19 01:43:59,242
TEL ,2018-06-19 02:44:01,242
TEL ,2018-06-19 03:44:00,242
TEL ,2018-06-19 04:44:00,242
TEL ,2018-06-19 05:44:00,242
TEL ,2018-06-19 06:44:00,242
TEL ,2018-06-19 07:44:02,242
TEL ,2018-06-19 08:44:01,242
TEL ,2018-06-19 09:43:59,242
TEL ,2018-06-19 10:44:00,242
TEL ,2018-06-19 11:44:00,242
TEL ,2018-06-19 12:44:00,242
TEL ,2018-06-19 13:44:03,242
TEL ,2018-06-19 14:44:00,242
TEL ,2018-06-19 15:44:00,242
TEL ,2018-06-19 16:44:00,242
TEL ,2018-06-19 17:44:00,242
TEL ,2018-06-19 18:44:00,242
TEL ,2018-06-19 19:44:00,242
TEL ,2018-06-19 20:43:59,241
TEL ,2018-06-19 21:44:00,241
TEL ,2018-06-19 22:43:59,241
TEL ,2018-06-19 23:44:01,241
TEL ,2018-06-20 00:44:10,241
TEL ,2018-06-20 01:44:02,241
TEL ,2018-06-20 02:43:59,241
TEL ,2018-06-20 03:44:01,241
TEL ,2018-06-20 04:44:00,241
TEL ,2018-06-20 05:43:59,241
TEL ,2018-06-20 06:44:00,241
TEL ,2018-06-20 07:44:00,241
TEL ,2018-06-20 08:44:00,241
TEL ,2018-06-20 09:43:59,241
TEL ,2018-06-20 10:44:00,241
TEL ,2018-06-20 11:43:59,241
TEL ,2018-06-20 12:44:00,241
TEL ,2018-06-20 14:08:34,243
TEL ,2018-06-20 14:44:02,243
TEL ,2018-06-20 15:44:01,242
TEL ,2018-06-20 16:44:01,242
TEL ,2018-06-20 17:44:00,242
TEL ,2018-06-20 18:44:00,242
TEL ,2018-06-20 19:44:01,242
TEL ,2018-06-20 20:43:59,242
TEL ,2018-06-20 21:44:00,242
TEL ,2018-06-20 22:44:00,242
TEL ,2018-06-20 23:44:00,242
TEL ,2018-06-21 00:44:00,242
TEL ,2018-06-21 01:44:00,242
TEL ,2018-06-21 02:44:00,242
TEL ,2018-06-21 03:44:00,242
TEL ,2018-06-21 04:44:00,242
TEL ,2018-06-21 05:44:02,242
TEL ,2018-06-21 06:43:59,242
TEL ,2018-06-21 07:44:00,242
TEL ,2018-06-21 08:44:01,242
TEL ,2018-06-21 09:43:59,242
TEL ,2018-06-21 10:44:00,242
TEL ,2018-06-21 11:43:59,242
TEL ,2018-06-21 12:44:00,242
TEL ,2018-06-21 13:44:01,242
TEL ,2018-06-21 14:44:02,242
TEL ,2018-06-21 15:44:02,242
TEL ,2018-06-21 16:44:01,243
TEL ,2018-06-21 17:44:01,243
TEL ,2018-06-21 18:44:01,243
TEL ,2018-06-21 19:44:02,243
TEL ,2018-06-21 20:44:02,243
TEL ,2018-06-21 21:44:02,243
TEL ,2018-06-21 22:44:01,243
TEL ,2018-06-21 23:44:01,243
TEL ,2018-06-22 00:44:01,243
TEL ,2018-06-22 01:44:00,243
TEL ,2018-06-22 02:44:01,243
TEL ,2018-06-22 03:44:01,243
TEL ,2018-06-22 04:44:01,243
TEL ,2018-06-22 05:44:02,243
TEL ,2018-06-22 06:44:01,243
TEL ,2018-06-22 07:44:00,243
TEL ,2018-06-22 08:44:02,243
TEL ,2018-06-22 09:44:01,243
TEL ,2018-06-22 10:44:01,243
TEL ,2018-06-22 11:44:01,243
TEL ,2018-06-22 12:44:01,243
TEL ,2018-06-22 13:44:03,243
TEL ,2018-06-22 15:08:04,242
TEL ,2018-06-22 15:44:02,242
TEL ,2018-06-22 16:44:02,241
TEL ,2018-06-22 17:44:02,241
TEL ,2018-06-22 18:44:01,242
TEL ,2018-06-22 19:44:02,241
TEL ,2018-06-22 20:44:01,241
TEL ,2018-06-22 21:44:01,241
TEL ,2018-06-22 22:44:01,241
TEL ,2018-06-22 23:44:01,241
TEL ,2018-06-23 00:44:19,241
TEL ,2018-06-23 01:45:16,241
TEL ,2018-06-23 02:44:01,241
TEL ,2018-06-23 03:44:02,241
TEL ,2018-06-23 04:44:01,241
TEL ,2018-06-23 05:44:01,241
TEL ,2018-06-23 06:44:01,241
TEL ,2018-06-23 07:44:01,241
TEL ,2018-06-23 08:44:01,241
TEL ,2018-06-23 09:44:01,241
TEL ,2018-06-23 10:44:01,241
TEL ,2018-06-23 11:44:02,241
TEL ,2018-06-23 12:44:00,241
TEL ,2018-06-23 13:44:01,241
TEL ,2018-06-23 14:44:01,241
TEL ,2018-06-23 15:44:02,241
TEL ,2018-06-23 16:44:02,241
TEL ,2018-06-23 17:44:01,241
TEL ,2018-06-23 18:44:01,241
TEL ,2018-06-23 19:44:01,241
TEL ,2018-06-23 20:44:02,241
TEL ,2018-06-23 21:44:01,241
TEL ,2018-06-23 22:44:01,241
TEL ,2018-06-23 23:44:00,241
TEL ,2018-06-24 00:44:21,241
TEL ,2018-06-24 01:44:01,241
TEL ,2018-06-24 02:44:00,241
TEL ,2018-06-24 03:44:05,241
TEL ,2018-06-24 04:44:01,241
TEL ,2018-06-24 05:44:01,241
TEL ,2018-06-24 06:44:02,241
TEL ,2018-06-24 07:44:01,241
TEL ,2018-06-24 08:44:01,241
TEL ,2018-06-24 09:44:01,241
TEL ,2018-06-24 10:44:45,241
TEL ,2018-06-24 11:44:01,241
TEL ,2018-06-24 12:44:02,241
TEL ,2018-06-24 13:44:01,241
TEL ,2018-06-24 14:44:15,241
TEL ,2018-06-24 15:44:23,241
TEL ,2018-06-24 16:44:00,241
TEL ,2018-06-24 17:44:01,241
TEL ,2018-06-24 18:44:01,241
TEL ,2018-06-24 19:44:01,241
TEL ,2018-06-24 20:44:01,241
TEL ,2018-06-24 21:44:01,241
TEL ,2018-06-24 22:44:01,241
TEL ,2018-06-24 23:44:01,241
TEL ,2018-06-25 00:44:01,241
TEL ,2018-06-25 01:44:01,241
TEL ,2018-06-25 02:44:02,241
TEL ,2018-06-25 03:44:12,241
TEL ,2018-06-25 04:44:08,241
TEL ,2018-06-25 05:44:03,241
TEL ,2018-06-25 06:44:01,241
TEL ,2018-06-25 07:44:00,241
TEL ,2018-06-25 08:44:02,241
TEL ,2018-06-25 09:44:02,241
TEL ,2018-06-25 10:44:01,241
TEL ,2018-06-25 11:44:01,241
TEL ,2018-06-25 12:44:00,241
TEL ,2018-06-25 13:44:03,241
TEL ,2018-06-25 14:44:01,241
TEL ,2018-06-25 15:44:01,241
TEL ,2018-06-25 16:44:00,241
TEL ,2018-06-25 17:44:01,241
TEL ,2018-06-25 18:44:01,241
TEL ,2018-06-25 19:44:01,242
TEL ,2018-06-25 20:44:02,242
TEL ,2018-06-25 21:44:02,242
TEL ,2018-06-25 22:44:00,242
TEL ,2018-06-26 01:12:27,242
TEL ,2018-06-26 01:44:01,242
TEL ,2018-06-26 02:44:01,242
TEL ,2018-06-26 03:44:15,242
TEL ,2018-06-26 04:44:13,242
TEL ,2018-06-26 05:44:03,242
TEL ,2018-06-26 06:44:01,242
TEL ,2018-06-26 07:44:02,242
TEL ,2018-06-26 08:44:02,242
TEL ,2018-06-26 09:44:03,242
TEL ,2018-06-26 10:44:06,242
TEL ,2018-06-26 11:44:10,242
TEL ,2018-06-26 12:44:17,242
TEL ,2018-06-26 13:44:04,242
TEL ,2018-06-26 14:44:02,242
TEL ,2018-06-26 15:44:19,242
TEL ,2018-06-26 16:44:02,242
TEL ,2018-06-26 17:44:01,242
TEL ,2018-06-26 18:44:01,242
TEL ,2018-06-26 19:44:02,242
TEL ,2018-06-26 20:44:02,242
TEL ,2018-06-26 21:44:01,242
TEL ,2018-06-26 22:44:01,242
TEL ,2018-06-26 23:44:01,242
TEL ,2018-06-27 00:44:02,242
TEL ,2018-06-27 01:44:00,242
TEL ,2018-06-27 02:44:01,242
TEL ,2018-06-27 03:44:04,242
TEL ,2018-06-27 04:44:07,242
TEL ,2018-06-27 05:44:03,242
TEL ,2018-06-27 06:44:02,242
TEL ,2018-06-27 07:44:00,242
TEL ,2018-06-27 08:44:00,242
TEL ,2018-06-27 09:44:01,242
TEL ,2018-06-27 10:44:01,242
TEL ,2018-06-27 11:44:01,242
TEL ,2018-06-27 12:44:02,242
TEL ,2018-06-27 13:44:23,242
TEL ,2018-06-27 14:44:21,244
TEL ,2018-06-27 15:44:22,243
TEL ,2018-06-27 16:44:03,244
TEL ,2018-06-27 17:44:01,243
TEL ,2018-06-27 18:44:02,243
TEL ,2018-06-27 19:44:03,242
TEL ,2018-06-27 20:44:01,242
TEL ,2018-06-27 21:44:01,242
TEL ,2018-06-27 22:44:00,242
TEL ,2018-06-27 23:44:01,242
TEL ,2018-06-28 00:44:02,242
TEL ,2018-06-28 01:44:01,242
TEL ,2018-06-28 02:44:09,242
TEL ,2018-06-28 03:44:18,242
TEL ,2018-06-28 04:44:16,242
TEL ,2018-06-28 05:44:12,242
TEL ,2018-06-28 06:44:02,242
TEL ,2018-06-28 07:44:02,242
TEL ,2018-06-28 08:44:02,242
TEL ,2018-06-28 09:44:00,242
TEL ,2018-06-28 10:44:02,242
TEL ,2018-06-28 11:44:01,242
TEL ,2018-06-28 12:44:01,242
TEL ,2018-06-28 13:44:03,242
TEL ,2018-06-28 14:44:20,239
TEL ,2018-06-28 15:44:23,239
TEL ,2018-06-28 16:44:00,239
TEL ,2018-06-28 17:44:02,239
TEL ,2018-06-28 18:44:00,239
TEL ,2018-06-28 19:44:06,239
TEL ,2018-06-28 20:44:02,239
TEL ,2018-06-28 21:44:02,239
TEL ,2018-06-28 22:44:01,239
TEL ,2018-06-28 23:44:03,239
TEL ,2018-06-29 00:44:03,239
TEL ,2018-06-29 01:44:02,239
TEL ,2018-06-29 02:44:02,239
TEL ,2018-06-29 03:44:13,239
TEL ,2018-06-29 04:44:06,239
TEL ,2018-06-29 05:44:05,239
TEL ,2018-06-29 06:44:04,239
TEL ,2018-06-29 07:44:03,239
TEL ,2018-06-29 08:44:04,239
TEL ,2018-06-29 09:44:03,239
TEL ,2018-06-29 10:44:01,239
TEL ,2018-06-29 11:44:02,239
TEL ,2018-06-29 12:44:07,239
TEL ,2018-06-29 13:44:04,239
TEL ,2018-06-29 14:44:03,240
TEL ,2018-06-29 15:44:03,241
TEL ,2018-06-29 16:44:02,241
TEL ,2018-06-29 17:44:02,241
TEL ,2018-06-29 18:44:03,241
TEL ,2018-06-29 19:44:08,241
TEL ,2018-06-29 20:44:02,241
TEL ,2018-06-29 21:44:05,241
TEL ,2018-06-29 22:44:04,241
TEL ,2018-06-29 23:44:05,241
TEL ,2018-06-30 00:44:05,241
TEL ,2018-06-30 01:44:01,241
TEL ,2018-06-30 02:44:03,241
TEL ,2018-06-30 03:44:14,241
TEL ,2018-06-30 04:44:09,241
TEL ,2018-06-30 05:44:08,241
TEL ,2018-06-30 06:44:07,241
TEL ,2018-06-30 07:44:02,241
TEL ,2018-06-30 08:44:02,241
TEL ,2018-06-30 09:44:01,241
TEL ,2018-06-30 10:44:03,241
TEL ,2018-06-30 11:44:05,241
TEL ,2018-06-30 12:44:10,241
TEL ,2018-06-30 13:44:21,241
TEL ,2018-06-30 14:44:06,241
TEL ,2018-06-30 15:44:19,241
TEL ,2018-06-30 16:44:07,241
TEL ,2018-06-30 17:44:02,241
TEL ,2018-06-30 18:44:02,241
TEL ,2018-06-30 19:44:11,241
TEL ,2018-06-30 20:44:02,241
TEL ,2018-06-30 21:44:02,241
TEL ,2018-06-30 22:44:02,241
TEL ,2018-06-30 23:44:02,241
TEL ,2018-07-01 00:44:02,241
TEL ,2018-07-01 01:44:03,241
TEL ,2018-07-01 02:44:02,241
TEL ,2018-07-01 03:44:02,241
TEL ,2018-07-01 04:44:02,241
TEL ,2018-07-01 05:44:02,241
TEL ,2018-07-01 06:44:02,241
TEL ,2018-07-01 07:44:02,241
TEL ,2018-07-01 08:44:02,241
TEL ,2018-07-01 09:44:03,241
TEL ,2018-07-01 10:44:02,241
TEL ,2018-07-01 11:44:02,241
TEL ,2018-07-01 12:44:03,241
TEL ,2018-07-01 13:44:02,241
TEL ,2018-07-01 14:44:02,241
TEL ,2018-07-01 15:44:03,241
TEL ,2018-07-01 16:44:05,241
TEL ,2018-07-01 17:44:03,241
TEL ,2018-07-01 18:44:02,241
TEL ,2018-07-01 19:44:05,241
TEL ,2018-07-01 20:44:03,241
TEL ,2018-07-01 21:44:03,241
TEL ,2018-07-01 22:44:02,241
TEL ,2018-07-01 23:44:02,241
TEL ,2018-07-02 00:44:03,241
TEL ,2018-07-02 01:44:04,241
TEL ,2018-07-02 02:44:03,241
TEL ,2018-07-02 03:44:02,241
TEL ,2018-07-02 04:44:02,241
TEL ,2018-07-02 05:44:03,241
TEL ,2018-07-02 06:44:03,241
TEL ,2018-07-02 07:44:02,241
TEL ,2018-07-02 08:44:03,241
TEL ,2018-07-02 09:44:03,241
TEL ,2018-07-02 10:44:01,241
TEL ,2018-07-02 11:44:01,241
TEL ,2018-07-02 12:44:02,241
TEL ,2018-07-02 13:44:03,241
TEL ,2018-07-02 14:44:02,242
TEL ,2018-07-02 15:44:03,242
TEL ,2018-07-02 16:44:04,242
TEL ,2018-07-02 17:44:03,242
TEL ,2018-07-02 18:44:02,242
TEL ,2018-07-02 19:44:05,242
TEL ,2018-07-02 20:44:02,242
TEL ,2018-07-02 21:44:02,242
TEL ,2018-07-02 22:44:03,242
TEL ,2018-07-02 23:44:03,242
TEL ,2018-07-03 00:53:38,242
TEL ,2018-07-03 01:44:02,242
TEL ,2018-07-03 02:44:02,242
TEL ,2018-07-03 03:44:02,242
TEL ,2018-07-03 04:44:03,242
TEL ,2018-07-03 05:44:02,242
TEL ,2018-07-03 06:44:01,242
TEL ,2018-07-03 07:44:02,242
TEL ,2018-07-03 08:44:02,242
TEL ,2018-07-03 09:44:03,242
TEL ,2018-07-03 10:44:01,242
TEL ,2018-07-03 11:44:01,242
TEL ,2018-07-03 12:44:02,242
TEL ,2018-07-03 13:44:03,242
TEL ,2018-07-03 14:44:03,244
TEL ,2018-07-03 15:44:02,245
TEL ,2018-07-03 16:44:02,245
TEL ,2018-07-03 17:44:03,245
TEL ,2018-07-03 18:44:01,245
TEL ,2018-07-03 19:44:07,245
TEL ,2018-07-03 20:44:02,245
TEL ,2018-07-03 21:44:02,245
TEL ,2018-07-03 22:44:02,245
TEL ,2018-07-03 23:44:01,245
TEL ,2018-07-04 00:44:02,245
TEL ,2018-07-04 01:44:03,245
TEL ,2018-07-04 02:44:03,245
TEL ,2018-07-04 03:44:03,245
TEL ,2018-07-04 04:44:01,245
TEL ,2018-07-04 05:44:02,245
TEL ,2018-07-04 06:44:03,245
TEL ,2018-07-04 07:44:02,245
TEL ,2018-07-04 08:44:05,245
TEL ,2018-07-04 09:44:02,245
TEL ,2018-07-04 10:44:03,245
TEL ,2018-07-04 11:44:02,245
TEL ,2018-07-04 12:44:02,245
TEL ,2018-07-04 13:44:03,245
TEL ,2018-07-04 14:44:02,245
TEL ,2018-07-04 15:44:02,245
TEL ,2018-07-04 16:44:02,245
TEL ,2018-07-04 17:44:02,245
TEL ,2018-07-04 18:44:02,245
TEL ,2018-07-04 19:44:03,245
TEL ,2018-07-04 20:44:03,245
TEL ,2018-07-04 21:44:02,245
TEL ,2018-07-04 22:44:01,245
TEL ,2018-07-04 23:44:02,245
TEL ,2018-07-05 00:44:01,245
TEL ,2018-07-05 01:44:02,245
TEL ,2018-07-05 02:44:03,245
TEL ,2018-07-05 03:44:03,245
TEL ,2018-07-05 04:44:02,245
TEL ,2018-07-05 05:44:01,245
TEL ,2018-07-05 06:44:01,245
TEL ,2018-07-05 07:44:02,245
TEL ,2018-07-05 08:44:03,245
TEL ,2018-07-05 09:44:02,245
TEL ,2018-07-05 10:44:02,245
TEL ,2018-07-05 11:44:03,245
TEL ,2018-07-05 12:44:02,245
TEL ,2018-07-05 13:44:03,245
TEL ,2018-07-05 14:44:02,245
TEL ,2018-07-05 15:44:03,245
TEL ,2018-07-05 16:44:02,245
TEL ,2018-07-05 17:44:04,246
TEL ,2018-07-05 18:44:01,246
TEL ,2018-07-05 19:44:09,246
TEL ,2018-07-05 20:44:01,246
TEL ,2018-07-05 21:44:03,246
TEL ,2018-07-05 22:44:03,246
TEL ,2018-07-05 23:44:02,246
TEL ,2018-07-06 00:44:02,246
TEL ,2018-07-06 01:44:03,246
TEL ,2018-07-06 02:44:02,246
TEL ,2018-07-06 03:44:03,246
TEL ,2018-07-06 04:44:03,246
TEL ,2018-07-06 05:44:02,246
TEL ,2018-07-06 06:44:02,246
TEL ,2018-07-06 07:44:02,246
TEL ,2018-07-06 08:44:03,246
TEL ,2018-07-06 09:44:02,246
TEL ,2018-07-06 10:44:03,246
TEL ,2018-07-06 11:44:06,246
TEL ,2018-07-06 12:44:03,246
TEL ,2018-07-06 13:44:06,246
TEL ,2018-07-06 14:44:04,245
TEL ,2018-07-06 15:44:05,245
TEL ,2018-07-06 16:44:04,245
TEL ,2018-07-06 17:44:04,245
TEL ,2018-07-06 18:44:02,245
TEL ,2018-07-06 19:44:08,245
TEL ,2018-07-06 20:44:03,243
TEL ,2018-07-06 21:44:02,243
TEL ,2018-07-06 22:44:02,243
TEL ,2018-07-06 23:44:02,243
TEL ,2018-07-07 00:44:02,243
TEL ,2018-07-07 01:44:02,243
TEL ,2018-07-07 02:44:04,243
TEL ,2018-07-07 03:44:03,243
TEL ,2018-07-07 04:44:03,243
TEL ,2018-07-07 05:44:02,243
TEL ,2018-07-07 06:44:02,243
TEL ,2018-07-07 07:44:02,243
TEL ,2018-07-07 08:44:03,243
TEL ,2018-07-07 09:44:02,243
TEL ,2018-07-07 10:44:02,243
TEL ,2018-07-07 11:44:02,243
TEL ,2018-07-07 12:44:03,243
TEL ,2018-07-07 13:44:03,243
TEL ,2018-07-07 14:44:03,243
TEL ,2018-07-07 15:44:02,243
TEL ,2018-07-07 16:44:03,243
TEL ,2018-07-07 17:44:03,243
TEL ,2018-07-07 18:44:04,243
TEL ,2018-07-07 19:44:08,243
TEL ,2018-07-07 20:44:03,243
TEL ,2018-07-07 21:44:02,243
TEL ,2018-07-07 22:44:04,243
TEL ,2018-07-07 23:44:03,243
TEL ,2018-07-08 00:44:03,243
TEL ,2018-07-08 01:44:03,243
TEL ,2018-07-08 02:44:04,243
TEL ,2018-07-08 03:44:04,243
TEL ,2018-07-08 04:44:04,243
TEL ,2018-07-08 05:44:03,243
TEL ,2018-07-08 06:44:03,243
TEL ,2018-07-08 07:44:03,243
TEL ,2018-07-08 08:44:02,243
TEL ,2018-07-08 09:44:03,243
TEL ,2018-07-08 10:44:02,243
TEL ,2018-07-08 11:44:03,243
TEL ,2018-07-08 12:44:03,243
TEL ,2018-07-08 13:44:02,243
TEL ,2018-07-08 14:44:02,243
TEL ,2018-07-08 15:44:03,243
TEL ,2018-07-08 16:44:03,243
TEL ,2018-07-08 17:44:02,243
TEL ,2018-07-08 18:44:04,243
TEL ,2018-07-08 19:44:12,243
TEL ,2018-07-08 20:44:04,243
TEL ,2018-07-08 21:44:03,243
TEL ,2018-07-08 22:44:02,243
TEL ,2018-07-08 23:44:02,243
TEL ,2018-07-09 00:44:03,243
TEL ,2018-07-09 01:44:03,243
TEL ,2018-07-09 02:44:03,243
TEL ,2018-07-09 03:44:05,243
TEL ,2018-07-09 04:44:02,243
TEL ,2018-07-09 05:44:03,243
TEL ,2018-07-09 06:44:02,243
TEL ,2018-07-09 07:44:02,243
TEL ,2018-07-09 08:44:03,243
TEL ,2018-07-09 09:44:03,243
TEL ,2018-07-09 10:44:03,243
TEL ,2018-07-09 11:44:02,243
TEL ,2018-07-09 12:44:02,243
TEL ,2018-07-09 13:44:10,243
TEL ,2018-07-09 14:44:03,244
TEL ,2018-07-09 15:44:04,245
TEL ,2018-07-09 16:44:03,245
TEL ,2018-07-09 17:44:03,245
TEL ,2018-07-09 18:44:05,245
TEL ,2018-07-09 19:44:26,245
TEL ,2018-07-09 20:44:03,244
TEL ,2018-07-09 21:44:03,244
TEL ,2018-07-09 22:44:03,244
TEL ,2018-07-09 23:44:03,244
TEL ,2018-07-10 00:44:03,244
TEL ,2018-07-10 01:44:05,244
TEL ,2018-07-10 02:44:03,244
TEL ,2018-07-10 03:44:04,244
TEL ,2018-07-10 04:44:03,244
TEL ,2018-07-10 05:44:03,244
TEL ,2018-07-10 06:44:03,244
TEL ,2018-07-10 07:44:02,244
TEL ,2018-07-10 08:44:03,244
TEL ,2018-07-10 09:44:02,244
TEL ,2018-07-10 10:44:02,244
TEL ,2018-07-10 11:44:02,244
TEL ,2018-07-10 12:44:02,244
TEL ,2018-07-10 13:44:11,244
TEL ,2018-07-10 14:44:07,243
TEL ,2018-07-10 15:44:04,244
TEL ,2018-07-10 16:44:03,244
TEL ,2018-07-10 17:44:05,245
TEL ,2018-07-10 18:44:02,245
TEL ,2018-07-10 19:44:10,243
TEL ,2018-07-10 20:44:03,244
TEL ,2018-07-10 21:44:02,244
TEL ,2018-07-10 22:44:09,244
TEL ,2018-07-10 23:44:03,244
TEL ,2018-07-11 00:44:04,244
TEL ,2018-07-11 01:44:04,244
TEL ,2018-07-11 02:44:04,244
TEL ,2018-07-11 03:44:04,244
TEL ,2018-07-11 04:44:04,244
TEL ,2018-07-11 05:44:04,244
TEL ,2018-07-11 06:44:04,244
TEL ,2018-07-11 07:44:03,244
TEL ,2018-07-11 08:44:03,244
TEL ,2018-07-11 09:44:03,244
TEL ,2018-07-11 10:44:03,244
TEL ,2018-07-11 11:44:02,244
TEL ,2018-07-11 12:44:02,244
TEL ,2018-07-11 13:44:06,244
TEL ,2018-07-11 14:44:05,244
TEL ,2018-07-11 15:44:04,242
TEL ,2018-07-11 16:44:03,243
TEL ,2018-07-11 17:44:02,243
TEL ,2018-07-11 18:44:03,244
TEL ,2018-07-11 19:44:05,244
TEL ,2018-07-11 20:44:03,244
TEL ,2018-07-11 21:44:02,244
TEL ,2018-07-11 22:44:03,244
TEL ,2018-07-11 23:44:03,244
TEL ,2018-07-12 00:44:03,244
TEL ,2018-07-12 01:44:02,244
TEL ,2018-07-12 02:44:04,244
TEL ,2018-07-12 03:44:03,244
TEL ,2018-07-12 04:44:04,244
TEL ,2018-07-12 05:44:05,244
TEL ,2018-07-12 06:44:04,244
TEL ,2018-07-12 07:44:03,244
TEL ,2018-07-12 08:44:03,244
TEL ,2018-07-12 09:44:04,244
TEL ,2018-07-12 10:44:02,244
TEL ,2018-07-12 11:44:02,244
TEL ,2018-07-12 12:44:03,244
TEL ,2018-07-12 13:44:06,244
TEL ,2018-07-12 14:44:05,244
TEL ,2018-07-12 15:44:05,245
TEL ,2018-07-12 16:44:07,245
TEL ,2018-07-12 17:44:04,246
TEL ,2018-07-12 18:44:05,246
TEL ,2018-07-12 19:44:19,246
TEL ,2018-07-12 20:44:02,246
TEL ,2018-07-12 21:44:02,246
TEL ,2018-07-12 22:44:04,246
TEL ,2018-07-12 23:44:05,246
TEL ,2018-07-13 00:44:04,246
TEL ,2018-07-13 01:44:04,246
TEL ,2018-07-13 02:44:04,246
TEL ,2018-07-13 03:44:05,246
TEL ,2018-07-13 04:44:05,246
TEL ,2018-07-13 05:44:05,246
TEL ,2018-07-13 06:44:05,246
TEL ,2018-07-13 07:44:03,246
TEL ,2018-07-13 08:44:05,246
TEL ,2018-07-13 09:44:03,246
TEL ,2018-07-13 10:44:03,246
TEL ,2018-07-13 11:44:03,246
TEL ,2018-07-13 12:44:04,246
TEL ,2018-07-13 13:44:10,246
TEL ,2018-07-13 14:44:06,245
TEL ,2018-07-13 15:44:07,245
TEL ,2018-07-13 16:44:05,244
TEL ,2018-07-13 17:44:05,244
TEL ,2018-07-13 18:44:06,243
TEL ,2018-07-13 19:44:06,243
TEL ,2018-07-13 20:44:04,243
TEL ,2018-07-13 21:44:02,243
TEL ,2018-07-13 22:44:04,243
TEL ,2018-07-13 23:44:05,243
TEL ,2018-07-14 00:44:04,243
TEL ,2018-07-14 01:44:03,243
TEL ,2018-07-14 02:44:04,243
TEL ,2018-07-14 03:44:04,243
TEL ,2018-07-14 04:44:04,243
TEL ,2018-07-14 05:44:03,243
TEL ,2018-07-14 06:44:03,243
TEL ,2018-07-14 07:44:03,243
TEL ,2018-07-14 08:44:03,243
TEL ,2018-07-14 09:44:04,243
TEL ,2018-07-14 10:44:04,243
TEL ,2018-07-14 11:44:04,243
TEL ,2018-07-14 12:44:04,243
TEL ,2018-07-14 13:44:05,243
TEL ,2018-07-14 14:44:04,243
TEL ,2018-07-14 15:44:04,243
TEL ,2018-07-14 16:44:04,243
TEL ,2018-07-14 17:44:04,243
TEL ,2018-07-14 18:44:05,243
TEL ,2018-07-14 19:44:08,243
TEL ,2018-07-14 20:44:04,243
TEL ,2018-07-14 21:44:04,243
TEL ,2018-07-14 22:44:05,243
TEL ,2018-07-14 23:44:04,243
TEL ,2018-07-15 00:44:03,243
TEL ,2018-07-15 01:44:04,243
TEL ,2018-07-15 02:44:05,243
TEL ,2018-07-15 03:44:04,243
TEL ,2018-07-15 04:44:03,243
TEL ,2018-07-15 05:44:03,243
TEL ,2018-07-15 06:44:04,243
TEL ,2018-07-15 07:44:03,243
TEL ,2018-07-15 08:44:04,243
TEL ,2018-07-15 09:44:04,243
TEL ,2018-07-15 10:44:03,243
TEL ,2018-07-15 11:44:03,243
TEL ,2018-07-15 12:44:04,243
TEL ,2018-07-15 13:44:04,243
TEL ,2018-07-15 14:44:03,243
TEL ,2018-07-15 15:44:05,243
TEL ,2018-07-15 16:44:05,243
TEL ,2018-07-15 17:44:04,243
TEL ,2018-07-15 18:44:03,243
TEL ,2018-07-15 19:44:16,243
TEL ,2018-07-15 20:44:05,243
TEL ,2018-07-15 21:44:11,243
TEL ,2018-07-15 22:44:05,243
TEL ,2018-07-15 23:44:05,243
TEL ,2018-07-16 00:44:04,243
TEL ,2018-07-16 01:44:04,243
TEL ,2018-07-16 02:44:04,243
TEL ,2018-07-16 03:44:05,243
TEL ,2018-07-16 04:44:05,243
TEL ,2018-07-16 05:44:04,243
TEL ,2018-07-16 06:44:05,243
TEL ,2018-07-16 07:44:13,243
TEL ,2018-07-16 08:44:06,243
TEL ,2018-07-16 09:44:03,243
TEL ,2018-07-16 10:44:03,243
TEL ,2018-07-16 11:44:03,243
TEL ,2018-07-16 12:44:03,243
TEL ,2018-07-16 13:44:17,243
TEL ,2018-07-16 14:44:05,243
TEL ,2018-07-16 15:44:06,242
TEL ,2018-07-16 16:44:05,242
TEL ,2018-07-16 17:44:06,242
TEL ,2018-07-16 18:44:05,242
TEL ,2018-07-16 19:44:43,242
TEL ,2018-07-16 20:44:05,241
TEL ,2018-07-16 21:44:05,241
TEL ,2018-07-16 22:44:04,241
TEL ,2018-07-16 23:44:04,241
TEL ,2018-07-17 00:44:15,241
TEL ,2018-07-17 01:44:05,241
TEL ,2018-07-17 02:44:04,241
TEL ,2018-07-17 03:44:04,241
TEL ,2018-07-17 04:44:05,241
TEL ,2018-07-17 05:44:06,241
TEL ,2018-07-17 06:44:05,241
TEL ,2018-07-17 07:44:15,241
TEL ,2018-07-17 08:44:04,241
TEL ,2018-07-17 09:44:03,241
TEL ,2018-07-17 10:44:04,241
TEL ,2018-07-17 11:44:03,241
TEL ,2018-07-17 12:44:04,241
TEL ,2018-07-17 13:44:09,241
TEL ,2018-07-17 14:44:06,241
TEL ,2018-07-17 15:44:05,241
TEL ,2018-07-17 16:44:05,242
TEL ,2018-07-17 17:44:05,241
TEL ,2018-07-17 18:44:06,241
TEL ,2018-07-17 19:44:27,241
TEL ,2018-07-17 20:44:04,241
TEL ,2018-07-17 21:44:04,241
TEL ,2018-07-17 22:44:03,241
TEL ,2018-07-17 23:44:07,241
TEL ,2018-07-18 00:44:09,241
TEL ,2018-07-18 01:44:07,241
TEL ,2018-07-18 02:44:18,241
TEL ,2018-07-18 03:44:09,241
TEL ,2018-07-18 04:44:08,241
TEL ,2018-07-18 05:44:10,241
TEL ,2018-07-18 06:44:07,241
TEL ,2018-07-18 07:44:07,241
TEL ,2018-07-18 08:44:12,241
TEL ,2018-07-18 09:44:07,241
TEL ,2018-07-18 10:44:07,241
TEL ,2018-07-18 11:44:07,241
TEL ,2018-07-18 12:44:06,241
TEL ,2018-07-18 13:44:13,241
TEL ,2018-07-18 14:44:11,242
TEL ,2018-07-18 15:44:09,242
TEL ,2018-07-18 16:44:10,242
TEL ,2018-07-18 17:44:10,242
TEL ,2018-07-18 18:44:09,243
TEL ,2018-07-18 19:44:18,243
TEL ,2018-07-18 20:44:07,243
TEL ,2018-07-18 21:44:08,243
TEL ,2018-07-18 22:44:09,243
TEL ,2018-07-18 23:44:08,243
TEL ,2018-07-19 00:44:08,243
TEL ,2018-07-19 01:44:08,243
TEL ,2018-07-19 02:44:09,243
TEL ,2018-07-19 03:44:14,243
TEL ,2018-07-19 04:44:16,243
TEL ,2018-07-19 05:44:12,243
TEL ,2018-07-19 06:44:12,243
TEL ,2018-07-19 07:44:19,243
TEL ,2018-07-19 08:44:09,243
TEL ,2018-07-19 09:44:08,243
TEL ,2018-07-19 10:44:08,243
TEL ,2018-07-19 11:44:08,243
TEL ,2018-07-19 12:44:08,243
TEL ,2018-07-19 13:44:13,243
TEL ,2018-07-19 14:44:10,243
TEL ,2018-07-19 15:44:10,243
TEL ,2018-07-19 16:44:09,243
TEL ,2018-07-19 17:44:10,242
TEL ,2018-07-19 18:44:10,242
TEL ,2018-07-19 19:44:13,242
TEL ,2018-07-19 20:44:10,241
TEL ,2018-07-19 21:44:09,241
TEL ,2018-07-19 22:44:10,241
TEL ,2018-07-19 23:44:12,241
TEL ,2018-07-20 00:44:09,241
TEL ,2018-07-20 01:44:09,241
TEL ,2018-07-20 02:44:10,241
TEL ,2018-07-20 03:44:13,241
TEL ,2018-07-20 04:44:14,241
TEL ,2018-07-20 05:44:14,241
TEL ,2018-07-20 06:44:13,241
TEL ,2018-07-20 07:44:12,241
TEL ,2018-07-20 08:44:08,241
TEL ,2018-07-20 09:44:21,241
TEL ,2018-07-20 10:44:08,241
TEL ,2018-07-20 11:44:07,241
TEL ,2018-07-20 12:44:07,241
TEL ,2018-07-20 14:07:43,242
TEL ,2018-07-20 14:44:10,242
TEL ,2018-07-20 15:44:11,243
TEL ,2018-07-20 16:44:10,243
TEL ,2018-07-20 17:44:09,243
TEL ,2018-07-20 18:44:11,243
TEL ,2018-07-20 19:44:21,243
TEL ,2018-07-20 20:44:08,243
TEL ,2018-07-20 21:44:08,243
TEL ,2018-07-20 22:44:07,243
TEL ,2018-07-20 23:44:10,243
TEL ,2018-07-21 00:44:09,243
TEL ,2018-07-21 01:44:10,243
TEL ,2018-07-21 02:44:11,243
TEL ,2018-07-21 03:44:16,243
TEL ,2018-07-21 04:44:09,243
TEL ,2018-07-21 05:44:08,243
TEL ,2018-07-21 06:44:09,243
TEL ,2018-07-21 07:44:08,243
TEL ,2018-07-21 08:44:07,243
TEL ,2018-07-21 09:44:09,243
TEL ,2018-07-21 10:44:08,243
TEL ,2018-07-21 11:44:07,243
TEL ,2018-07-21 12:44:08,243
TEL ,2018-07-21 13:44:09,243
TEL ,2018-07-21 14:44:09,243
TEL ,2018-07-21 15:44:09,243
TEL ,2018-07-21 16:44:11,243
TEL ,2018-07-21 17:44:08,243
TEL ,2018-07-21 18:44:10,243
TEL ,2018-07-21 19:44:14,243
TEL ,2018-07-21 20:44:08,243
TEL ,2018-07-21 21:44:08,243
TEL ,2018-07-21 22:44:08,243
TEL ,2018-07-21 23:44:09,243
TEL ,2018-07-22 00:44:08,243
TEL ,2018-07-22 01:44:08,243
TEL ,2018-07-22 02:44:09,243
TEL ,2018-07-22 03:44:10,243
TEL ,2018-07-22 04:44:09,243
TEL ,2018-07-22 05:44:08,243
TEL ,2018-07-22 06:44:22,243
TEL ,2018-07-22 07:44:19,243
TEL ,2018-07-22 08:44:08,243
TEL ,2018-07-22 09:44:07,243
TEL ,2018-07-22 10:44:07,243
TEL ,2018-07-22 11:44:07,243
TEL ,2018-07-22 12:44:09,243
TEL ,2018-07-22 13:44:08,243
TEL ,2018-07-22 14:44:12,243
TEL ,2018-07-22 15:44:08,243
TEL ,2018-07-22 16:44:09,243
TEL ,2018-07-22 17:44:08,243
TEL ,2018-07-22 18:44:08,243
TEL ,2018-07-22 19:44:18,243
TEL ,2018-07-22 20:44:08,243
TEL ,2018-07-22 21:44:08,243
TEL ,2018-07-22 22:44:08,243
TEL ,2018-07-22 23:44:08,243
TEL ,2018-07-23 00:44:08,243
TEL ,2018-07-23 01:44:08,243
TEL ,2018-07-23 02:44:09,243
TEL ,2018-07-23 03:44:08,243
TEL ,2018-07-23 04:44:08,243
TEL ,2018-07-23 05:44:07,243
TEL ,2018-07-23 06:44:07,243
TEL ,2018-07-23 07:44:08,243
TEL ,2018-07-23 08:44:11,243
TEL ,2018-07-23 09:44:14,243
TEL ,2018-07-23 23:44:22,243
TEL ,2018-07-24 00:44:09,243
TEL ,2018-07-24 01:44:09,243
TEL ,2018-07-24 02:44:10,243
TEL ,2018-07-24 03:44:08,243
TEL ,2018-07-24 04:44:08,243
TEL ,2018-07-24 05:44:07,243
TEL ,2018-07-24 06:44:08,243
TEL ,2018-07-24 07:44:07,243
TEL ,2018-07-24 08:44:08,243
TEL ,2018-07-24 09:44:07,243
TEL ,2018-07-24 10:44:08,243
TEL ,2018-07-24 11:44:08,243
TEL ,2018-07-24 12:44:08,243
TEL ,2018-07-24 13:44:21,243
TEL ,2018-07-24 14:44:09,242
TEL ,2018-07-24 15:44:09,243
TEL ,2018-07-24 16:44:10,243
TEL ,2018-07-24 17:44:09,242
TEL ,2018-07-24 18:44:08,242
TEL ,2018-07-24 19:44:09,243
TEL ,2018-07-24 20:44:07,243
TEL ,2018-07-24 21:44:07,243
TEL ,2018-07-24 22:44:08,243
TEL ,2018-07-24 23:44:08,243
TEL ,2018-07-25 00:44:08,243
TEL ,2018-07-25 01:44:08,243
TEL ,2018-07-25 02:44:08,243
TEL ,2018-07-25 03:44:09,243
TEL ,2018-07-25 04:44:09,243
TEL ,2018-07-25 05:44:07,243
TEL ,2018-07-25 06:44:08,243
TEL ,2018-07-25 07:44:07,243
TEL ,2018-07-25 08:44:08,243
TEL ,2018-07-25 09:44:08,243
TEL ,2018-07-25 10:44:07,243
TEL ,2018-07-25 11:44:07,243
TEL ,2018-07-25 12:44:08,243
TEL ,2018-07-25 13:44:16,243
TEL ,2018-07-25 14:44:11,241
TEL ,2018-07-25 15:44:12,242
TEL ,2018-07-25 16:44:12,242
TEL ,2018-07-25 17:44:17,242
TEL ,2018-07-25 18:44:12,242
TEL ,2018-07-25 19:44:11,242
TEL ,2018-07-25 20:44:11,241
TEL ,2018-07-25 21:44:11,241
TEL ,2018-07-25 22:44:10,241
TEL ,2018-07-25 23:44:09,241
TEL ,2018-07-26 00:44:09,241
TEL ,2018-07-26 01:44:10,241
TEL ,2018-07-26 02:44:11,241
TEL ,2018-07-26 03:44:11,241
TEL ,2018-07-26 04:44:10,241
TEL ,2018-07-26 05:44:10,241
TEL ,2018-07-26 06:44:10,241
TEL ,2018-07-26 07:44:09,241
TEL ,2018-07-26 08:44:09,241
TEL ,2018-07-26 09:44:10,241
TEL ,2018-07-26 10:44:09,241
TEL ,2018-07-26 11:44:09,241
TEL ,2018-07-26 12:44:10,241
TEL ,2018-07-26 14:44:12,240
TEL ,2018-07-26 15:44:12,238
TEL ,2018-07-26 16:44:11,239
TEL ,2018-07-26 17:44:11,240
TEL ,2018-07-26 18:44:11,240
TEL ,2018-07-26 19:44:12,240
TEL ,2018-07-26 20:44:10,240
TEL ,2018-07-26 21:44:09,240
TEL ,2018-07-26 22:44:09,240
TEL ,2018-07-26 23:44:10,240
TEL ,2018-07-27 00:44:10,240
TEL ,2018-07-27 01:44:10,240
TEL ,2018-07-27 02:44:09,240
TEL ,2018-07-27 03:44:10,240
TEL ,2018-07-27 04:44:10,240
TEL ,2018-07-27 05:44:11,240
TEL ,2018-07-27 06:44:10,240
TEL ,2018-07-27 07:44:09,240
TEL ,2018-07-27 08:44:08,240
TEL ,2018-07-27 09:44:08,240
TEL ,2018-07-27 10:44:09,240
TEL ,2018-07-27 11:44:08,240
TEL ,2018-07-27 12:44:09,240
TEL ,2018-07-27 13:44:16,240
TEL ,2018-07-27 14:44:12,240
TEL ,2018-07-27 15:44:10,240
TEL ,2018-07-27 16:44:10,239
TEL ,2018-07-27 17:44:10,239
TEL ,2018-07-27 18:44:10,239
TEL ,2018-07-27 19:44:10,239
TEL ,2018-07-27 20:44:09,239
TEL ,2018-07-27 21:44:09,239
TEL ,2018-07-27 22:44:08,239
TEL ,2018-07-27 23:44:09,239
TEL ,2018-07-28 00:44:09,239
TEL ,2018-07-28 01:44:09,239
TEL ,2018-07-28 02:44:09,239
TEL ,2018-07-28 03:44:10,239
TEL ,2018-07-28 04:44:09,239
TEL ,2018-07-28 05:44:09,239
TEL ,2018-07-28 06:44:09,239
TEL ,2018-07-28 07:44:09,239
TEL ,2018-07-28 08:44:09,239
TEL ,2018-07-28 09:44:09,239
TEL ,2018-07-28 10:44:08,239
TEL ,2018-07-28 11:44:08,239
TEL ,2018-07-28 12:44:09,239
TEL ,2018-07-28 13:44:08,239
TEL ,2018-07-28 14:44:08,239
TEL ,2018-07-28 15:44:10,239
TEL ,2018-07-28 16:44:09,239
TEL ,2018-07-28 17:44:10,239
TEL ,2018-07-28 18:44:10,239
TEL ,2018-07-28 19:44:30,239
TEL ,2018-07-28 20:44:21,239
TEL ,2018-07-28 21:44:09,239
TEL ,2018-07-28 22:44:09,239
TEL ,2018-07-28 23:44:10,239
TEL ,2018-07-29 00:44:09,239
TEL ,2018-07-29 01:44:10,239
TEL ,2018-07-29 02:44:09,239
TEL ,2018-07-29 03:44:08,239
TEL ,2018-07-29 04:44:10,239
TEL ,2018-07-29 05:44:10,239
TEL ,2018-07-29 06:44:10,239
TEL ,2018-07-29 07:44:09,239
TEL ,2018-07-29 08:44:09,239
TEL ,2018-07-29 09:44:09,239
TEL ,2018-07-29 10:44:09,239
TEL ,2018-07-29 11:44:08,239
TEL ,2018-07-29 12:44:10,239
TEL ,2018-07-29 13:44:10,239
TEL ,2018-07-29 14:44:09,239
TEL ,2018-07-29 15:44:08,239
TEL ,2018-07-29 16:44:10,239
TEL ,2018-07-29 17:44:10,239
TEL ,2018-07-29 18:44:09,239
TEL ,2018-07-29 19:44:10,239
TEL ,2018-07-29 20:44:10,239
TEL ,2018-07-29 21:44:10,239
TEL ,2018-07-29 22:44:10,239
TEL ,2018-07-29 23:44:10,239
TEL ,2018-07-30 00:44:09,239
TEL ,2018-07-30 01:44:10,239
TEL ,2018-07-30 02:44:09,239
TEL ,2018-07-30 03:44:10,239
TEL ,2018-07-30 04:44:09,239
TEL ,2018-07-30 05:44:09,239
TEL ,2018-07-30 06:44:08,239
TEL ,2018-07-30 07:44:09,239
TEL ,2018-07-30 08:44:09,239
TEL ,2018-07-30 09:44:10,239
TEL ,2018-07-30 10:44:08,239
TEL ,2018-07-30 11:44:09,239
TEL ,2018-07-30 12:44:09,239
TEL ,2018-07-30 13:44:16,239
TEL ,2018-07-30 14:44:13,240
TEL ,2018-07-30 15:44:10,240
TEL ,2018-07-30 16:44:12,240
TEL ,2018-07-30 17:44:11,241
TEL ,2018-07-30 18:44:09,241
TEL ,2018-07-30 19:44:12,240
TEL ,2018-07-30 20:44:09,240
TEL ,2018-07-30 21:44:09,240
TEL ,2018-07-30 22:44:10,240
TEL ,2018-07-30 23:44:09,240
TEL ,2018-07-31 00:44:11,240
TEL ,2018-07-31 01:44:10,240
TEL ,2018-07-31 02:44:09,240
TEL ,2018-07-31 03:44:09,240
TEL ,2018-07-31 04:44:09,240
TEL ,2018-07-31 05:44:09,240
TEL ,2018-07-31 06:44:09,240
TEL ,2018-07-31 07:44:10,240
TEL ,2018-07-31 08:44:34,240
TEL ,2018-07-31 09:51:05,240
TEL ,2018-07-31 10:44:09,240
TEL ,2018-07-31 11:44:08,240
TEL ,2018-07-31 12:44:09,240
TEL ,2018-07-31 13:44:18,240
TEL ,2018-07-31 14:44:11,240
TEL ,2018-07-31 15:44:10,239
TEL ,2018-07-31 16:44:10,239
TEL ,2018-07-31 17:44:10,239
TEL ,2018-07-31 18:44:10,239
TEL ,2018-07-31 19:44:11,239
TEL ,2018-07-31 20:44:10,239
TEL ,2018-07-31 21:44:09,239
TEL ,2018-07-31 22:44:10,239
TEL ,2018-07-31 23:44:10,239
TEL ,2018-08-01 00:44:11,239
TEL ,2018-08-01 01:44:09,239
TEL ,2018-08-01 02:44:09,239
TEL ,2018-08-01 03:44:10,239
TEL ,2018-08-01 04:44:10,239
TEL ,2018-08-01 05:44:10,239
TEL ,2018-08-01 06:44:09,239
TEL ,2018-08-01 07:44:09,239
TEL ,2018-08-01 08:44:10,239
TEL ,2018-08-01 09:44:09,239
TEL ,2018-08-01 10:44:09,239
TEL ,2018-08-01 11:44:10,239
TEL ,2018-08-01 12:44:09,239
TEL ,2018-08-01 14:09:18,238
TEL ,2018-08-01 14:44:12,238
TEL ,2018-08-01 15:44:12,238
TEL ,2018-08-01 16:44:12,238
TEL ,2018-08-01 17:44:13,238
TEL ,2018-08-01 18:44:11,238
TEL ,2018-08-01 19:45:41,238
TEL ,2018-08-01 20:44:10,238
TEL ,2018-08-01 21:44:10,238
TEL ,2018-08-01 22:44:09,238
TEL ,2018-08-01 23:44:10,238
TEL ,2018-08-02 00:44:12,238
TEL ,2018-08-02 01:44:11,238
TEL ,2018-08-02 02:44:11,238
TEL ,2018-08-02 03:44:10,238
TEL ,2018-08-02 04:44:11,238
TEL ,2018-08-02 05:44:10,238
TEL ,2018-08-02 06:44:10,238
TEL ,2018-08-02 07:44:10,238
TEL ,2018-08-02 08:44:10,238
TEL ,2018-08-02 09:44:11,238
TEL ,2018-08-02 10:44:10,238
TEL ,2018-08-02 11:44:10,238
TEL ,2018-08-02 12:44:10,238
TEL ,2018-08-02 13:44:16,238
TEL ,2018-08-02 14:44:14,238
TEL ,2018-08-02 15:44:14,238
TEL ,2018-08-02 16:44:11,237
TEL ,2018-08-02 17:44:13,237
TEL ,2018-08-02 18:44:12,237
TEL ,2018-08-02 19:44:13,237
TEL ,2018-08-02 20:44:11,237
TEL ,2018-08-02 21:44:10,237
TEL ,2018-08-02 22:44:10,237
TEL ,2018-08-02 23:44:10,237
TEL ,2018-08-03 00:44:10,237
TEL ,2018-08-03 01:44:12,237
TEL ,2018-08-03 02:44:11,237
TEL ,2018-08-03 03:44:11,237
TEL ,2018-08-03 04:44:11,237
TEL ,2018-08-03 05:44:11,237
TEL ,2018-08-03 06:44:11,237
TEL ,2018-08-03 07:44:09,237
TEL ,2018-08-03 08:44:11,237
TEL ,2018-08-03 09:44:10,237
TEL ,2018-08-03 10:44:11,237
TEL ,2018-08-03 11:46:12,237
TEL ,2018-08-03 13:09:09,237
TEL ,2018-08-03 13:44:16,237
TEL ,2018-08-03 14:44:12,237
TEL ,2018-08-03 15:44:10,236
TEL ,2018-08-03 16:44:11,236
TEL ,2018-08-03 17:44:10,236
TEL ,2018-08-03 18:44:11,236
TEL ,2018-08-03 19:44:10,237
TEL ,2018-08-03 20:44:11,237
TEL ,2018-08-03 21:44:09,237
TEL ,2018-08-03 22:44:10,238
TEL ,2018-08-03 23:44:10,238
TEL ,2018-08-04 00:44:10,238
TEL ,2018-08-04 01:44:10,238
TEL ,2018-08-04 02:44:11,238
TEL ,2018-08-04 03:44:10,238
TEL ,2018-08-04 04:44:10,238
TEL ,2018-08-04 05:44:11,238
TEL ,2018-08-04 06:44:11,238
TEL ,2018-08-04 07:44:11,238
TEL ,2018-08-04 08:44:10,238
TEL ,2018-08-04 09:44:11,238
TEL ,2018-08-04 10:44:10,238
TEL ,2018-08-04 11:44:10,238
TEL ,2018-08-04 12:44:09,238
TEL ,2018-08-04 13:44:12,238
TEL ,2018-08-04 14:44:10,238
TEL ,2018-08-04 15:44:11,238
TEL ,2018-08-04 16:44:10,238
TEL ,2018-08-04 17:44:10,238
TEL ,2018-08-04 18:44:11,238
TEL ,2018-08-04 19:44:11,238
TEL ,2018-08-04 20:44:10,238
TEL ,2018-08-04 21:44:09,238
TEL ,2018-08-04 22:44:09,238
TEL ,2018-08-04 23:44:11,238
TEL ,2018-08-05 00:44:09,238
TEL ,2018-08-05 01:44:10,238
TEL ,2018-08-05 02:44:11,238
TEL ,2018-08-05 03:44:10,238
TEL ,2018-08-05 04:44:10,238
TEL ,2018-08-05 05:44:10,238
TEL ,2018-08-05 06:44:11,238
TEL ,2018-08-05 07:44:09,238
TEL ,2018-08-05 08:44:10,238
TEL ,2018-08-05 09:44:10,238
TEL ,2018-08-05 10:44:10,238
TEL ,2018-08-05 11:44:10,238
TEL ,2018-08-05 12:44:10,238
TEL ,2018-08-05 13:44:10,238
TEL ,2018-08-05 14:44:10,238
TEL ,2018-08-05 15:44:10,238
TEL ,2018-08-05 16:44:11,238
TEL ,2018-08-05 17:44:10,238
TEL ,2018-08-05 18:44:10,238
TEL ,2018-08-05 19:44:11,238
TEL ,2018-08-05 20:44:10,238
TEL ,2018-08-05 21:44:11,238
TEL ,2018-08-05 22:44:09,238
TEL ,2018-08-05 23:44:11,238
TEL ,2018-08-06 00:44:10,238
TEL ,2018-08-06 01:44:09,238
TEL ,2018-08-06 02:44:10,238
TEL ,2018-08-06 03:44:10,238
TEL ,2018-08-06 04:44:10,238
TEL ,2018-08-06 05:44:09,238
TEL ,2018-08-06 06:44:09,238
TEL ,2018-08-06 07:44:10,238
TEL ,2018-08-06 08:44:10,238
TEL ,2018-08-06 09:44:10,238
TEL ,2018-08-06 10:44:10,238
TEL ,2018-08-06 11:44:09,238
TEL ,2018-08-06 12:44:10,238
TEL ,2018-08-06 13:44:14,238
TEL ,2018-08-06 14:44:12,238
TEL ,2018-08-06 15:44:11,238
TEL ,2018-08-06 16:44:36,239
TEL ,2018-08-06 17:44:12,240
TEL ,2018-08-06 18:44:13,240
TEL ,2018-08-06 19:44:11,239
TEL ,2018-08-06 20:44:11,240
TEL ,2018-08-06 21:44:13,240
TEL ,2018-08-06 22:44:11,240
TEL ,2018-08-06 23:44:11,240
TEL ,2018-08-07 00:44:11,240
TEL ,2018-08-07 01:44:11,240
TEL ,2018-08-07 02:44:12,240
TEL ,2018-08-07 03:44:13,240
TEL ,2018-08-07 04:44:12,240
TEL ,2018-08-07 05:44:11,240
TEL ,2018-08-07 06:44:11,240
TEL ,2018-08-07 07:44:11,240
TEL ,2018-08-07 08:44:10,240
TEL ,2018-08-07 09:44:10,240
TEL ,2018-08-07 10:44:10,240
TEL ,2018-08-07 11:44:11,240
TEL ,2018-08-07 12:44:11,240
TEL ,2018-08-07 13:44:18,240
TEL ,2018-08-07 14:44:12,240
TEL ,2018-08-07 15:44:12,238
TEL ,2018-08-07 16:44:11,238
TEL ,2018-08-07 17:44:14,238
TEL ,2018-08-07 18:44:12,238
TEL ,2018-08-07 19:44:14,238
TEL ,2018-08-07 20:44:12,238
TEL ,2018-08-07 21:44:12,238
TEL ,2018-08-07 22:44:11,238
TEL ,2018-08-07 23:44:11,238
TEL ,2018-08-08 00:44:11,238
TEL ,2018-08-08 01:44:13,238
TEL ,2018-08-08 02:44:12,238
TEL ,2018-08-08 03:44:12,238
TEL ,2018-08-08 04:44:11,238
TEL ,2018-08-08 05:44:12,238
TEL ,2018-08-08 06:44:12,238
TEL ,2018-08-08 07:44:13,238
TEL ,2018-08-08 08:44:12,238
TEL ,2018-08-08 09:44:12,238
TEL ,2018-08-08 10:44:12,238
TEL ,2018-08-08 11:44:12,238
TEL ,2018-08-08 12:44:13,238
TEL ,2018-08-08 13:44:16,238
TEL ,2018-08-08 14:44:12,237
TEL ,2018-08-08 15:44:13,237
TEL ,2018-08-08 16:44:13,236
TEL ,2018-08-08 17:44:12,236
TEL ,2018-08-08 18:44:11,236
TEL ,2018-08-08 19:44:12,236
TEL ,2018-08-08 20:44:11,236
TEL ,2018-08-08 21:44:10,236
TEL ,2018-08-08 22:44:10,236
TEL ,2018-08-08 23:44:11,236
TEL ,2018-08-10 00:22:27,237
TEL ,2018-08-10 00:44:14,237
TEL ,2018-08-10 01:44:16,237
TEL ,2018-08-10 02:44:15,237
TEL ,2018-08-10 03:44:11,237
TEL ,2018-08-10 04:44:14,237
TEL ,2018-08-10 05:44:17,237
TEL ,2018-08-10 06:44:14,237
TEL ,2018-08-10 07:44:16,237
TEL ,2018-08-10 08:44:15,237
TEL ,2018-08-10 09:44:14,237
TEL ,2018-08-10 10:44:14,237
TEL ,2018-08-10 11:44:14,237
TEL ,2018-08-10 12:44:13,237
TEL ,2018-08-10 13:44:19,237
TEL ,2018-08-10 14:44:18,236
TEL ,2018-08-10 15:44:17,236
TEL ,2018-08-10 16:44:17,236
TEL ,2018-08-10 17:44:16,236
TEL ,2018-08-10 18:44:15,236
TEL ,2018-08-10 19:44:16,236
TEL ,2018-08-10 20:44:16,236
TEL ,2018-08-10 21:44:16,236
TEL ,2018-08-10 22:44:15,236
TEL ,2018-08-10 23:44:16,236
TEL ,2018-08-11 00:44:15,236
TEL ,2018-08-11 01:44:16,236
TEL ,2018-08-11 02:44:16,236
TEL ,2018-08-11 03:44:16,236
TEL ,2018-08-11 04:44:15,236
TEL ,2018-08-11 05:44:16,236
TEL ,2018-08-11 06:44:15,236
TEL ,2018-08-11 07:44:15,236
TEL ,2018-08-11 08:44:14,236
TEL ,2018-08-11 09:44:15,236
TEL ,2018-08-11 10:44:15,236
TEL ,2018-08-11 11:44:15,236
TEL ,2018-08-11 12:44:14,236
TEL ,2018-08-11 13:44:15,236
TEL ,2018-08-11 14:44:15,236
TEL ,2018-08-11 15:44:16,236
TEL ,2018-08-11 16:44:15,236
TEL ,2018-08-11 17:44:15,236
TEL ,2018-08-11 18:44:16,236
TEL ,2018-08-11 19:44:15,236
TEL ,2018-08-11 20:44:15,236
TEL ,2018-08-11 21:44:16,236
TEL ,2018-08-11 22:44:15,236
TEL ,2018-08-11 23:44:15,236
TEL ,2018-08-12 00:44:15,236
TEL ,2018-08-12 01:44:15,236
TEL ,2018-08-12 02:44:15,236
TEL ,2018-08-12 03:44:14,236
TEL ,2018-08-12 04:44:16,236
TEL ,2018-08-12 05:44:15,236
TEL ,2018-08-12 06:44:14,236
TEL ,2018-08-12 07:44:14,236
TEL ,2018-08-12 08:44:14,236
TEL ,2018-08-12 09:44:14,236
TEL ,2018-08-12 10:44:14,236
TEL ,2018-08-12 11:44:14,236
TEL ,2018-08-12 12:44:15,236
TEL ,2018-08-12 13:44:16,236
TEL ,2018-08-12 14:44:16,236
TEL ,2018-08-12 15:44:17,236
TEL ,2018-08-12 16:44:16,236
TEL ,2018-08-12 17:44:15,236
TEL ,2018-08-12 18:44:15,236
TEL ,2018-08-12 19:44:15,236
TEL ,2018-08-12 20:44:16,236
TEL ,2018-08-12 21:44:15,236
TEL ,2018-08-12 22:44:15,236
TEL ,2018-08-12 23:44:15,236
TEL ,2018-08-13 00:44:15,236
TEL ,2018-08-13 01:44:15,236
TEL ,2018-08-13 02:44:16,236
TEL ,2018-08-13 03:44:15,236
TEL ,2018-08-13 04:44:16,236
TEL ,2018-08-13 05:44:14,236
TEL ,2018-08-13 06:44:15,236
TEL ,2018-08-13 07:44:15,236
TEL ,2018-08-13 08:44:16,236
TEL ,2018-08-13 09:44:16,236
TEL ,2018-08-13 10:44:15,236
TEL ,2018-08-13 11:44:15,236
TEL ,2018-08-13 12:44:15,236
TEL ,2018-08-13 13:44:18,236
TEL ,2018-08-13 14:44:18,236
TEL ,2018-08-13 15:44:18,236
TEL ,2018-08-13 16:44:17,237
TEL ,2018-08-13 17:44:15,238
TEL ,2018-08-13 18:44:16,238
TEL ,2018-08-13 19:44:17,238
TEL ,2018-08-13 20:44:16,238
TEL ,2018-08-13 21:44:16,238
TEL ,2018-08-13 22:44:15,238
TEL ,2018-08-13 23:44:15,238
TEL ,2018-08-14 00:44:16,238
TEL ,2018-08-14 01:44:17,238
TEL ,2018-08-14 02:44:16,238
TEL ,2018-08-14 03:44:15,238
TEL ,2018-08-14 04:44:16,238
TEL ,2018-08-14 05:44:15,238
TEL ,2018-08-14 06:44:16,238
TEL ,2018-08-14 07:44:16,238
TEL ,2018-08-14 08:44:16,238
TEL ,2018-08-14 09:44:15,238
TEL ,2018-08-14 10:44:16,238
TEL ,2018-08-14 11:44:15,238
TEL ,2018-08-14 12:44:15,238
TEL ,2018-08-14 13:44:17,237
TEL ,2018-08-14 14:44:16,236
TEL ,2018-08-14 15:44:17,236
TEL ,2018-08-14 16:44:16,236
TEL ,2018-08-14 17:44:14,236
TEL ,2018-08-14 18:44:16,235
TEL ,2018-08-14 19:44:16,235
TEL ,2018-08-14 20:44:16,235
TEL ,2018-08-14 21:44:15,235
TEL ,2018-08-14 22:44:15,235
TEL ,2018-08-14 23:44:15,235
TEL ,2018-08-15 00:44:16,235
TEL ,2018-08-15 01:44:16,235
TEL ,2018-08-15 02:44:17,235
TEL ,2018-08-15 03:44:16,235
TEL ,2018-08-15 04:44:16,235
TEL ,2018-08-15 05:44:15,235
TEL ,2018-08-15 06:44:17,235
TEL ,2018-08-15 07:44:14,235
TEL ,2018-08-15 08:44:16,235
TEL ,2018-08-15 09:44:16,235
TEL ,2018-08-15 10:44:16,235
TEL ,2018-08-15 11:44:16,235
TEL ,2018-08-15 12:44:15,235
TEL ,2018-08-15 14:09:51,235
TEL ,2018-08-15 14:44:16,235
TEL ,2018-08-15 15:44:17,235
TEL ,2018-08-15 16:44:18,235
TEL ,2018-08-15 17:44:15,235
TEL ,2018-08-15 18:44:15,235
TEL ,2018-08-15 19:44:15,235
TEL ,2018-08-15 20:44:14,235
TEL ,2018-08-15 21:44:14,235
TEL ,2018-08-15 22:44:15,235
TEL ,2018-08-15 23:44:16,235
TEL ,2018-08-16 00:44:16,235
TEL ,2018-08-16 01:44:15,235
TEL ,2018-08-16 02:44:17,235
TEL ,2018-08-16 03:44:17,235
TEL ,2018-08-16 04:44:16,235
TEL ,2018-08-16 05:44:15,235
TEL ,2018-08-16 06:44:15,235
TEL ,2018-08-16 07:44:16,235
TEL ,2018-08-16 08:44:15,235
TEL ,2018-08-16 09:44:14,235
TEL ,2018-08-16 10:44:15,235
TEL ,2018-08-16 11:44:14,235
TEL ,2018-08-16 12:44:14,235
TEL ,2018-08-16 13:44:18,235
TEL ,2018-08-16 14:44:16,236
TEL ,2018-08-16 15:44:17,235
TEL ,2018-08-16 16:44:16,235
TEL ,2018-08-16 17:44:15,235
TEL ,2018-08-16 18:44:15,236
TEL ,2018-08-16 19:44:17,237
TEL ,2018-08-16 20:44:15,237
TEL ,2018-08-16 21:44:15,237
TEL ,2018-08-16 22:44:14,237
TEL ,2018-08-16 23:44:14,237
TEL ,2018-08-17 00:44:15,237
TEL ,2018-08-17 01:44:15,237
TEL ,2018-08-17 02:44:16,237
TEL ,2018-08-17 03:44:16,237
TEL ,2018-08-17 04:44:16,237
TEL ,2018-08-17 05:44:14,237
TEL ,2018-08-17 06:44:14,237
TEL ,2018-08-17 07:44:14,237
TEL ,2018-08-17 08:44:15,237
TEL ,2018-08-17 09:44:14,237
TEL ,2018-08-17 10:44:14,237
TEL ,2018-08-17 11:44:14,237
TEL ,2018-08-17 12:44:14,237
TEL ,2018-08-17 13:44:18,237
TEL ,2018-08-17 14:44:17,235
TEL ,2018-08-17 15:44:17,234
TEL ,2018-08-17 16:44:15,233
TEL ,2018-08-17 17:44:14,234
TEL ,2018-08-17 18:44:15,234
TEL ,2018-08-17 19:44:15,235
TEL ,2018-08-17 20:44:58,235
TEL ,2018-08-17 21:44:14,235
TEL ,2018-08-17 22:44:14,235
TEL ,2018-08-17 23:44:13,235
TEL ,2018-08-18 00:44:15,235
TEL ,2018-08-18 01:44:15,235
TEL ,2018-08-18 02:44:15,235
TEL ,2018-08-18 03:44:15,235
TEL ,2018-08-18 04:44:14,235
TEL ,2018-08-18 05:44:14,235
TEL ,2018-08-18 06:44:15,235
TEL ,2018-08-18 07:44:14,235
TEL ,2018-08-18 08:44:14,235
TEL ,2018-08-18 09:44:14,235
TEL ,2018-08-18 10:44:13,235
TEL ,2018-08-18 11:44:14,235
TEL ,2018-08-18 12:44:16,235
TEL ,2018-08-18 13:44:16,235
TEL ,2018-08-18 14:44:15,235
TEL ,2018-08-18 15:44:15,235
TEL ,2018-08-18 16:44:15,235
TEL ,2018-08-18 17:44:15,235
TEL ,2018-08-18 18:44:15,235
TEL ,2018-08-18 19:44:15,235
TEL ,2018-08-18 20:44:15,235
TEL ,2018-08-18 21:44:14,235
TEL ,2018-08-18 22:44:14,235
TEL ,2018-08-18 23:44:14,235
TEL ,2018-08-19 00:44:14,235
TEL ,2018-08-19 01:44:14,235
TEL ,2018-08-19 02:44:15,235
TEL ,2018-08-19 03:44:14,235
TEL ,2018-08-19 04:44:15,235
TEL ,2018-08-19 05:44:14,235
TEL ,2018-08-19 06:44:14,235
TEL ,2018-08-19 07:44:15,235
TEL ,2018-08-19 08:44:14,235
TEL ,2018-08-19 09:44:14,235
TEL ,2018-08-19 10:44:14,235
TEL ,2018-08-19 11:44:14,235
TEL ,2018-08-19 12:44:15,235
TEL ,2018-08-19 13:44:14,235
TEL ,2018-08-19 14:44:14,235
TEL ,2018-08-19 15:44:15,235
TEL ,2018-08-19 16:44:13,235
TEL ,2018-08-19 17:44:15,235
TEL ,2018-08-19 18:44:15,235
TEL ,2018-08-19 19:44:15,235
TEL ,2018-08-19 20:44:16,235
TEL ,2018-08-19 21:44:17,235
TEL ,2018-08-19 22:44:15,235
TEL ,2018-08-19 23:44:14,235
TEL ,2018-08-20 00:44:15,235
TEL ,2018-08-20 01:44:15,235
TEL ,2018-08-20 02:44:15,235
TEL ,2018-08-20 03:44:14,235
TEL ,2018-08-20 04:44:14,235
TEL ,2018-08-20 05:44:14,235
TEL ,2018-08-20 06:44:15,235
TEL ,2018-08-20 07:44:14,235
TEL ,2018-08-20 08:44:18,235
TEL ,2018-08-20 09:44:13,235
TEL ,2018-08-20 10:44:14,235
TEL ,2018-08-20 11:44:15,235
TEL ,2018-08-20 12:44:14,235
TEL ,2018-08-20 13:44:20,235
TEL ,2018-08-20 14:44:19,233
TEL ,2018-08-20 15:44:17,233
TEL ,2018-08-20 16:44:17,233
TEL ,2018-08-20 17:44:15,235
TEL ,2018-08-20 18:44:15,236
TEL ,2018-08-20 19:44:15,236
TEL ,2018-08-20 20:44:15,237
TEL ,2018-08-20 21:44:14,237
TEL ,2018-08-20 22:44:14,237
TEL ,2018-08-20 23:44:14,237
TEL ,2018-08-21 00:44:15,237
TEL ,2018-08-21 01:44:15,237
TEL ,2018-08-21 02:44:15,237
TEL ,2018-08-21 03:44:15,237
TEL ,2018-08-21 04:44:15,237
TEL ,2018-08-21 05:44:14,237
TEL ,2018-08-21 06:44:15,237
TEL ,2018-08-21 07:44:14,237
TEL ,2018-08-21 08:44:15,237
TEL ,2018-08-21 09:44:14,237
TEL ,2018-08-21 10:44:15,237
TEL ,2018-08-21 11:44:14,237
TEL ,2018-08-21 12:44:14,237
TEL ,2018-08-21 13:44:20,237
TEL ,2018-08-21 14:44:16,236
TEL ,2018-08-21 15:44:15,235
TEL ,2018-08-21 16:44:14,235
TEL ,2018-08-21 17:44:13,235
TEL ,2018-08-21 18:44:14,235
TEL ,2018-08-21 19:44:15,235
TEL ,2018-08-21 20:44:14,235
TEL ,2018-08-21 21:44:13,235
TEL ,2018-08-21 22:44:14,235
TEL ,2018-08-21 23:44:14,235
TEL ,2018-08-22 00:44:14,235
TEL ,2018-08-22 01:44:14,235
TEL ,2018-08-22 02:44:14,235
TEL ,2018-08-22 03:44:15,235
TEL ,2018-08-22 04:44:15,235
TEL ,2018-08-22 05:44:14,235
TEL ,2018-08-22 06:44:13,235
TEL ,2018-08-22 07:44:13,235
TEL ,2018-08-22 08:44:13,235
TEL ,2018-08-22 09:44:14,235
TEL ,2018-08-22 10:44:13,235
TEL ,2018-08-22 11:44:14,235
TEL ,2018-08-22 12:44:13,235
TEL ,2018-08-22 13:44:21,235
TEL ,2018-08-22 14:44:15,239
TEL ,2018-08-22 15:44:14,239
TEL ,2018-08-22 16:44:15,238
TEL ,2018-08-22 17:44:14,238
TEL ,2018-08-22 18:44:15,239
TEL ,2018-08-22 19:44:14,239
TEL ,2018-08-22 20:44:12,242
TEL ,2018-08-22 21:44:13,242
TEL ,2018-08-22 22:44:13,242
TEL ,2018-08-22 23:44:14,242
TEL ,2018-08-23 00:44:14,242
TEL ,2018-08-23 01:44:15,242
TEL ,2018-08-23 02:44:14,242
TEL ,2018-08-23 03:44:15,242
TEL ,2018-08-23 04:44:15,242
TEL ,2018-08-23 05:44:14,242
TEL ,2018-08-23 06:44:13,242
TEL ,2018-08-23 07:44:14,242
TEL ,2018-08-23 08:44:14,242
TEL ,2018-08-23 09:44:13,242
TEL ,2018-08-23 10:44:13,242
TEL ,2018-08-23 11:44:14,242
TEL ,2018-08-23 12:44:14,242
TEL ,2018-08-23 13:44:19,242
TEL ,2018-08-23 14:44:14,240
TEL ,2018-08-23 15:44:15,240
TEL ,2018-08-23 16:44:16,240
TEL ,2018-08-23 17:44:13,240
TEL ,2018-08-23 18:44:16,240
TEL ,2018-08-23 19:44:16,240
TEL ,2018-08-23 20:44:17,240
TEL ,2018-08-23 21:44:14,240
TEL ,2018-08-23 22:44:15,240
TEL ,2018-08-23 23:44:15,240
TEL ,2018-08-24 00:44:15,240
TEL ,2018-08-24 01:44:16,240
TEL ,2018-08-24 02:44:15,240
TEL ,2018-08-24 03:44:14,240
TEL ,2018-08-24 20:02:35,237
TEL ,2018-08-24 20:44:15,237
TEL ,2018-08-24 21:44:16,237
TEL ,2018-08-24 22:44:15,237
TEL ,2018-08-24 23:44:14,237
TEL ,2018-08-25 00:44:15,237
TEL ,2018-08-25 01:44:15,237
TEL ,2018-08-25 02:44:16,237
TEL ,2018-08-25 03:44:15,237
TEL ,2018-08-25 04:44:15,237
TEL ,2018-08-25 05:44:15,237
TEL ,2018-08-25 06:44:14,237
TEL ,2018-08-25 07:44:13,237
TEL ,2018-08-25 08:44:15,237
TEL ,2018-08-25 09:44:14,237
TEL ,2018-08-25 10:44:15,237
TEL ,2018-08-25 11:44:14,237
TEL ,2018-08-25 12:44:15,237
TEL ,2018-08-25 13:44:16,237
TEL ,2018-08-25 14:44:16,237
TEL ,2018-08-25 15:44:15,237
TEL ,2018-08-25 16:44:15,237
TEL ,2018-08-25 17:44:16,237
TEL ,2018-08-25 18:44:16,237
TEL ,2018-08-25 19:44:15,237
TEL ,2018-08-25 20:44:15,237
TEL ,2018-08-25 21:44:15,237
TEL ,2018-08-25 22:44:16,237
TEL ,2018-08-25 23:44:15,237
TEL ,2018-08-26 00:44:16,237
TEL ,2018-08-26 01:44:15,237
TEL ,2018-08-26 02:44:17,237
TEL ,2018-08-26 03:44:15,237
TEL ,2018-08-26 04:44:15,237
TEL ,2018-08-26 05:44:14,237
TEL ,2018-08-26 06:44:15,237
TEL ,2018-08-26 07:44:15,237
TEL ,2018-08-26 08:44:14,237
TEL ,2018-08-26 09:44:14,237
TEL ,2018-08-26 10:44:14,237
TEL ,2018-08-26 11:44:15,237
TEL ,2018-08-26 12:44:16,237
TEL ,2018-08-26 13:44:15,237
TEL ,2018-08-26 14:44:14,237
TEL ,2018-08-26 15:44:14,237
TEL ,2018-08-26 16:44:15,237
TEL ,2018-08-26 17:44:14,237
TEL ,2018-08-26 18:44:14,237
TEL ,2018-08-26 19:44:15,237
TEL ,2018-08-26 20:44:15,237
TEL ,2018-08-26 21:44:14,237
TEL ,2018-08-26 22:44:15,237
TEL ,2018-08-26 23:44:15,237
TEL ,2018-08-27 00:44:15,237
TEL ,2018-08-27 01:44:15,237
TEL ,2018-08-27 02:44:15,237
TEL ,2018-08-27 03:44:15,237
TEL ,2018-08-27 04:44:15,237
TEL ,2018-08-27 05:44:16,237
TEL ,2018-08-27 06:44:15,237
TEL ,2018-08-27 07:44:14,237
TEL ,2018-08-27 08:44:15,237
TEL ,2018-08-27 09:44:14,237
TEL ,2018-08-27 10:44:13,237
TEL ,2018-08-27 11:44:13,237
TEL ,2018-08-27 12:44:14,237
TEL ,2018-08-27 14:08:19,233
TEL ,2018-08-27 14:44:17,233
TEL ,2018-08-27 15:44:15,234
TEL ,2018-08-27 16:44:16,233
TEL ,2018-08-27 17:44:15,233
TEL ,2018-08-27 18:44:15,232
TEL ,2018-08-27 19:44:16,232
TEL ,2018-08-27 20:44:14,231
TEL ,2018-08-27 21:44:14,231
TEL ,2018-08-27 22:44:14,231
TEL ,2018-08-27 23:44:14,231
TEL ,2018-08-28 00:44:14,231
TEL ,2018-08-28 01:44:15,231
TEL ,2018-08-28 02:44:13,231
TEL ,2018-08-28 03:44:13,231
TEL ,2018-08-28 04:44:15,231
TEL ,2018-08-28 05:44:14,231
TEL ,2018-08-28 06:44:14,231
TEL ,2018-08-28 07:44:14,231
TEL ,2018-08-28 08:44:13,231
TEL ,2018-08-28 09:44:14,231
TEL ,2018-08-28 10:44:14,231
TEL ,2018-08-28 11:44:14,231
TEL ,2018-08-28 12:44:14,231
TEL ,2018-08-28 13:44:32,231
TEL ,2018-08-28 14:44:28,231
TEL ,2018-08-28 15:44:27,231
TEL ,2018-08-28 16:44:28,231
TEL ,2018-08-28 17:44:28,231
TEL ,2018-08-28 18:44:30,231
TEL ,2018-08-28 19:44:27,231
TEL ,2018-08-28 20:44:27,231
TEL ,2018-08-28 21:44:27,231
TEL ,2018-08-28 22:44:28,231
TEL ,2018-08-28 23:44:27,231
TEL ,2018-08-29 00:44:28,231
TEL ,2018-08-29 01:44:28,231
TEL ,2018-08-29 02:44:27,231
TEL ,2018-08-29 03:44:27,231
TEL ,2018-08-29 04:44:27,231
TEL ,2018-08-29 05:44:26,231
TEL ,2018-08-29 06:44:25,231
TEL ,2018-08-29 07:44:27,231
TEL ,2018-08-29 08:44:26,231
TEL ,2018-08-29 09:44:26,231
TEL ,2018-08-29 10:44:25,231
TEL ,2018-08-29 11:44:25,231
TEL ,2018-08-29 12:44:26,231
TEL ,2018-08-29 14:08:05,230
TEL ,2018-08-29 14:44:30,230
TEL ,2018-08-29 15:44:28,231
TEL ,2018-08-29 16:44:27,231
TEL ,2018-08-29 17:44:30,231
TEL ,2018-08-29 18:44:31,231
TEL ,2018-08-29 19:44:28,231
TEL ,2018-08-29 20:44:26,232
TEL ,2018-08-29 21:44:26,232
TEL ,2018-08-29 22:44:26,232
TEL ,2018-08-29 23:44:26,232
TEL ,2018-08-30 00:45:12,232
TEL ,2018-08-30 01:45:11,232
TEL ,2018-08-30 02:44:27,232
TEL ,2018-08-30 03:44:27,232
TEL ,2018-08-30 04:44:26,232
TEL ,2018-08-30 05:44:27,232
TEL ,2018-08-30 06:44:27,232
TEL ,2018-08-30 07:44:26,232
TEL ,2018-08-30 08:44:31,232
TEL ,2018-08-30 09:44:27,232
TEL ,2018-08-30 10:44:27,232
TEL ,2018-08-30 11:44:26,232
TEL ,2018-08-30 12:44:26,232
TEL ,2018-08-30 13:44:34,232
TEL ,2018-08-30 14:44:28,232
TEL ,2018-08-30 15:44:27,232
TEL ,2018-08-30 16:44:28,232
TEL ,2018-08-30 17:44:27,232
TEL ,2018-08-30 18:44:29,232
TEL ,2018-08-30 19:44:28,232
TEL ,2018-08-30 20:44:25,232
TEL ,2018-08-30 21:44:26,232
TEL ,2018-08-30 22:44:25,232
TEL ,2018-08-30 23:44:26,232
TEL ,2018-08-31 00:44:28,232
TEL ,2018-08-31 01:44:27,232
TEL ,2018-08-31 02:44:26,232
TEL ,2018-08-31 03:44:27,232
TEL ,2018-08-31 04:44:27,232
TEL ,2018-08-31 05:44:27,232
TEL ,2018-08-31 06:44:27,232
TEL ,2018-08-31 07:44:26,232
TEL ,2018-08-31 08:44:26,232
TEL ,2018-08-31 09:44:27,232
TEL ,2018-08-31 10:44:26,232
TEL ,2018-08-31 11:44:28,232
TEL ,2018-08-31 12:44:27,232
TEL ,2018-08-31 13:44:32,232
TEL ,2018-08-31 14:44:28,232
TEL ,2018-08-31 15:44:28,231
TEL ,2018-08-31 16:44:26,231
TEL ,2018-08-31 17:44:28,230
TEL ,2018-08-31 18:44:28,229
TEL ,2018-08-31 19:44:28,229
TEL ,2018-08-31 20:44:28,229
TEL ,2018-08-31 21:44:26,229
TEL ,2018-08-31 22:44:26,229
TEL ,2018-08-31 23:44:26,229
TEL ,2018-09-01 00:44:27,229
TEL ,2018-09-01 01:44:27,229
TEL ,2018-09-01 02:44:27,229
TEL ,2018-09-01 03:44:26,229
TEL ,2018-09-01 04:44:28,229
TEL ,2018-09-01 05:44:27,229
TEL ,2018-09-01 06:44:27,229
TEL ,2018-09-01 07:44:27,229
TEL ,2018-09-01 08:44:27,229
TEL ,2018-09-01 09:44:26,229
TEL ,2018-09-01 10:44:27,229
TEL ,2018-09-01 11:44:27,229
TEL ,2018-09-01 12:44:27,229
TEL ,2018-09-01 13:44:28,229
TEL ,2018-09-01 14:44:30,229
TEL ,2018-09-01 15:44:27,229
TEL ,2018-09-01 16:44:26,229
TEL ,2018-09-01 17:44:26,229
TEL ,2018-09-01 18:44:27,229
TEL ,2018-09-01 19:44:26,229
TEL ,2018-09-01 20:44:26,229
TEL ,2018-09-01 21:44:26,229
TEL ,2018-09-01 22:44:27,229
TEL ,2018-09-01 23:44:27,229
TEL ,2018-09-02 00:44:28,229
TEL ,2018-09-02 01:44:27,229
TEL ,2018-09-02 02:44:27,229
TEL ,2018-09-02 03:44:28,229
TEL ,2018-09-02 04:44:27,229
TEL ,2018-09-02 05:44:27,229
TEL ,2018-09-02 06:44:27,229
TEL ,2018-09-02 07:44:26,229
TEL ,2018-09-02 08:44:26,229
TEL ,2018-09-02 09:44:25,229
TEL ,2018-09-02 10:44:26,229
TEL ,2018-09-02 11:44:27,229
TEL ,2018-09-02 12:44:26,229
TEL ,2018-09-02 13:44:27,229
TEL ,2018-09-02 14:44:28,229
TEL ,2018-09-02 15:44:27,229
TEL ,2018-09-02 16:44:27,229
TEL ,2018-09-02 17:44:27,229
TEL ,2018-09-02 18:44:26,229
TEL ,2018-09-02 19:44:26,229
TEL ,2018-09-02 20:44:26,229
TEL ,2018-09-02 21:44:27,229
TEL ,2018-09-02 22:44:27,229
TEL ,2018-09-02 23:44:28,229
TEL ,2018-09-03 00:44:26,229
TEL ,2018-09-03 01:44:28,229
TEL ,2018-09-03 02:44:28,229
TEL ,2018-09-03 03:44:27,229
TEL ,2018-09-03 04:44:27,229
TEL ,2018-09-03 05:44:27,229
TEL ,2018-09-03 06:44:26,229
TEL ,2018-09-03 07:44:26,229
TEL ,2018-09-03 08:44:30,229
TEL ,2018-09-03 09:44:27,229
TEL ,2018-09-03 10:44:26,229
TEL ,2018-09-03 11:44:27,229
TEL ,2018-09-03 12:44:26,229
TEL ,2018-09-03 13:44:27,229
TEL ,2018-09-03 14:44:26,229
TEL ,2018-09-03 15:44:25,229
TEL ,2018-09-03 16:44:26,229
TEL ,2018-09-03 17:44:26,229
TEL ,2018-09-03 18:44:27,229
TEL ,2018-09-03 19:44:25,229
TEL ,2018-09-03 20:44:27,229
TEL ,2018-09-03 21:44:26,229
TEL ,2018-09-03 22:44:27,229
TEL ,2018-09-03 23:44:25,229
TEL ,2018-09-04 00:44:26,229
TEL ,2018-09-04 01:44:27,229
TEL ,2018-09-04 02:44:27,229
TEL ,2018-09-04 03:44:27,229
TEL ,2018-09-04 04:44:26,229
TEL ,2018-09-04 05:44:27,229
TEL ,2018-09-04 06:44:26,229
TEL ,2018-09-04 07:44:28,229
TEL ,2018-09-04 08:44:27,229
TEL ,2018-09-04 09:44:26,229
TEL ,2018-09-04 10:44:27,229
TEL ,2018-09-04 11:44:25,229
TEL ,2018-09-04 12:44:27,229
TEL ,2018-09-04 13:44:34,229
TEL ,2018-09-04 14:44:28,231
TEL ,2018-09-04 15:44:28,231
TEL ,2018-09-04 16:44:31,231
TEL ,2018-09-04 17:44:28,231
TEL ,2018-09-04 18:44:29,230
TEL ,2018-09-04 19:44:30,230
TEL ,2018-09-04 20:44:28,230
TEL ,2018-09-04 21:44:26,230
TEL ,2018-09-04 22:44:27,230
TEL ,2018-09-04 23:44:27,230
TEL ,2018-09-05 00:44:27,230
TEL ,2018-09-05 01:44:27,230
TEL ,2018-09-05 02:44:27,230
TEL ,2018-09-05 03:44:25,230
TEL ,2018-09-05 04:44:26,230
TEL ,2018-09-05 05:44:26,230
TEL ,2018-09-05 06:44:26,230
TEL ,2018-09-05 07:44:27,230
TEL ,2018-09-05 08:44:26,230
TEL ,2018-09-05 09:44:26,230
TEL ,2018-09-05 10:44:25,230
TEL ,2018-09-05 11:44:30,230
TEL ,2018-09-05 12:44:25,230
TEL ,2018-09-05 13:44:38,230
TEL ,2018-09-05 14:44:32,229
TEL ,2018-09-05 15:44:28,230
TEL ,2018-09-05 16:44:28,230
TEL ,2018-09-05 17:44:29,230
TEL ,2018-09-05 18:44:30,230
TEL ,2018-09-05 19:44:29,230
TEL ,2018-09-05 20:44:26,230
TEL ,2018-09-05 21:44:26,230
TEL ,2018-09-05 22:44:26,230
TEL ,2018-09-05 23:44:27,230
TEL ,2018-09-06 00:44:27,230
TEL ,2018-09-06 01:44:27,230
TEL ,2018-09-06 02:44:27,230
TEL ,2018-09-06 03:44:27,230
TEL ,2018-09-06 04:44:28,230
TEL ,2018-09-06 05:44:28,230
TEL ,2018-09-06 06:44:26,230
TEL ,2018-09-06 07:44:26,230
TEL ,2018-09-06 08:44:27,230
TEL ,2018-09-06 09:44:26,230
TEL ,2018-09-06 10:44:26,230
TEL ,2018-09-06 11:44:27,230
TEL ,2018-09-06 13:09:30,230
TEL ,2018-09-06 13:44:34,230
TEL ,2018-09-06 14:44:28,231
TEL ,2018-09-06 15:44:28,231
TEL ,2018-09-06 16:44:28,231
TEL ,2018-09-06 17:44:27,231
TEL ,2018-09-06 18:44:27,231
TEL ,2018-09-06 19:44:27,231
TEL ,2018-09-06 20:44:26,232
TEL ,2018-09-06 21:44:25,232
TEL ,2018-09-06 22:44:26,232
TEL ,2018-09-06 23:44:28,232
TEL ,2018-09-07 00:44:27,232
TEL ,2018-09-07 01:44:27,232
TEL ,2018-09-07 02:44:28,232
TEL ,2018-09-07 03:44:27,232
TEL ,2018-09-07 04:44:27,232
TEL ,2018-09-07 05:44:31,232
TEL ,2018-09-07 06:44:31,232
TEL ,2018-09-07 08:44:30,232
TEL ,2018-09-07 09:44:30,232
TEL ,2018-09-07 10:44:30,232
TEL ,2018-09-07 11:44:28,232
TEL ,2018-09-07 12:44:26,232
TEL ,2018-09-07 13:44:34,232
TEL ,2018-09-07 14:44:27,232
TEL ,2018-09-07 15:44:29,232
TEL ,2018-09-07 16:44:29,232
TEL ,2018-09-07 17:44:28,232
TEL ,2018-09-07 18:44:27,232
TEL ,2018-09-07 19:44:27,231
TEL ,2018-09-07 20:44:26,231
TEL ,2018-09-07 21:44:26,231
TEL ,2018-09-07 22:44:26,231
TEL ,2018-09-07 23:44:26,231
TEL ,2018-09-08 00:44:26,231
TEL ,2018-09-08 01:44:26,231
TEL ,2018-09-08 02:44:27,231
TEL ,2018-09-08 03:44:27,231
TEL ,2018-09-08 04:44:26,231
TEL ,2018-09-08 05:44:27,231
TEL ,2018-09-08 06:44:26,231
TEL ,2018-09-08 07:44:25,231
TEL ,2018-09-08 08:44:26,231
TEL ,2018-09-08 09:44:25,231
TEL ,2018-09-08 10:44:25,231
TEL ,2018-09-08 11:44:26,231
TEL ,2018-09-08 12:44:27,231
TEL ,2018-09-08 13:44:27,231
TEL ,2018-09-08 14:44:26,231
TEL ,2018-09-08 15:44:27,231
TEL ,2018-09-08 16:44:27,231
TEL ,2018-09-08 17:44:27,231
TEL ,2018-09-08 18:44:27,231
TEL ,2018-09-08 19:44:27,231
TEL ,2018-09-08 20:44:26,231
TEL ,2018-09-08 21:44:26,231
TEL ,2018-09-08 22:44:27,231
TEL ,2018-09-08 23:44:28,231
TEL ,2018-09-09 00:44:26,231
TEL ,2018-09-09 01:44:28,231
TEL ,2018-09-09 02:44:27,231
TEL ,2018-09-09 03:44:27,231
TEL ,2018-09-09 04:44:26,231
TEL ,2018-09-09 05:44:26,231
TEL ,2018-09-09 06:44:26,231
TEL ,2018-09-09 07:44:26,231
TEL ,2018-09-09 08:44:27,231
TEL ,2018-09-09 09:44:27,231
TEL ,2018-09-09 10:44:26,231
TEL ,2018-09-09 11:44:27,231
TEL ,2018-09-09 12:44:27,231
TEL ,2018-09-09 13:44:27,231
TEL ,2018-09-09 14:44:28,231
TEL ,2018-09-09 15:44:26,231
TEL ,2018-09-09 16:44:26,231
TEL ,2018-09-09 17:44:27,231
TEL ,2018-09-09 18:44:27,231
TEL ,2018-09-09 19:44:27,231
TEL ,2018-09-09 20:44:26,231
TEL ,2018-09-09 21:44:27,231
TEL ,2018-09-09 22:44:26,231
TEL ,2018-09-09 23:44:27,231
TEL ,2018-09-10 00:44:27,231
TEL ,2018-09-10 01:44:28,231
TEL ,2018-09-10 02:44:28,231
TEL ,2018-09-10 03:44:27,231
TEL ,2018-09-10 04:44:27,231
TEL ,2018-09-10 05:44:26,231
TEL ,2018-09-10 06:44:26,231
TEL ,2018-09-10 07:44:25,231
TEL ,2018-09-10 08:44:26,231
TEL ,2018-09-10 09:44:26,231
TEL ,2018-09-10 10:44:26,231
TEL ,2018-09-10 11:44:26,231
TEL ,2018-09-10 12:44:26,231
TEL ,2018-09-10 13:44:32,231
TEL ,2018-09-10 14:44:28,232
TEL ,2018-09-10 15:44:29,232
TEL ,2018-09-10 16:44:30,232
TEL ,2018-09-10 17:44:28,232
TEL ,2018-09-10 18:44:30,232
TEL ,2018-09-10 19:44:28,232
TEL ,2018-09-10 20:44:27,233
TEL ,2018-09-10 21:44:25,233
TEL ,2018-09-10 22:44:27,233
TEL ,2018-09-10 23:44:27,233
TEL ,2018-09-11 00:44:27,233
TEL ,2018-09-11 01:44:27,233
TEL ,2018-09-11 02:44:28,233
TEL ,2018-09-11 03:44:28,233
TEL ,2018-09-11 04:44:27,233
TEL ,2018-09-11 05:44:28,233
TEL ,2018-09-11 06:44:27,233
TEL ,2018-09-11 07:44:27,233
TEL ,2018-09-11 08:44:27,233
TEL ,2018-09-11 09:44:26,233
TEL ,2018-09-11 10:44:26,233
TEL ,2018-09-11 11:44:25,233
TEL ,2018-09-11 12:44:26,233
TEL ,2018-09-11 13:44:32,233
TEL ,2018-09-11 14:44:28,233
TEL ,2018-09-11 15:44:28,232
TEL ,2018-09-11 16:44:27,232
TEL ,2018-09-11 17:44:28,231
TEL ,2018-09-11 18:44:29,232
TEL ,2018-09-11 19:44:28,232
TEL ,2018-09-11 20:44:26,232
TEL ,2018-09-11 21:44:26,232
TEL ,2018-09-11 22:44:25,232
TEL ,2018-09-11 23:44:26,232
TEL ,2018-09-12 00:44:27,232
TEL ,2018-09-12 01:44:29,232
TEL ,2018-09-12 20:44:32,230
TEL ,2018-09-12 21:44:28,230
TEL ,2018-09-12 22:44:27,230
TEL ,2018-09-12 23:44:27,230
TEL ,2018-09-13 00:44:27,230
TEL ,2018-09-13 01:44:28,230
TEL ,2018-09-13 02:44:33,230
TEL ,2018-09-13 03:44:28,230
TEL ,2018-09-13 04:44:27,230
TEL ,2018-09-13 05:44:28,230
TEL ,2018-09-13 06:44:31,230
TEL ,2018-09-13 07:44:28,230
TEL ,2018-09-13 08:44:28,230
TEL ,2018-09-13 09:44:26,230
TEL ,2018-09-13 10:44:27,230
TEL ,2018-09-13 11:44:27,230
TEL ,2018-09-13 12:44:28,230
TEL ,2018-09-13 14:44:30,229
TEL ,2018-09-13 15:44:30,229
TEL ,2018-09-13 16:44:35,229
TEL ,2018-09-13 17:44:28,229
TEL ,2018-09-13 18:44:29,229
TEL ,2018-09-13 19:44:29,229
TEL ,2018-09-13 20:44:28,229
TEL ,2018-09-13 21:44:27,229
TEL ,2018-09-13 22:44:28,229
TEL ,2018-09-13 23:44:28,229
TEL ,2018-09-14 00:44:28,229
TEL ,2018-09-14 01:44:28,229
TEL ,2018-09-14 02:44:29,229
TEL ,2018-09-14 03:44:28,229
TEL ,2018-09-14 04:44:29,229
TEL ,2018-09-14 05:44:28,229
TEL ,2018-09-14 06:44:27,229
TEL ,2018-09-14 07:44:33,229
TEL ,2018-09-14 08:44:31,229
TEL ,2018-09-14 09:44:30,229
TEL ,2018-09-14 10:44:28,229
TEL ,2018-09-14 11:44:27,229
TEL ,2018-09-14 12:44:30,229
TEL ,2018-09-14 13:44:36,229
TEL ,2018-09-14 14:44:33,228
TEL ,2018-09-14 15:44:34,228
TEL ,2018-09-14 16:44:30,229
TEL ,2018-09-14 17:44:31,229
TEL ,2018-09-14 18:44:29,230
TEL ,2018-09-14 19:44:29,230
TEL ,2018-09-14 20:44:27,230
TEL ,2018-09-14 21:44:27,230
TEL ,2018-09-14 22:44:27,230
TEL ,2018-09-14 23:44:27,230
TEL ,2018-09-15 00:44:29,230
TEL ,2018-09-15 01:44:28,230
TEL ,2018-09-15 02:44:29,230
TEL ,2018-09-15 03:44:27,230
TEL ,2018-09-15 04:44:27,230
TEL ,2018-09-15 05:44:27,230
TEL ,2018-09-15 06:44:26,230
TEL ,2018-09-15 07:44:28,230
TEL ,2018-09-15 08:44:26,230
TEL ,2018-09-15 09:44:27,230
TEL ,2018-09-15 10:44:27,230
TEL ,2018-09-15 11:44:26,230
TEL ,2018-09-15 12:44:29,230
TEL ,2018-09-15 13:44:28,230
TEL ,2018-09-15 14:44:26,230
TEL ,2018-09-15 15:44:28,230
TEL ,2018-09-15 16:44:27,230
TEL ,2018-09-15 17:44:26,230
TEL ,2018-09-15 18:44:26,230
TEL ,2018-09-15 19:44:28,230
TEL ,2018-09-15 20:44:28,230
TEL ,2018-09-15 21:44:26,230
TEL ,2018-09-15 22:44:27,230
TEL ,2018-09-15 23:44:26,230
TEL ,2018-09-16 00:44:27,230
TEL ,2018-09-16 01:44:28,230
TEL ,2018-09-16 02:44:28,230
TEL ,2018-09-16 03:44:27,230
TEL ,2018-09-16 04:44:28,230
TEL ,2018-09-16 05:44:27,230
TEL ,2018-09-16 06:44:28,230
TEL ,2018-09-16 07:44:26,230
TEL ,2018-09-16 08:44:27,230
TEL ,2018-09-16 09:44:27,230
TEL ,2018-09-16 10:44:26,230
TEL ,2018-09-16 11:44:27,230
TEL ,2018-09-16 12:44:27,230
TEL ,2018-09-16 13:44:27,230
TEL ,2018-09-16 14:44:27,230
TEL ,2018-09-16 15:44:28,230
TEL ,2018-09-16 16:44:28,230
TEL ,2018-09-16 17:44:27,230
TEL ,2018-09-16 18:44:28,230
TEL ,2018-09-16 19:44:26,230
TEL ,2018-09-16 20:44:27,230
TEL ,2018-09-16 21:44:27,230
TEL ,2018-09-16 22:44:27,230
TEL ,2018-09-16 23:44:27,230
TEL ,2018-09-17 00:44:28,230
TEL ,2018-09-17 01:44:28,230
TEL ,2018-09-17 02:44:27,230
TEL ,2018-09-17 03:44:28,230
TEL ,2018-09-17 04:44:28,230
TEL ,2018-09-17 05:44:27,230
TEL ,2018-09-17 06:44:27,230
TEL ,2018-09-17 07:44:28,230
TEL ,2018-09-17 08:44:28,230
TEL ,2018-09-17 09:44:27,230
TEL ,2018-09-17 10:44:27,230
TEL ,2018-09-17 11:44:28,230
TEL ,2018-09-17 12:44:26,230
TEL ,2018-09-17 13:44:34,230
TEL ,2018-09-17 14:44:29,230
TEL ,2018-09-17 15:44:34,227
TEL ,2018-09-17 16:44:30,228
TEL ,2018-09-17 17:44:27,228
TEL ,2018-09-17 18:44:28,228
TEL ,2018-09-17 19:44:29,228
TEL ,2018-09-17 20:44:27,228
TEL ,2018-09-17 21:44:27,228
TEL ,2018-09-17 22:44:27,228
TEL ,2018-09-17 23:44:27,228
TEL ,2018-09-18 00:44:27,228
TEL ,2018-09-18 01:44:27,228
TEL ,2018-09-18 02:44:28,228
TEL ,2018-09-18 03:44:28,228
TEL ,2018-09-18 04:44:29,228
TEL ,2018-09-18 05:44:28,228
TEL ,2018-09-18 06:44:28,228
TEL ,2018-09-18 07:44:26,228
TEL ,2018-09-18 08:44:27,228
TEL ,2018-09-18 09:44:27,228
TEL ,2018-09-18 10:44:27,228
TEL ,2018-09-18 11:44:26,228
TEL ,2018-09-18 12:44:27,228
TEL ,2018-09-18 13:44:32,228
TEL ,2018-09-18 14:44:29,229
TEL ,2018-09-18 15:44:28,229
TEL ,2018-09-18 16:44:30,230
TEL ,2018-09-18 17:44:30,232
TEL ,2018-09-18 18:44:34,232
TEL ,2018-09-18 19:44:32,233
TEL ,2018-09-18 20:44:28,233
TEL ,2018-09-18 21:44:27,233
TEL ,2018-09-18 22:44:27,233
TEL ,2018-09-18 23:44:27,233
TEL ,2018-09-19 00:44:30,233
TEL ,2018-09-19 01:44:28,233
TEL ,2018-09-19 02:44:29,233
TEL ,2018-09-19 03:44:28,233
TEL ,2018-09-19 04:44:27,233
TEL ,2018-09-19 05:44:27,233
TEL ,2018-09-19 06:44:29,233
TEL ,2018-09-19 07:44:27,233
TEL ,2018-09-19 08:44:27,233
TEL ,2018-09-19 09:44:27,233
TEL ,2018-09-19 10:44:27,234
TEL ,2018-09-19 11:44:26,234
TEL ,2018-09-19 12:44:27,234
TEL ,2018-09-19 13:45:28,234
TEL ,2018-09-19 14:44:36,235
TEL ,2018-09-19 15:44:35,235
TEL ,2018-09-19 16:44:30,235
TEL ,2018-09-19 17:44:31,235
TEL ,2018-09-19 18:44:30,234
TEL ,2018-09-19 19:44:40,234
TEL ,2018-09-19 20:44:29,234
TEL ,2018-09-19 21:44:29,234
TEL ,2018-09-19 22:44:28,234
TEL ,2018-09-19 23:44:29,234
TEL ,2018-09-20 00:44:29,234
TEL ,2018-09-20 01:44:33,234
TEL ,2018-09-20 02:44:31,234
TEL ,2018-09-20 03:44:33,234
TEL ,2018-09-20 04:44:29,234
TEL ,2018-09-20 05:44:29,234
TEL ,2018-09-20 06:44:29,234
TEL ,2018-09-20 07:44:27,234
TEL ,2018-09-20 08:44:33,234
TEL ,2018-09-20 09:45:14,234
TEL ,2018-09-20 10:44:28,234
TEL ,2018-09-20 11:44:28,234
TEL ,2018-09-20 13:10:35,234
TEL ,2018-09-20 14:44:35,233
TEL ,2018-09-20 15:44:32,233
TEL ,2018-09-20 16:44:30,233
TEL ,2018-09-20 17:44:30,233
TEL ,2018-09-20 18:44:30,232
TEL ,2018-09-20 19:44:31,231
TEL ,2018-09-20 20:44:30,231
TEL ,2018-09-20 21:44:28,231
TEL ,2018-09-20 22:44:28,231
TEL ,2018-09-20 23:44:29,231
TEL ,2018-09-21 00:44:30,231
TEL ,2018-09-21 01:44:29,231
TEL ,2018-09-21 02:44:30,231
TEL ,2018-09-21 03:44:29,231
TEL ,2018-09-21 04:44:31,231
TEL ,2018-09-21 06:44:29,231
TEL ,2018-09-21 07:44:30,231
TEL ,2018-09-21 08:44:29,231
TEL ,2018-09-21 09:44:29,231
TEL ,2018-09-21 10:44:28,231
TEL ,2018-09-21 11:44:29,231
TEL ,2018-09-21 13:12:03,231
TEL ,2018-09-21 13:44:37,231
TEL ,2018-09-21 14:44:30,230
TEL ,2018-09-21 15:44:31,229
TEL ,2018-09-21 16:44:31,229
TEL ,2018-09-21 17:44:31,229
TEL ,2018-09-21 18:45:00,229
TEL ,2018-09-21 19:44:32,230
TEL ,2018-09-21 20:44:29,229
TEL ,2018-09-21 21:44:28,229
TEL ,2018-09-21 22:44:27,229
TEL ,2018-09-21 23:44:29,229
TEL ,2018-09-22 00:44:28,229
TEL ,2018-09-22 01:44:28,229
TEL ,2018-09-22 02:44:28,229
TEL ,2018-09-22 03:44:29,229
TEL ,2018-09-22 04:44:29,229
TEL ,2018-09-22 05:44:29,229
TEL ,2018-09-22 06:44:28,229
TEL ,2018-09-22 07:44:28,229
TEL ,2018-09-22 08:44:27,229
TEL ,2018-09-22 09:44:28,229
TEL ,2018-09-22 10:44:28,229
TEL ,2018-09-22 11:44:28,229
TEL ,2018-09-22 12:44:28,229
TEL ,2018-09-22 13:44:30,229
TEL ,2018-09-22 14:44:30,229
TEL ,2018-09-22 15:44:30,229
TEL ,2018-09-22 16:44:29,229
TEL ,2018-09-22 17:44:29,229
TEL ,2018-09-22 18:44:29,229
TEL ,2018-09-22 19:44:29,229
TEL ,2018-09-22 20:44:29,229
TEL ,2018-09-22 21:44:28,229
TEL ,2018-09-22 22:44:28,229
TEL ,2018-09-22 23:44:29,229
TEL ,2018-09-23 00:44:29,229
TEL ,2018-09-23 01:44:29,229
TEL ,2018-09-23 02:44:28,229
TEL ,2018-09-23 03:44:30,229
TEL ,2018-09-23 04:44:30,229
TEL ,2018-09-23 05:44:28,229
TEL ,2018-09-23 06:44:28,229
TEL ,2018-09-23 07:44:29,229
TEL ,2018-09-23 08:44:28,229
TEL ,2018-09-23 09:44:28,229
TEL ,2018-09-23 10:44:28,229
TEL ,2018-09-23 11:44:30,229
TEL ,2018-09-23 12:44:28,229
TEL ,2018-09-23 13:44:29,229
TEL ,2018-09-23 14:44:29,229
TEL ,2018-09-23 15:44:29,229
TEL ,2018-09-23 16:44:29,229
TEL ,2018-09-23 17:44:28,229
TEL ,2018-09-23 18:44:29,229
TEL ,2018-09-23 19:44:29,229
TEL ,2018-09-23 20:44:28,229
TEL ,2018-09-23 21:44:30,229
TEL ,2018-09-23 22:44:29,229
TEL ,2018-09-23 23:44:29,229
TEL ,2018-09-24 00:44:28,229
TEL ,2018-09-24 01:44:30,229
TEL ,2018-09-24 02:44:29,229
TEL ,2018-09-24 03:44:29,229
TEL ,2018-09-24 04:44:31,229
TEL ,2018-09-24 05:44:28,229
TEL ,2018-09-24 06:44:28,229
TEL ,2018-09-24 07:44:29,229
TEL ,2018-09-24 08:44:28,229
TEL ,2018-09-24 09:44:28,229
TEL ,2018-09-24 10:44:27,229
TEL ,2018-09-24 11:44:29,229
TEL ,2018-09-24 12:44:28,229
TEL ,2018-09-24 13:44:37,229
TEL ,2018-09-24 14:44:31,229
TEL ,2018-09-24 15:44:29,229
TEL ,2018-09-24 16:44:29,229
TEL ,2018-09-24 17:44:29,229
TEL ,2018-09-24 18:44:30,230
TEL ,2018-09-24 19:44:31,230
TEL ,2018-09-24 20:44:30,230
TEL ,2018-09-24 21:44:28,230
TEL ,2018-09-24 22:44:29,230
TEL ,2018-09-24 23:44:29,230
TEL ,2018-09-25 00:44:29,230
TEL ,2018-09-25 01:44:28,230
TEL ,2018-09-25 02:44:28,230
TEL ,2018-09-25 03:44:28,230
TEL ,2018-09-25 04:44:31,230
TEL ,2018-09-25 05:44:28,230
TEL ,2018-09-25 06:44:29,230
TEL ,2018-09-25 07:44:28,230
TEL ,2018-09-25 08:44:29,230
TEL ,2018-09-25 09:44:28,230
TEL ,2018-09-25 10:44:28,230
TEL ,2018-09-25 11:44:29,230
TEL ,2018-09-25 12:44:29,230
TEL ,2018-09-25 13:44:36,230
TEL ,2018-09-25 14:44:32,232
TEL ,2018-09-25 15:44:30,232
TEL ,2018-09-25 16:44:31,232
TEL ,2018-09-25 17:44:29,232
TEL ,2018-09-25 18:44:30,232
TEL ,2018-09-25 19:44:31,232
TEL ,2018-09-25 20:44:29,232
TEL ,2018-09-25 21:44:29,232
TEL ,2018-09-25 22:44:29,232
TEL ,2018-09-25 23:44:30,232
TEL ,2018-09-26 00:44:32,232
TEL ,2018-09-26 01:44:34,232
TEL ,2018-09-26 02:44:33,232
TEL ,2018-09-26 03:44:33,232
TEL ,2018-09-26 04:44:30,232
TEL ,2018-09-26 05:44:30,232
TEL ,2018-09-26 06:44:29,232
TEL ,2018-09-26 07:44:29,232
TEL ,2018-09-26 08:44:31,232
TEL ,2018-09-26 09:44:29,232
TEL ,2018-09-26 10:44:28,232
TEL ,2018-09-26 11:44:28,232
TEL ,2018-09-26 13:11:04,232
TEL ,2018-09-26 13:44:37,232
TEL ,2018-09-26 14:44:31,232
TEL ,2018-09-26 15:44:31,232
TEL ,2018-09-26 16:44:32,232
TEL ,2018-09-26 17:44:31,232
TEL ,2018-09-26 18:44:32,232
TEL ,2018-09-26 19:44:31,232
TEL ,2018-09-26 20:44:30,232
TEL ,2018-09-26 21:44:30,232
TEL ,2018-09-26 22:44:29,232
TEL ,2018-09-26 23:44:30,232
TEL ,2018-09-27 00:44:31,232
TEL ,2018-09-27 01:44:29,232
TEL ,2018-09-27 02:44:31,232
TEL ,2018-09-27 03:44:30,232
TEL ,2018-09-27 04:44:29,232
TEL ,2018-09-27 05:44:29,232
TEL ,2018-09-27 06:44:30,232
TEL ,2018-09-27 07:44:29,232
TEL ,2018-09-27 08:44:29,232
TEL ,2018-09-27 09:44:29,232
TEL ,2018-09-27 10:44:29,232
TEL ,2018-09-27 11:44:29,232
TEL ,2018-09-27 12:44:29,232
TEL ,2018-09-27 13:44:35,232
TEL ,2018-09-27 14:44:31,232
TEL ,2018-09-27 15:44:31,232
TEL ,2018-09-27 17:10:13,232
TEL ,2018-09-27 17:44:32,232
TEL ,2018-09-27 18:44:35,232
TEL ,2018-09-27 19:44:33,231
TEL ,2018-09-27 20:44:31,231
TEL ,2018-09-27 21:44:31,231
TEL ,2018-09-27 22:44:29,231
TEL ,2018-09-27 23:44:32,231
TEL ,2018-09-28 00:44:33,231
TEL ,2018-09-28 01:44:31,231
TEL ,2018-09-28 02:44:29,231
TEL ,2018-09-28 03:44:31,231
TEL ,2018-09-28 04:44:30,231
TEL ,2018-09-28 05:44:30,231
TEL ,2018-09-28 06:44:30,231
TEL ,2018-09-28 07:44:31,231
TEL ,2018-09-28 08:44:29,231
TEL ,2018-09-28 09:44:32,231
TEL ,2018-09-28 10:44:31,231
TEL ,2018-09-28 11:44:31,231
TEL ,2018-09-28 12:44:31,231
TEL ,2018-09-28 13:44:36,231
TEL ,2018-09-28 14:44:33,231
TEL ,2018-09-28 15:44:37,233
TEL ,2018-09-28 16:44:33,233
TEL ,2018-09-28 17:44:34,234
TEL ,2018-09-28 18:44:35,234
TEL ,2018-09-28 19:44:35,234
TEL ,2018-09-28 20:44:31,234
TEL ,2018-09-28 21:44:31,234
TEL ,2018-09-28 22:44:31,234
TEL ,2018-09-28 23:44:29,234
TEL ,2018-09-29 00:44:29,234
TEL ,2018-09-29 01:44:34,234
TEL ,2018-09-29 02:44:37,234
TEL ,2018-09-29 03:44:31,234
TEL ,2018-09-29 04:44:30,234
TEL ,2018-09-29 05:44:29,234
TEL ,2018-09-29 06:44:29,234
TEL ,2018-09-29 07:44:30,234
TEL ,2018-09-29 08:44:30,234
TEL ,2018-09-29 09:44:30,234
TEL ,2018-09-29 10:44:30,234
TEL ,2018-09-29 11:44:31,234
TEL ,2018-09-29 12:44:30,234
TEL ,2018-09-29 13:44:31,234
TEL ,2018-09-29 14:44:31,234
TEL ,2018-09-29 15:44:32,234
TEL ,2018-09-29 16:44:30,234
TEL ,2018-09-29 17:44:30,234
TEL ,2018-09-29 18:44:31,234
TEL ,2018-09-29 19:44:30,234
TEL ,2018-09-29 20:44:30,234
TEL ,2018-09-29 21:44:31,234
TEL ,2018-09-29 22:44:30,234
TEL ,2018-09-29 23:44:29,234
TEL ,2018-09-30 00:44:30,234
TEL ,2018-09-30 01:44:30,234
TEL ,2018-09-30 02:44:28,234
TEL ,2018-09-30 03:44:30,234
TEL ,2018-09-30 04:44:30,234
TEL ,2018-09-30 05:44:28,234
TEL ,2018-09-30 06:44:29,234
TEL ,2018-09-30 07:44:28,234
TEL ,2018-09-30 08:44:29,234
TEL ,2018-09-30 09:44:28,234
TEL ,2018-09-30 10:44:29,234
TEL ,2018-09-30 11:44:28,234
TEL ,2018-09-30 12:44:29,234
TEL ,2018-09-30 13:44:29,234
TEL ,2018-09-30 14:44:28,234
TEL ,2018-09-30 15:44:29,234
TEL ,2018-09-30 16:44:29,234
TEL ,2018-09-30 17:44:28,234
TEL ,2018-09-30 18:44:29,234
TEL ,2018-09-30 19:44:30,234
TEL ,2018-09-30 20:44:29,234
TEL ,2018-09-30 21:44:28,234
TEL ,2018-09-30 22:44:30,234
TEL ,2018-09-30 23:44:31,234
TEL ,2018-10-01 00:44:32,234
TEL ,2018-10-01 01:44:30,234
TEL ,2018-10-01 02:44:32,234
TEL ,2018-10-01 03:44:31,234
TEL ,2018-10-01 04:44:31,234
TEL ,2018-10-01 05:44:31,234
TEL ,2018-10-01 06:44:30,234
TEL ,2018-10-01 07:44:30,234
TEL ,2018-10-01 08:44:31,234
TEL ,2018-10-01 09:44:29,234
TEL ,2018-10-01 10:44:28,234
TEL ,2018-10-01 11:44:29,234
TEL ,2018-10-01 12:44:29,234
TEL ,2018-10-01 14:09:48,236
TEL ,2018-10-01 14:44:34,236
TEL ,2018-10-01 15:44:31,236
TEL ,2018-10-01 16:44:32,237
TEL ,2018-10-01 17:44:36,238
TEL ,2018-10-01 18:44:31,237
TEL ,2018-10-01 19:44:34,236
TEL ,2018-10-01 20:44:30,236
TEL ,2018-10-01 21:44:30,236
TEL ,2018-10-01 22:44:30,236
TEL ,2018-10-01 23:44:32,236
TEL ,2018-10-02 00:44:35,236
TEL ,2018-10-02 01:44:31,236
TEL ,2018-10-02 02:44:31,236
TEL ,2018-10-02 03:44:31,236
TEL ,2018-10-02 04:44:32,236
TEL ,2018-10-02 05:44:30,236
TEL ,2018-10-02 06:44:31,236
TEL ,2018-10-02 07:44:31,236
TEL ,2018-10-02 08:44:30,236
TEL ,2018-10-02 09:44:30,236
TEL ,2018-10-02 10:44:28,236
TEL ,2018-10-02 11:44:30,236
TEL ,2018-10-02 12:44:30,236
TEL ,2018-10-02 13:44:35,236
TEL ,2018-10-02 14:44:34,233
TEL ,2018-10-02 15:44:33,233
TEL ,2018-10-02 16:44:32,233
TEL ,2018-10-02 17:44:31,233
TEL ,2018-10-02 18:44:32,233
TEL ,2018-10-02 19:44:32,233
TEL ,2018-10-02 20:44:32,232
TEL ,2018-10-02 21:44:31,232
TEL ,2018-10-02 22:44:30,232
TEL ,2018-10-02 23:44:31,232
TEL ,2018-10-03 00:44:30,232
TEL ,2018-10-03 01:44:29,232
TEL ,2018-10-03 02:45:02,232
TEL ,2018-10-03 03:44:32,232
TEL ,2018-10-03 04:44:35,232
TEL ,2018-10-03 05:44:33,232
TEL ,2018-10-03 06:44:31,232
TEL ,2018-10-03 07:44:32,232
TEL ,2018-10-03 08:44:32,232
TEL ,2018-10-03 09:44:32,232
TEL ,2018-10-03 10:44:32,232
TEL ,2018-10-03 11:44:33,232
TEL ,2018-10-03 12:44:32,232
TEL ,2018-10-03 13:45:46,232
TEL ,2018-10-03 15:09:39,232
TEL ,2018-10-03 15:44:33,232
TEL ,2018-10-03 16:44:34,232
TEL ,2018-10-03 17:44:33,232
TEL ,2018-10-03 18:44:33,232
TEL ,2018-10-03 19:44:31,232
TEL ,2018-10-03 20:44:30,232
TEL ,2018-10-03 21:44:31,232
TEL ,2018-10-03 22:44:32,232
TEL ,2018-10-03 23:44:30,232
TEL ,2018-10-04 00:44:34,232
TEL ,2018-10-04 01:44:32,232
TEL ,2018-10-04 02:44:30,232
TEL ,2018-10-04 03:44:29,232
TEL ,2018-10-04 04:44:30,232
TEL ,2018-10-04 05:44:30,232
TEL ,2018-10-04 06:44:29,232
TEL ,2018-10-04 07:44:30,232
TEL ,2018-10-04 08:44:28,232
TEL ,2018-10-04 09:44:29,232
TEL ,2018-10-04 10:44:30,232
TEL ,2018-10-04 11:44:29,232
TEL ,2018-10-04 12:44:30,232
TEL ,2018-10-04 14:10:42,231
TEL ,2018-10-04 14:44:32,231
TEL ,2018-10-04 15:44:31,231
TEL ,2018-10-04 16:44:34,230
TEL ,2018-10-04 17:44:34,230
TEL ,2018-10-04 18:44:32,229
TEL ,2018-10-04 19:44:33,229
TEL ,2018-10-04 20:44:31,229
TEL ,2018-10-04 21:44:31,229
TEL ,2018-10-04 22:44:30,229
TEL ,2018-10-04 23:44:30,229
TEL ,2018-10-05 00:44:31,229
TEL ,2018-10-05 01:44:31,229
TEL ,2018-10-05 02:44:30,229
TEL ,2018-10-05 03:44:31,229
TEL ,2018-10-05 04:44:32,229
TEL ,2018-10-05 05:44:32,229
TEL ,2018-10-05 06:44:31,229
TEL ,2018-10-05 07:44:30,229
TEL ,2018-10-05 08:44:29,229
TEL ,2018-10-05 09:44:31,229
TEL ,2018-10-05 10:44:31,229
TEL ,2018-10-05 11:44:30,229
TEL ,2018-10-05 12:44:30,229
TEL ,2018-10-05 13:44:38,229
TEL ,2018-10-05 14:44:32,229
TEL ,2018-10-05 15:44:34,228
TEL ,2018-10-05 16:44:36,228
TEL ,2018-10-05 17:44:36,228
TEL ,2018-10-05 18:44:35,229
TEL ,2018-10-05 19:44:32,229
TEL ,2018-10-05 20:44:30,231
TEL ,2018-10-05 21:44:30,231
TEL ,2018-10-05 22:44:30,231
TEL ,2018-10-05 23:44:29,231
TEL ,2018-10-06 00:44:31,231
TEL ,2018-10-06 01:44:31,231
TEL ,2018-10-06 02:44:32,231
TEL ,2018-10-06 03:44:31,231
TEL ,2018-10-06 04:44:31,231
TEL ,2018-10-06 05:44:31,231
TEL ,2018-10-06 06:44:32,231
TEL ,2018-10-06 07:44:31,231
TEL ,2018-10-06 08:44:30,231
TEL ,2018-10-06 09:44:30,231
TEL ,2018-10-06 10:44:31,231
TEL ,2018-10-06 11:44:30,231
TEL ,2018-10-06 12:44:30,231
TEL ,2018-10-06 13:44:30,231
TEL ,2018-10-06 14:44:31,231
TEL ,2018-10-06 15:44:31,231
TEL ,2018-10-06 16:44:31,231
TEL ,2018-10-06 17:44:30,231
TEL ,2018-10-06 18:44:31,231
TEL ,2018-10-06 19:44:32,231
TEL ,2018-10-06 20:44:30,231
TEL ,2018-10-06 21:44:31,231
TEL ,2018-10-06 22:44:30,231
TEL ,2018-10-06 23:44:31,231
TEL ,2018-10-07 00:44:30,231
TEL ,2018-10-07 01:44:31,231
TEL ,2018-10-07 02:44:31,231
TEL ,2018-10-07 03:44:31,231
TEL ,2018-10-07 04:44:31,231
TEL ,2018-10-07 05:44:32,231
TEL ,2018-10-07 06:44:31,231
TEL ,2018-10-07 07:44:32,231
TEL ,2018-10-07 08:44:30,231
TEL ,2018-10-07 09:44:30,231
TEL ,2018-10-07 10:44:30,231
TEL ,2018-10-07 11:44:29,231
TEL ,2018-10-07 12:44:30,231
TEL ,2018-10-07 13:44:31,231
TEL ,2018-10-07 14:44:32,231
TEL ,2018-10-07 15:44:31,231
TEL ,2018-10-07 16:44:32,231
TEL ,2018-10-07 17:44:31,231
TEL ,2018-10-07 18:44:31,231
TEL ,2018-10-07 19:44:31,231
TEL ,2018-10-07 20:44:31,231
TEL ,2018-10-07 21:44:31,231
TEL ,2018-10-07 22:44:31,231
TEL ,2018-10-07 23:44:31,231
TEL ,2018-10-08 00:44:30,231
TEL ,2018-10-08 01:44:30,231
TEL ,2018-10-08 02:44:32,231
TEL ,2018-10-08 03:44:30,231
TEL ,2018-10-08 04:44:30,231
TEL ,2018-10-08 05:44:29,231
TEL ,2018-10-08 06:44:31,231
TEL ,2018-10-08 07:44:29,231
TEL ,2018-10-08 08:44:29,231
TEL ,2018-10-08 09:44:29,231
TEL ,2018-10-08 10:44:29,231
TEL ,2018-10-08 11:44:29,231
TEL ,2018-10-08 12:44:30,231
TEL ,2018-10-08 13:44:42,231
TEL ,2018-10-08 14:44:34,230
TEL ,2018-10-08 15:45:04,230
TEL ,2018-10-08 16:44:34,230
TEL ,2018-10-08 17:44:33,230
TEL ,2018-10-08 18:44:32,230
TEL ,2018-10-08 19:44:32,230
TEL ,2018-10-08 20:44:30,230
TEL ,2018-10-08 21:44:30,230
TEL ,2018-10-08 22:44:29,230
TEL ,2018-10-08 23:44:32,230
TEL ,2018-10-09 00:44:29,230
TEL ,2018-10-09 01:45:00,230
TEL ,2018-10-09 02:44:29,230
TEL ,2018-10-09 03:44:34,230
TEL ,2018-10-09 04:44:29,230
TEL ,2018-10-09 05:44:29,230
TEL ,2018-10-09 06:44:29,230
TEL ,2018-10-09 07:44:29,230
TEL ,2018-10-09 08:44:28,230
TEL ,2018-10-09 09:44:28,230
TEL ,2018-10-09 10:44:29,230
TEL ,2018-10-09 11:44:29,230
TEL ,2018-10-09 12:44:29,230
TEL ,2018-10-09 13:44:37,230
TEL ,2018-10-09 14:44:35,230
TEL ,2018-10-09 15:44:33,229
TEL ,2018-10-09 16:44:30,229
TEL ,2018-10-09 17:44:29,229
TEL ,2018-10-09 18:44:30,228
TEL ,2018-10-09 19:44:28,228
TEL ,2018-10-09 21:44:27,227
TEL ,2018-10-09 22:44:30,227
TEL ,2018-10-09 23:44:29,227
TEL ,2018-10-10 00:44:29,227
TEL ,2018-10-10 01:44:29,227
TEL ,2018-10-10 02:44:30,227
TEL ,2018-10-10 03:44:36,227
TEL ,2018-10-10 04:44:30,227
TEL ,2018-10-10 05:44:30,227
TEL ,2018-10-10 06:44:29,227
TEL ,2018-10-10 07:44:29,227
TEL ,2018-10-10 08:44:30,227
TEL ,2018-10-10 09:44:29,227
TEL ,2018-10-10 10:44:29,227
TEL ,2018-10-10 11:44:28,227
TEL ,2018-10-10 12:44:29,227
TEL ,2018-10-10 13:44:36,227
TEL ,2018-10-10 14:44:33,227
TEL ,2018-10-10 15:44:34,227
TEL ,2018-10-10 16:44:30,227
TEL ,2018-10-10 17:44:30,227
TEL ,2018-10-10 18:44:35,227
TEL ,2018-10-10 19:44:38,227
TEL ,2018-10-10 20:44:32,226
TEL ,2018-10-10 21:44:29,226
TEL ,2018-10-10 22:44:30,225
TEL ,2018-10-10 23:44:30,225
TEL ,2018-10-11 00:44:32,225
TEL ,2018-10-11 01:44:30,225
TEL ,2018-10-11 02:44:29,225
TEL ,2018-10-11 03:44:28,225
TEL ,2018-10-11 04:44:28,225
TEL ,2018-10-11 05:44:28,225
TEL ,2018-10-11 06:44:29,225
TEL ,2018-10-11 07:44:27,225
TEL ,2018-10-11 08:44:29,225
TEL ,2018-10-11 09:44:29,225
TEL ,2018-10-11 10:44:30,225
TEL ,2018-10-11 11:44:29,225
TEL ,2018-10-11 12:44:28,225
TEL ,2018-10-11 13:44:35,225
TEL ,2018-10-11 14:44:29,224
TEL ,2018-10-11 15:44:31,224
TEL ,2018-10-11 16:44:33,224
TEL ,2018-10-11 17:44:31,224
TEL ,2018-10-11 18:44:35,224
TEL ,2018-10-11 19:44:32,224
TEL ,2018-10-11 20:44:30,225
TEL ,2018-10-11 21:44:30,225
TEL ,2018-10-11 22:44:28,225
TEL ,2018-10-11 23:44:31,225
TEL ,2018-10-12 00:44:29,225
TEL ,2018-10-12 01:44:29,225
TEL ,2018-10-12 02:44:31,225
TEL ,2018-10-12 03:44:29,225
TEL ,2018-10-12 04:44:30,225
TEL ,2018-10-12 05:44:28,225
TEL ,2018-10-12 06:44:28,225
TEL ,2018-10-12 07:44:28,225
TEL ,2018-10-12 08:44:28,225
TEL ,2018-10-12 09:44:30,225
TEL ,2018-10-12 10:44:29,225
TEL ,2018-10-12 11:44:29,225
TEL ,2018-10-12 12:44:31,225
TEL ,2018-10-12 13:44:39,225
TEL ,2018-10-12 14:44:31,230
TEL ,2018-10-12 15:44:33,232
TEL ,2018-10-12 16:44:35,234
TEL ,2018-10-12 17:44:31,234
TEL ,2018-10-12 18:44:30,235
TEL ,2018-10-12 19:44:32,235
TEL ,2018-10-12 20:44:30,234
TEL ,2018-10-12 21:44:30,234
TEL ,2018-10-12 22:44:30,234
TEL ,2018-10-12 23:44:30,234
TEL ,2018-10-13 00:44:30,234
TEL ,2018-10-13 01:44:31,234
TEL ,2018-10-13 02:44:32,234
TEL ,2018-10-13 03:44:31,234
TEL ,2018-10-13 04:44:31,234
TEL ,2018-10-13 05:44:29,234
TEL ,2018-10-13 06:44:30,234
TEL ,2018-10-13 07:44:31,234
TEL ,2018-10-13 08:44:32,234
TEL ,2018-10-13 09:44:31,234
TEL ,2018-10-13 10:44:30,234
TEL ,2018-10-13 11:44:29,234
TEL ,2018-10-13 12:44:30,234
TEL ,2018-10-13 13:44:30,234
TEL ,2018-10-13 14:44:31,234
TEL ,2018-10-13 15:44:30,234
TEL ,2018-10-13 16:44:30,234
TEL ,2018-10-13 17:44:30,234
TEL ,2018-10-13 18:44:30,234
TEL ,2018-10-13 19:44:31,234
TEL ,2018-10-13 20:44:31,234
TEL ,2018-10-13 21:44:31,234
TEL ,2018-10-13 22:44:33,234
TEL ,2018-10-13 23:44:31,234
TEL ,2018-10-14 00:44:33,234
TEL ,2018-10-14 01:44:31,234
TEL ,2018-10-14 02:44:30,234
TEL ,2018-10-14 03:44:30,234
TEL ,2018-10-14 04:44:31,234
TEL ,2018-10-14 05:44:29,234
TEL ,2018-10-14 06:44:30,234
TEL ,2018-10-14 07:44:30,234
TEL ,2018-10-14 08:44:29,234
TEL ,2018-10-14 09:44:30,234
TEL ,2018-10-14 10:44:30,234
TEL ,2018-10-14 11:44:30,234
TEL ,2018-10-14 12:44:31,234
TEL ,2018-10-14 13:44:29,234
TEL ,2018-10-14 14:44:30,234
TEL ,2018-10-14 15:44:31,234
TEL ,2018-10-14 16:44:29,234
TEL ,2018-10-14 17:44:29,234
TEL ,2018-10-14 18:44:30,234
TEL ,2018-10-14 19:44:30,234
TEL ,2018-10-14 20:44:29,234
TEL ,2018-10-14 21:44:31,234
TEL ,2018-10-14 22:44:30,234
TEL ,2018-10-14 23:44:30,234
TEL ,2018-10-15 00:44:32,234
TEL ,2018-10-15 01:44:30,234
TEL ,2018-10-15 02:44:29,234
TEL ,2018-10-15 03:44:31,234
TEL ,2018-10-15 04:44:29,234
TEL ,2018-10-15 05:44:30,234
TEL ,2018-10-15 06:44:32,234
TEL ,2018-10-15 07:44:31,234
TEL ,2018-10-15 08:44:43,234
TEL ,2018-10-15 09:44:30,234
TEL ,2018-10-15 10:44:30,234
TEL ,2018-10-15 11:44:29,234
TEL ,2018-10-15 12:44:29,234
TEL ,2018-10-15 13:44:36,234
TEL ,2018-10-15 14:44:32,234
TEL ,2018-10-15 15:44:33,235
TEL ,2018-10-15 16:44:34,236
TEL ,2018-10-15 17:44:33,236
TEL ,2018-10-15 18:44:31,236
TEL ,2018-10-15 19:44:33,236
TEL ,2018-10-15 20:44:34,236
TEL ,2018-10-15 21:44:34,236
TEL ,2018-10-15 22:44:31,236
TEL ,2018-10-15 23:44:32,236
TEL ,2018-10-16 00:44:33,236
TEL ,2018-10-16 01:44:35,236
TEL ,2018-10-16 02:44:32,236
TEL ,2018-10-16 03:44:31,236
TEL ,2018-10-16 04:44:32,236
TEL ,2018-10-16 09:44:29,236
TEL ,2018-10-16 10:44:31,236
TEL ,2018-10-16 11:44:29,236
TEL ,2018-10-16 12:44:30,236
TEL ,2018-10-16 13:44:38,236
TEL ,2018-10-16 14:44:34,236
TEL ,2018-10-16 15:44:35,236
TEL ,2018-10-16 16:44:31,236
TEL ,2018-10-16 17:44:35,236
TEL ,2018-10-16 18:44:36,237
TEL ,2018-10-16 19:44:35,237
TEL ,2018-10-16 20:44:32,237
TEL ,2018-10-16 21:44:31,237
TEL ,2018-10-16 22:44:32,237
TEL ,2018-10-16 23:44:32,237
TEL ,2018-10-17 00:44:32,237
TEL ,2018-10-17 01:44:32,237
TEL ,2018-10-17 02:44:32,237
TEL ,2018-10-17 03:44:31,237
TEL ,2018-10-17 04:44:31,237
TEL ,2018-10-17 05:44:32,237
TEL ,2018-10-17 06:44:31,237
TEL ,2018-10-17 07:44:31,237
TEL ,2018-10-17 08:44:31,237
TEL ,2018-10-17 09:44:31,237
TEL ,2018-10-17 10:44:30,237
TEL ,2018-10-17 11:44:30,237
TEL ,2018-10-17 12:44:31,237
TEL ,2018-10-17 14:10:36,237
TEL ,2018-10-17 14:44:32,237
TEL ,2018-10-17 15:44:34,239
TEL ,2018-10-17 16:44:33,240
TEL ,2018-10-17 17:44:34,240
TEL ,2018-10-17 18:44:34,241
TEL ,2018-10-17 19:44:33,240
TEL ,2018-10-17 20:44:33,240
TEL ,2018-10-17 21:44:32,240
TEL ,2018-10-17 22:44:31,240
TEL ,2018-10-17 23:44:31,240
TEL ,2018-10-18 00:44:33,240
TEL ,2018-10-18 01:44:32,240
TEL ,2018-10-18 02:44:32,240
TEL ,2018-10-18 03:44:33,240
TEL ,2018-10-18 04:44:29,240
TEL ,2018-10-18 05:44:30,240
TEL ,2018-10-18 06:44:29,240
TEL ,2018-10-18 07:44:29,240
TEL ,2018-10-18 08:44:29,240
TEL ,2018-10-18 09:44:29,240
TEL ,2018-10-18 10:44:30,240
TEL ,2018-10-18 11:44:28,240
TEL ,2018-10-18 13:09:32,240
TEL ,2018-10-18 13:44:34,240
TEL ,2018-10-18 14:44:34,239
TEL ,2018-10-18 15:44:35,239
TEL ,2018-10-18 16:44:32,239
TEL ,2018-10-18 17:44:31,239
TEL ,2018-10-18 18:44:30,239
TEL ,2018-10-18 19:44:31,239
TEL ,2018-10-18 20:44:31,239
TEL ,2018-10-18 21:44:31,239
TEL ,2018-10-18 22:44:30,239
TEL ,2018-10-18 23:44:29,239
TEL ,2018-10-19 00:44:31,239
TEL ,2018-10-19 01:44:32,239
TEL ,2018-10-19 02:44:31,239
TEL ,2018-10-19 03:44:31,239
TEL ,2018-10-19 04:44:30,239
TEL ,2018-10-19 05:44:29,239
TEL ,2018-10-19 06:44:30,239
TEL ,2018-10-19 07:44:31,239
TEL ,2018-10-19 08:44:29,239
TEL ,2018-10-19 09:44:29,239
TEL ,2018-10-19 10:44:29,239
TEL ,2018-10-19 11:44:30,239
TEL ,2018-10-19 13:09:06,239
TEL ,2018-10-19 13:44:38,239
TEL ,2018-10-19 14:44:33,238
TEL ,2018-10-19 15:44:34,238
TEL ,2018-10-19 16:44:32,237
TEL ,2018-10-19 17:44:31,239
TEL ,2018-10-19 18:44:32,237
TEL ,2018-10-19 19:44:33,237
TEL ,2018-10-19 20:44:33,237
TEL ,2018-10-19 21:44:31,237
TEL ,2018-10-19 22:44:31,237
TEL ,2018-10-19 23:45:00,237
TEL ,2018-10-20 00:44:31,237
TEL ,2018-10-20 01:44:33,237
TEL ,2018-10-20 02:44:30,237
TEL ,2018-10-20 03:44:30,237
TEL ,2018-10-20 04:44:31,237
TEL ,2018-10-20 05:44:32,237
TEL ,2018-10-20 06:44:32,237
TEL ,2018-10-20 07:44:30,237
TEL ,2018-10-20 08:44:31,237
TEL ,2018-10-20 09:44:30,237
TEL ,2018-10-20 10:44:31,237
TEL ,2018-10-20 11:44:31,237
TEL ,2018-10-20 12:44:31,237
TEL ,2018-10-20 13:44:32,237
TEL ,2018-10-20 14:44:34,237
TEL ,2018-10-20 15:44:33,237
TEL ,2018-10-20 16:44:32,237
TEL ,2018-10-20 17:44:31,237
TEL ,2018-10-20 18:44:31,237
TEL ,2018-10-20 19:44:32,237
TEL ,2018-10-20 20:44:32,237
TEL ,2018-10-20 21:44:33,237
TEL ,2018-10-20 22:44:31,237
TEL ,2018-10-20 23:44:31,237
TEL ,2018-10-21 00:44:32,237
TEL ,2018-10-21 01:44:32,237
TEL ,2018-10-21 02:44:31,237
TEL ,2018-10-21 03:44:32,237
TEL ,2018-10-21 04:44:31,237
TEL ,2018-10-21 05:44:31,237
TEL ,2018-10-21 06:44:30,237
TEL ,2018-10-21 07:44:36,237
TEL ,2018-10-21 08:44:31,237
TEL ,2018-10-21 09:44:30,237
TEL ,2018-10-21 10:44:29,237
TEL ,2018-10-21 11:44:30,237
TEL ,2018-10-21 12:44:30,237
TEL ,2018-10-21 13:44:36,237
TEL ,2018-10-21 14:44:34,237
TEL ,2018-10-21 15:44:33,237
TEL ,2018-10-21 16:44:31,237
TEL ,2018-10-21 17:44:32,237
TEL ,2018-10-21 18:44:32,237
TEL ,2018-10-21 19:44:31,237
TEL ,2018-10-21 20:44:31,237
TEL ,2018-10-21 21:44:31,237
TEL ,2018-10-21 22:44:32,237
TEL ,2018-10-21 23:44:31,237
TEL ,2018-10-22 00:44:35,237
TEL ,2018-10-22 01:44:35,237
TEL ,2018-10-22 02:44:34,237
TEL ,2018-10-22 03:44:34,237
TEL ,2018-10-22 04:44:35,237
TEL ,2018-10-22 05:44:32,237
TEL ,2018-10-22 06:44:32,237
TEL ,2018-10-22 07:44:35,237
TEL ,2018-10-22 08:44:31,237
TEL ,2018-10-22 09:44:32,237
TEL ,2018-10-22 10:44:31,237
TEL ,2018-10-22 11:44:31,237
TEL ,2018-10-22 12:44:32,237
TEL ,2018-10-22 13:44:35,237
TEL ,2018-10-22 14:44:35,238
TEL ,2018-10-22 15:44:33,238
TEL ,2018-10-22 16:44:31,238
TEL ,2018-10-22 17:44:32,237
TEL ,2018-10-22 18:44:29,238
TEL ,2018-10-22 19:44:32,238
TEL ,2018-10-22 20:44:31,239
TEL ,2018-10-22 21:44:32,239
TEL ,2018-10-22 22:44:31,239
TEL ,2018-10-22 23:44:31,239
TEL ,2018-10-23 00:44:32,239
TEL ,2018-10-23 01:44:31,239
TEL ,2018-10-23 02:44:31,239
TEL ,2018-10-23 03:44:30,239
TEL ,2018-10-23 04:44:30,239
TEL ,2018-10-23 05:44:30,239
TEL ,2018-10-23 06:44:30,239
TEL ,2018-10-23 07:44:33,239
TEL ,2018-10-23 08:44:29,239
TEL ,2018-10-23 09:44:30,239
TEL ,2018-10-23 10:44:30,239
TEL ,2018-10-23 11:44:30,239
TEL ,2018-10-23 12:44:29,239
TEL ,2018-10-23 13:44:36,239
TEL ,2018-10-23 14:44:33,238
TEL ,2018-10-23 15:44:31,238
TEL ,2018-10-23 16:44:32,237
TEL ,2018-10-23 17:44:32,237
TEL ,2018-10-23 18:44:33,237
TEL ,2018-10-23 19:44:32,238
TEL ,2018-10-23 20:44:31,238
TEL ,2018-10-23 21:44:33,238
TEL ,2018-10-23 22:44:32,238
TEL ,2018-10-23 23:44:31,238
TEL ,2018-10-24 00:44:31,238
TEL ,2018-10-24 01:44:32,238
TEL ,2018-10-24 02:44:33,238
TEL ,2018-10-24 03:44:32,238
TEL ,2018-10-24 04:44:33,238
TEL ,2018-10-24 05:44:33,238
TEL ,2018-10-24 06:44:34,238
TEL ,2018-10-24 07:44:32,238
TEL ,2018-10-24 08:44:32,238
TEL ,2018-10-24 09:44:31,238
TEL ,2018-10-24 10:44:31,238
TEL ,2018-10-24 11:44:31,238
TEL ,2018-10-24 12:44:30,238
TEL ,2018-10-24 13:44:35,238
TEL ,2018-10-24 14:44:34,238
TEL ,2018-10-24 15:44:34,237
TEL ,2018-10-24 16:44:32,238
TEL ,2018-10-24 17:44:31,239
TEL ,2018-10-24 18:44:33,238
TEL ,2018-10-24 19:44:32,238
TEL ,2018-10-24 20:44:36,238
TEL ,2018-10-24 21:44:33,238
TEL ,2018-10-24 22:44:32,238
TEL ,2018-10-24 23:44:30,238
TEL ,2018-10-25 00:44:31,238
TEL ,2018-10-25 01:44:32,238
TEL ,2018-10-25 02:44:32,238
TEL ,2018-10-25 03:44:31,238
TEL ,2018-10-25 04:44:32,238
TEL ,2018-10-25 05:44:32,238
TEL ,2018-10-25 06:44:32,238
TEL ,2018-10-25 07:44:32,238
TEL ,2018-10-25 08:44:32,238
TEL ,2018-10-25 09:44:31,238
TEL ,2018-10-25 10:44:32,238
TEL ,2018-10-25 11:44:33,238
TEL ,2018-10-25 14:10:43,238
TEL ,2018-10-25 14:44:36,238
TEL ,2018-10-25 15:44:35,238
TEL ,2018-10-25 16:44:33,237
TEL ,2018-10-25 17:44:34,237
TEL ,2018-10-25 18:44:35,237
TEL ,2018-10-25 19:44:32,237
TEL ,2018-10-25 20:44:33,237
TEL ,2018-10-25 21:44:33,237
TEL ,2018-10-25 22:44:32,237
TEL ,2018-10-25 23:44:34,237
TEL ,2018-10-26 00:44:32,237
TEL ,2018-10-26 01:44:32,237
TEL ,2018-10-26 02:44:34,237
TEL ,2018-10-26 03:44:35,237
TEL ,2018-10-26 04:44:35,237
TEL ,2018-10-26 05:44:31,237
TEL ,2018-10-26 06:44:31,237
TEL ,2018-10-26 07:44:31,237
TEL ,2018-10-26 08:44:30,237
TEL ,2018-10-26 09:44:31,237
TEL ,2018-10-26 10:44:31,237
TEL ,2018-10-26 11:44:31,237
TEL ,2018-10-26 12:44:31,237
TEL ,2018-10-26 13:44:32,237
TEL ,2018-10-26 14:44:33,237
TEL ,2018-10-26 15:44:32,237
TEL ,2018-10-26 16:44:32,236
TEL ,2018-10-26 17:44:32,236
TEL ,2018-10-26 18:44:31,236
TEL ,2018-10-26 19:44:31,236
TEL ,2018-10-26 20:44:31,236
TEL ,2018-10-26 21:44:31,236
TEL ,2018-10-26 22:44:31,236
TEL ,2018-10-26 23:44:30,236
TEL ,2018-10-27 00:44:30,236
TEL ,2018-10-27 01:44:31,236
TEL ,2018-10-27 02:44:30,236
TEL ,2018-10-27 03:44:30,236
TEL ,2018-10-27 04:44:30,236
TEL ,2018-10-27 05:44:31,236
TEL ,2018-10-27 06:44:31,236
TEL ,2018-10-27 07:44:31,236
TEL ,2018-10-27 08:44:32,236
TEL ,2018-10-27 09:44:31,236
TEL ,2018-10-27 10:44:31,236
TEL ,2018-10-27 11:44:31,236
TEL ,2018-10-27 12:44:31,236
TEL ,2018-10-27 13:44:30,236
TEL ,2018-10-27 14:44:31,236
TEL ,2018-10-27 15:44:32,236
TEL ,2018-10-27 16:44:31,236
TEL ,2018-10-27 17:44:31,236
TEL ,2018-10-27 18:44:30,236
TEL ,2018-10-27 19:44:31,236
TEL ,2018-10-27 20:44:30,236
TEL ,2018-10-27 21:44:31,236
TEL ,2018-10-27 22:44:30,236
TEL ,2018-10-27 23:44:30,236
TEL ,2018-10-28 00:44:31,236
TEL ,2018-10-28 01:44:31,236
TEL ,2018-10-28 02:44:30,236
TEL ,2018-10-28 03:44:31,236
TEL ,2018-10-28 04:44:30,236
TEL ,2018-10-28 05:44:31,236
TEL ,2018-10-28 06:44:31,236
TEL ,2018-10-28 07:44:29,236
TEL ,2018-10-28 08:44:30,236
TEL ,2018-10-28 09:44:31,236
TEL ,2018-10-28 10:44:30,236
TEL ,2018-10-28 11:44:30,236
TEL ,2018-10-28 12:44:29,236
TEL ,2018-10-28 13:44:31,236
TEL ,2018-10-28 14:44:30,236
TEL ,2018-10-28 15:44:30,236
TEL ,2018-10-28 16:44:31,236
TEL ,2018-10-28 17:44:30,236
TEL ,2018-10-28 18:44:30,236
TEL ,2018-10-28 19:44:29,236
TEL ,2018-10-28 20:44:30,236
TEL ,2018-10-28 21:44:30,236
TEL ,2018-10-28 22:44:30,236
TEL ,2018-10-28 23:44:30,236
TEL ,2018-10-29 00:44:30,236
TEL ,2018-10-29 01:44:31,236
TEL ,2018-10-29 02:44:31,236
TEL ,2018-10-29 03:44:29,236
TEL ,2018-10-29 04:44:31,236
TEL ,2018-10-29 05:44:30,236
TEL ,2018-10-29 06:44:31,236
TEL ,2018-10-29 07:44:29,236
TEL ,2018-10-29 08:44:31,236
TEL ,2018-10-29 09:44:30,236
TEL ,2018-10-29 10:44:30,236
TEL ,2018-10-29 11:44:30,236
TEL ,2018-10-29 12:44:30,236
TEL ,2018-10-29 13:44:35,236
TEL ,2018-10-29 14:44:33,236
TEL ,2018-10-29 15:44:30,234
TEL ,2018-10-29 16:44:32,234
TEL ,2018-10-29 17:44:31,234
TEL ,2018-10-29 18:44:32,234
TEL ,2018-10-29 19:44:32,234
TEL ,2018-10-29 20:44:31,234
TEL ,2018-10-29 21:44:31,234
TEL ,2018-10-29 22:44:32,234
TEL ,2018-10-29 23:44:31,234
TEL ,2018-10-30 00:44:31,234
TEL ,2018-10-30 01:44:30,234
TEL ,2018-10-30 02:44:32,234
TEL ,2018-10-30 03:44:31,234
TEL ,2018-10-30 04:44:32,234
TEL ,2018-10-30 05:44:30,234
TEL ,2018-10-30 06:44:30,234
TEL ,2018-10-30 07:44:29,234
TEL ,2018-10-30 08:44:30,234
TEL ,2018-10-30 09:44:31,234
TEL ,2018-10-30 10:44:31,234
TEL ,2018-10-30 11:44:31,234
TEL ,2018-10-30 12:44:30,234
TEL ,2018-10-30 13:44:35,234
TEL ,2018-10-30 14:44:35,234
TEL ,2018-10-30 15:44:34,235
TEL ,2018-10-30 16:44:32,235
TEL ,2018-10-30 17:44:30,235
TEL ,2018-10-30 18:44:31,235
TEL ,2018-10-30 19:44:31,236
TEL ,2018-10-30 20:44:31,239
TEL ,2018-10-30 21:44:31,239
TEL ,2018-10-30 22:44:31,240
TEL ,2018-10-30 23:44:30,240
TEL ,2018-10-31 00:44:31,240
TEL ,2018-10-31 01:44:33,240
TEL ,2018-10-31 02:44:32,240
TEL ,2018-10-31 03:44:30,240
TEL ,2018-10-31 04:44:31,240
TEL ,2018-10-31 05:44:31,240
TEL ,2018-10-31 06:44:30,240
TEL ,2018-10-31 07:44:29,240
TEL ,2018-10-31 08:44:31,240
TEL ,2018-10-31 09:44:30,240
TEL ,2018-10-31 10:44:30,240
TEL ,2018-10-31 11:44:31,240
TEL ,2018-10-31 12:44:32,240
TEL ,2018-10-31 14:11:08,234
TEL ,2018-10-31 14:44:33,234
TEL ,2018-10-31 15:44:33,236
TEL ,2018-10-31 16:44:33,236
TEL ,2018-10-31 17:44:31,236
TEL ,2018-10-31 18:44:32,235
TEL ,2018-10-31 19:44:32,236
TEL ,2018-10-31 20:44:31,236
TEL ,2018-10-31 21:44:31,236
TEL ,2018-10-31 22:44:31,236
TEL ,2018-10-31 23:44:32,236
TEL ,2018-11-01 00:44:31,236
TEL ,2018-11-01 01:44:31,236
TEL ,2018-11-01 02:44:31,236
TEL ,2018-11-01 03:44:31,236
TEL ,2018-11-01 04:44:31,236
TEL ,2018-11-01 05:44:31,236
TEL ,2018-11-01 06:44:32,236
TEL ,2018-11-01 07:44:31,236
TEL ,2018-11-01 08:44:32,236
TEL ,2018-11-01 09:44:32,236
TEL ,2018-11-01 10:44:33,236
TEL ,2018-11-01 11:44:31,236
TEL ,2018-11-01 12:44:32,236
TEL ,2018-11-01 13:44:33,236
TEL ,2018-11-01 14:44:37,236
TEL ,2018-11-01 15:44:36,237
TEL ,2018-11-01 16:44:34,237
TEL ,2018-11-01 17:44:33,237
TEL ,2018-11-01 18:44:36,237
TEL ,2018-11-01 19:44:36,236
TEL ,2018-11-01 20:44:37,237
TEL ,2018-11-01 21:44:34,237
TEL ,2018-11-01 22:44:34,237
TEL ,2018-11-01 23:44:32,237
TEL ,2018-11-02 00:44:32,237
TEL ,2018-11-02 01:44:32,237
TEL ,2018-11-02 02:44:33,237
TEL ,2018-11-02 03:44:35,237
TEL ,2018-11-02 04:44:32,237
TEL ,2018-11-02 05:44:32,237
TEL ,2018-11-02 06:44:31,237
TEL ,2018-11-02 07:44:32,237
TEL ,2018-11-02 08:44:32,237
TEL ,2018-11-02 09:44:33,237
TEL ,2018-11-02 10:44:31,237
TEL ,2018-11-02 11:44:30,237
TEL ,2018-11-02 12:44:32,237
TEL ,2018-11-02 14:09:09,237
TEL ,2018-11-02 14:44:36,237
TEL ,2018-11-02 15:44:35,238
TEL ,2018-11-02 16:44:35,238
TEL ,2018-11-02 17:44:36,239
TEL ,2018-11-02 18:44:32,238
TEL ,2018-11-02 19:44:33,237
TEL ,2018-11-02 20:44:34,237
TEL ,2018-11-02 21:44:33,237
TEL ,2018-11-02 22:44:33,237
TEL ,2018-11-02 23:44:33,237
TEL ,2018-11-03 00:44:34,237
TEL ,2018-11-03 01:44:32,237
TEL ,2018-11-03 02:44:35,237
TEL ,2018-11-03 03:44:33,237
TEL ,2018-11-03 04:44:32,237
TEL ,2018-11-03 05:44:33,237
TEL ,2018-11-03 06:44:31,237
TEL ,2018-11-03 07:44:30,237
TEL ,2018-11-03 08:44:32,237
TEL ,2018-11-03 09:44:33,237
TEL ,2018-11-03 10:44:31,237
TEL ,2018-11-03 11:44:32,237
TEL ,2018-11-03 12:44:32,237
TEL ,2018-11-03 13:44:31,237
TEL ,2018-11-03 14:44:32,237
TEL ,2018-11-03 15:44:32,237
TEL ,2018-11-03 16:44:32,237
TEL ,2018-11-03 17:44:40,237
TEL ,2018-11-03 18:44:36,237
TEL ,2018-11-03 19:44:33,237
TEL ,2018-11-03 20:44:32,237
TEL ,2018-11-03 21:45:35,237
TEL ,2018-11-03 22:44:32,237
TEL ,2018-11-03 23:44:33,237
TEL ,2018-11-04 00:44:33,237
TEL ,2018-11-04 01:44:33,237
TEL ,2018-11-04 02:44:33,237
TEL ,2018-11-04 03:44:33,237
TEL ,2018-11-04 04:44:34,237
TEL ,2018-11-04 05:44:32,237
TEL ,2018-11-04 06:44:33,237
TEL ,2018-11-04 07:44:32,237
TEL ,2018-11-04 08:44:33,237
TEL ,2018-11-04 09:44:31,237
TEL ,2018-11-04 10:44:31,237
TEL ,2018-11-04 11:44:32,237
TEL ,2018-11-04 12:44:32,237
TEL ,2018-11-04 13:44:32,237
TEL ,2018-11-04 14:44:32,237
TEL ,2018-11-04 15:44:32,237
TEL ,2018-11-04 16:44:32,237
TEL ,2018-11-04 17:44:32,237
TEL ,2018-11-04 18:44:33,237
TEL ,2018-11-04 19:44:33,237
TEL ,2018-11-04 20:44:31,237
TEL ,2018-11-04 21:44:32,237
TEL ,2018-11-04 22:44:33,237
TEL ,2018-11-04 23:44:33,237
TEL ,2018-11-05 00:44:32,237
TEL ,2018-11-05 01:44:33,237
TEL ,2018-11-05 02:44:31,237
TEL ,2018-11-05 03:44:34,237
TEL ,2018-11-05 04:44:35,237
TEL ,2018-11-05 05:44:34,237
TEL ,2018-11-05 06:44:31,237
TEL ,2018-11-05 07:44:35,237
TEL ,2018-11-05 08:44:32,237
TEL ,2018-11-05 09:44:32,237
TEL ,2018-11-05 10:44:32,237
TEL ,2018-11-05 11:44:31,237
TEL ,2018-11-05 12:44:31,237
TEL ,2018-11-05 13:44:32,237
TEL ,2018-11-05 14:44:40,237
TEL ,2018-11-05 15:44:34,237
TEL ,2018-11-05 16:44:38,237
TEL ,2018-11-05 17:44:32,237
TEL ,2018-11-05 18:44:31,237
TEL ,2018-11-05 19:44:32,237
TEL ,2018-11-05 20:44:34,237
TEL ,2018-11-05 21:44:35,238
TEL ,2018-11-05 22:44:35,238
TEL ,2018-11-05 23:44:32,238
TEL ,2018-11-06 00:44:31,238
TEL ,2018-11-06 01:44:32,238
TEL ,2018-11-06 02:44:32,238
TEL ,2018-11-06 03:44:34,238
TEL ,2018-11-06 04:44:33,238
TEL ,2018-11-06 05:44:33,238
TEL ,2018-11-06 06:44:32,238
TEL ,2018-11-06 07:44:34,238
TEL ,2018-11-06 08:44:33,238
TEL ,2018-11-06 09:44:33,238
TEL ,2018-11-06 10:44:34,238
TEL ,2018-11-06 11:44:33,238
TEL ,2018-11-06 12:44:33,238
TEL ,2018-11-06 13:44:34,238
TEL ,2018-11-06 14:44:40,238
TEL ,2018-11-06 15:44:39,238
TEL ,2018-11-06 16:44:37,236
TEL ,2018-11-06 17:44:43,238
TEL ,2018-11-06 18:44:37,238
TEL ,2018-11-06 19:44:34,238
TEL ,2018-11-06 20:44:36,238
TEL ,2018-11-06 21:44:34,237
TEL ,2018-11-06 22:44:36,237
TEL ,2018-11-06 23:44:34,237
TEL ,2018-11-07 00:44:35,237
TEL ,2018-11-07 01:44:33,237
TEL ,2018-11-07 02:44:35,237
TEL ,2018-11-07 03:44:34,237
TEL ,2018-11-07 04:44:33,237
TEL ,2018-11-07 05:44:33,237
TEL ,2018-11-07 06:44:33,237
TEL ,2018-11-07 07:44:33,237
TEL ,2018-11-07 08:44:33,237
TEL ,2018-11-07 09:44:32,237
TEL ,2018-11-07 10:44:33,237
TEL ,2018-11-07 11:44:33,237
TEL ,2018-11-07 12:44:34,237
TEL ,2018-11-07 13:44:33,237
TEL ,2018-11-07 14:44:41,237
TEL ,2018-11-07 15:44:35,237
TEL ,2018-11-07 16:44:34,237
TEL ,2018-11-07 17:44:38,238
TEL ,2018-11-07 18:44:37,238
TEL ,2018-11-07 19:44:37,237
TEL ,2018-11-07 20:44:37,237
TEL ,2018-11-07 21:44:34,237
TEL ,2018-11-07 22:44:35,237
TEL ,2018-11-07 23:44:34,237
TEL ,2018-11-08 00:44:33,237
TEL ,2018-11-08 01:44:34,237
TEL ,2018-11-08 02:44:33,237
TEL ,2018-11-08 03:44:34,237
TEL ,2018-11-08 04:44:34,237
TEL ,2018-11-08 05:44:34,237
TEL ,2018-11-08 06:44:46,237
TEL ,2018-11-08 07:44:34,237
TEL ,2018-11-08 08:44:34,237
TEL ,2018-11-08 09:44:33,237
TEL ,2018-11-08 10:44:33,237
TEL ,2018-11-08 11:44:33,237
TEL ,2018-11-08 12:44:33,237
TEL ,2018-11-08 13:44:33,237
TEL ,2018-11-08 14:44:38,237
TEL ,2018-11-08 15:44:37,239
TEL ,2018-11-08 16:44:37,239
TEL ,2018-11-08 17:44:34,240
TEL ,2018-11-08 18:44:33,240
TEL ,2018-11-08 19:44:34,239
TEL ,2018-11-08 20:44:38,239
TEL ,2018-11-08 21:44:37,238
TEL ,2018-11-08 22:44:34,238
TEL ,2018-11-08 23:44:33,238
TEL ,2018-11-09 00:44:34,238
TEL ,2018-11-09 01:44:34,238
TEL ,2018-11-09 02:44:35,238
TEL ,2018-11-09 03:44:35,238
TEL ,2018-11-09 04:44:35,238
TEL ,2018-11-09 05:44:35,238
TEL ,2018-11-09 06:44:33,238
TEL ,2018-11-09 07:44:34,238
TEL ,2018-11-09 08:44:33,238
TEL ,2018-11-09 09:44:33,238
TEL ,2018-11-09 10:44:32,238
TEL ,2018-11-09 11:44:33,238
TEL ,2018-11-09 12:44:33,238
TEL ,2018-11-09 13:44:32,238
TEL ,2018-11-09 15:08:37,240
TEL ,2018-11-09 15:44:36,240
TEL ,2018-11-09 16:44:36,240
TEL ,2018-11-09 17:44:35,239
TEL ,2018-11-09 18:44:34,239
TEL ,2018-11-09 19:44:50,239
TEL ,2018-11-09 20:44:37,239
TEL ,2018-11-09 21:44:36,239
TEL ,2018-11-09 22:44:35,239
TEL ,2018-11-09 23:44:33,239
TEL ,2018-11-10 00:44:34,239
TEL ,2018-11-10 01:44:35,239
TEL ,2018-11-10 02:44:33,239
TEL ,2018-11-10 03:44:34,239
TEL ,2018-11-10 04:44:34,239
TEL ,2018-11-10 05:44:33,239
TEL ,2018-11-10 06:44:33,239
TEL ,2018-11-10 07:44:33,239
TEL ,2018-11-10 08:44:33,239
TEL ,2018-11-10 09:44:33,239
TEL ,2018-11-10 10:44:32,239
TEL ,2018-11-10 11:44:34,239
TEL ,2018-11-10 12:44:32,239
TEL ,2018-11-10 13:44:33,239
TEL ,2018-11-10 14:44:34,239
TEL ,2018-11-10 15:44:37,239
TEL ,2018-11-10 16:44:34,239
TEL ,2018-11-10 17:44:35,239
TEL ,2018-11-10 18:44:36,239
TEL ,2018-11-10 19:44:36,239
TEL ,2018-11-10 20:44:34,239
TEL ,2018-11-10 21:44:34,239
TEL ,2018-11-10 22:44:35,239
TEL ,2018-11-10 23:44:34,239
TEL ,2018-11-11 00:44:35,239
TEL ,2018-11-11 01:44:35,239
TEL ,2018-11-11 02:44:33,239
TEL ,2018-11-11 03:44:35,239
TEL ,2018-11-11 04:44:33,239
TEL ,2018-11-11 05:44:35,239
TEL ,2018-11-11 06:44:33,239
TEL ,2018-11-11 07:44:35,239
TEL ,2018-11-11 08:44:33,239
TEL ,2018-11-11 09:44:35,239
TEL ,2018-11-11 10:44:35,239
TEL ,2018-11-11 11:44:33,239
TEL ,2018-11-11 12:44:34,239
TEL ,2018-11-11 13:44:33,239
TEL ,2018-11-11 14:44:35,239
TEL ,2018-11-11 15:44:35,239
TEL ,2018-11-11 16:44:33,239
TEL ,2018-11-11 17:44:34,239
TEL ,2018-11-11 18:44:34,239
TEL ,2018-11-11 19:44:33,239
TEL ,2018-11-11 20:44:35,239
TEL ,2018-11-11 21:44:33,239
TEL ,2018-11-11 22:44:34,239
TEL ,2018-11-11 23:44:33,239
TEL ,2018-11-12 00:44:35,239
TEL ,2018-11-12 01:44:32,239
TEL ,2018-11-12 02:44:34,239
TEL ,2018-11-12 03:44:35,239
TEL ,2018-11-12 04:44:34,239
TEL ,2018-11-12 05:44:35,239
TEL ,2018-11-12 06:44:35,239
TEL ,2018-11-12 07:44:34,239
TEL ,2018-11-12 08:44:35,239
TEL ,2018-11-12 09:44:34,239
TEL ,2018-11-12 10:44:34,239
TEL ,2018-11-12 11:44:35,239
TEL ,2018-11-12 12:44:33,239
TEL ,2018-11-12 13:44:34,239
TEL ,2018-11-12 14:44:37,239
TEL ,2018-11-12 15:44:34,239
TEL ,2018-11-12 16:44:36,239
TEL ,2018-11-12 17:44:33,239
TEL ,2018-11-12 18:44:34,239
TEL ,2018-11-12 19:44:36,239
TEL ,2018-11-12 20:44:35,240
TEL ,2018-11-12 21:44:34,240
TEL ,2018-11-12 22:45:19,240
TEL ,2018-11-12 23:44:33,240
TEL ,2018-11-13 00:44:35,240
TEL ,2018-11-13 01:44:34,240
TEL ,2018-11-13 02:44:35,240
TEL ,2018-11-13 03:44:35,240
TEL ,2018-11-13 04:44:34,240
TEL ,2018-11-13 05:44:33,240
TEL ,2018-11-13 06:44:34,240
TEL ,2018-11-13 07:44:35,240
TEL ,2018-11-13 08:44:37,240
TEL ,2018-11-13 09:44:34,240
TEL ,2018-11-13 10:44:35,240
TEL ,2018-11-13 11:44:35,240
TEL ,2018-11-13 12:44:34,240
TEL ,2018-11-13 13:44:33,240
TEL ,2018-11-13 14:44:38,240
TEL ,2018-11-13 15:44:35,240
TEL ,2018-11-13 16:44:35,240
TEL ,2018-11-13 17:44:35,240
TEL ,2018-11-13 18:44:33,239
TEL ,2018-11-13 19:44:34,239
TEL ,2018-11-13 20:44:34,239
TEL ,2018-11-13 21:44:34,239
TEL ,2018-11-13 22:44:33,239
TEL ,2018-11-13 23:44:34,239
TEL ,2018-11-14 00:44:33,239
TEL ,2018-11-14 01:44:34,239
TEL ,2018-11-14 02:44:33,239
TEL ,2018-11-14 03:44:34,239
TEL ,2018-11-14 04:44:33,239
TEL ,2018-11-14 05:44:34,239
TEL ,2018-11-14 06:44:34,239
TEL ,2018-11-14 07:44:34,239
TEL ,2018-11-14 08:44:33,239
TEL ,2018-11-14 09:44:34,239
TEL ,2018-11-14 10:44:34,239
TEL ,2018-11-14 11:44:36,239
TEL ,2018-11-14 12:44:34,239
TEL ,2018-11-14 13:44:34,239
TEL ,2018-11-14 14:44:37,239
TEL ,2018-11-14 15:44:37,239
TEL ,2018-11-14 16:44:37,239
TEL ,2018-11-14 17:44:36,239
TEL ,2018-11-14 18:44:38,239
TEL ,2018-11-14 19:44:36,238
TEL ,2018-11-14 20:44:36,239
TEL ,2018-11-14 21:44:37,239
TEL ,2018-11-14 22:44:37,239
TEL ,2018-11-14 23:44:35,239
TEL ,2018-11-15 00:44:34,239
TEL ,2018-11-15 01:44:35,239
TEL ,2018-11-15 02:44:34,239
TEL ,2018-11-15 03:44:34,239
TEL ,2018-11-15 04:44:35,239
TEL ,2018-11-15 05:44:35,239
TEL ,2018-11-15 06:44:33,239
TEL ,2018-11-15 07:44:32,239
TEL ,2018-11-15 08:44:33,239
TEL ,2018-11-15 09:44:34,239
TEL ,2018-11-15 10:44:34,239
TEL ,2018-11-15 11:44:34,239
TEL ,2018-11-15 12:44:33,239
TEL ,2018-11-15 13:44:34,239
TEL ,2018-11-15 14:44:36,239
TEL ,2018-11-15 15:44:36,238
TEL ,2018-11-15 16:44:34,238
TEL ,2018-11-15 17:44:38,237
TEL ,2018-11-15 18:44:35,238
TEL ,2018-11-15 19:44:33,238
TEL ,2018-11-15 20:44:37,238
TEL ,2018-11-15 21:44:39,238
TEL ,2018-11-15 22:44:37,238
TEL ,2018-11-15 23:44:34,238
TEL ,2018-11-16 00:44:34,238
TEL ,2018-11-16 01:44:34,238
TEL ,2018-11-16 02:44:33,238
TEL ,2018-11-16 03:44:34,238
TEL ,2018-11-16 04:44:34,238
TEL ,2018-11-16 05:44:33,238
TEL ,2018-11-16 06:44:35,238
TEL ,2018-11-16 07:44:35,238
TEL ,2018-11-16 08:44:34,238
TEL ,2018-11-16 09:44:34,238
TEL ,2018-11-16 10:44:34,238
TEL ,2018-11-16 11:44:33,238
TEL ,2018-11-16 12:44:33,238
TEL ,2018-11-16 13:44:33,238
TEL ,2018-11-16 14:44:38,238
TEL ,2018-11-16 15:44:35,238
TEL ,2018-11-16 16:44:35,239
TEL ,2018-11-16 17:44:34,240
TEL ,2018-11-16 18:44:34,240
TEL ,2018-11-16 19:44:34,240
TEL ,2018-11-16 20:44:43,240
TEL ,2018-11-16 21:44:36,241
TEL ,2018-11-16 22:44:36,241
TEL ,2018-11-16 23:44:36,241
TEL ,2018-11-17 00:44:36,241
TEL ,2018-11-17 01:44:34,241
TEL ,2018-11-17 02:44:33,241
TEL ,2018-11-17 03:44:38,241
TEL ,2018-11-17 04:44:34,241
TEL ,2018-11-17 05:44:35,241
TEL ,2018-11-17 06:44:36,241
TEL ,2018-11-17 07:44:32,241
TEL ,2018-11-17 08:44:34,241
TEL ,2018-11-17 09:44:34,241
TEL ,2018-11-17 10:44:34,241
TEL ,2018-11-17 11:44:34,241
TEL ,2018-11-17 12:44:34,241
TEL ,2018-11-17 13:44:34,241
TEL ,2018-11-17 14:44:37,241
TEL ,2018-11-17 15:44:35,241
TEL ,2018-11-17 16:44:33,241
TEL ,2018-11-17 17:44:36,241
TEL ,2018-11-17 18:44:34,241
TEL ,2018-11-17 19:44:34,241
TEL ,2018-11-17 20:44:33,241
TEL ,2018-11-17 21:44:34,241
TEL ,2018-11-17 22:44:33,241
TEL ,2018-11-17 23:44:34,241
TEL ,2018-11-18 00:44:33,241
TEL ,2018-11-18 01:44:34,241
TEL ,2018-11-18 02:44:34,241
TEL ,2018-11-18 03:44:35,241
TEL ,2018-11-18 04:44:33,241
TEL ,2018-11-18 05:44:33,241
TEL ,2018-11-18 06:44:34,241
TEL ,2018-11-18 07:44:33,241
TEL ,2018-11-18 08:44:33,241
TEL ,2018-11-18 09:44:34,241
TEL ,2018-11-18 10:44:33,241
TEL ,2018-11-18 11:44:33,241
TEL ,2018-11-18 12:44:33,241
TEL ,2018-11-18 13:44:33,241
TEL ,2018-11-18 14:44:34,241
TEL ,2018-11-18 15:44:34,241
TEL ,2018-11-18 16:44:33,241
TEL ,2018-11-18 17:44:34,241
TEL ,2018-11-18 18:44:34,241
TEL ,2018-11-18 19:44:33,241
TEL ,2018-11-18 20:44:34,241
TEL ,2018-11-18 21:44:33,241
TEL ,2018-11-18 22:44:34,241
TEL ,2018-11-18 23:44:34,241
TEL ,2018-11-19 00:44:34,241
TEL ,2018-11-19 01:44:34,241
TEL ,2018-11-19 02:44:34,241
TEL ,2018-11-19 03:44:34,241
TEL ,2018-11-19 04:44:33,241
TEL ,2018-11-19 05:44:33,241
TEL ,2018-11-19 06:44:33,241
TEL ,2018-11-19 07:44:34,241
TEL ,2018-11-19 08:44:33,241
TEL ,2018-11-19 09:44:33,241
TEL ,2018-11-19 10:44:35,241
TEL ,2018-11-19 12:44:34,241
TEL ,2018-11-19 13:44:34,241
TEL ,2018-11-19 14:44:37,241
TEL ,2018-11-19 15:44:33,241
TEL ,2018-11-19 16:44:38,241
TEL ,2018-11-19 17:44:37,241
TEL ,2018-11-19 18:44:36,243
TEL ,2018-11-19 19:44:35,243
TEL ,2018-11-19 20:44:35,243
TEL ,2018-11-19 21:44:34,241
TEL ,2018-11-19 22:44:35,241
TEL ,2018-11-19 23:44:35,241
TEL ,2018-11-20 00:44:34,241
TEL ,2018-11-20 01:44:34,241
TEL ,2018-11-20 02:44:36,241
TEL ,2018-11-20 03:44:35,241
TEL ,2018-11-20 04:44:33,241
TEL ,2018-11-20 05:44:33,241
TEL ,2018-11-20 06:44:35,241
TEL ,2018-11-20 07:44:34,241
TEL ,2018-11-20 08:44:34,241
TEL ,2018-11-20 09:44:34,241
TEL ,2018-11-20 10:44:34,241
TEL ,2018-11-20 11:44:33,241
TEL ,2018-11-20 12:44:34,241
TEL ,2018-11-20 13:44:36,241
TEL ,2018-11-20 14:44:38,241
TEL ,2018-11-20 15:44:40,242
TEL ,2018-11-20 16:44:34,243
TEL ,2018-11-20 17:44:34,243
TEL ,2018-11-20 18:44:38,242
TEL ,2018-11-20 19:44:35,243
TEL ,2018-11-20 20:44:35,243
TEL ,2018-11-20 21:44:38,246
TEL ,2018-11-20 22:44:34,246
TEL ,2018-11-20 23:44:34,246
TEL ,2018-11-21 00:44:32,246
TEL ,2018-11-21 01:44:33,246
TEL ,2018-11-21 02:44:33,246
TEL ,2018-11-21 03:44:34,246
TEL ,2018-11-21 04:44:33,246
TEL ,2018-11-21 05:44:35,246
TEL ,2018-11-21 06:44:35,246
TEL ,2018-11-21 07:44:35,246
TEL ,2018-11-21 08:44:34,246
TEL ,2018-11-21 09:44:33,246
TEL ,2018-11-21 10:44:33,246
TEL ,2018-11-21 11:44:33,246
TEL ,2018-11-21 12:44:33,246
TEL ,2018-11-21 13:44:32,246
TEL ,2018-11-21 14:44:37,246
TEL ,2018-11-21 16:44:36,245
TEL ,2018-11-21 17:44:39,245
TEL ,2018-11-21 18:44:33,244
TEL ,2018-11-21 19:44:35,244
TEL ,2018-11-21 20:44:36,243
TEL ,2018-11-21 21:44:35,243
TEL ,2018-11-21 22:44:35,243
TEL ,2018-11-21 23:44:33,243
TEL ,2018-11-22 00:44:33,243
TEL ,2018-11-22 01:44:33,243
TEL ,2018-11-22 02:44:34,243
TEL ,2018-11-22 03:44:34,243
TEL ,2018-11-22 04:44:35,243
TEL ,2018-11-22 05:44:33,243
TEL ,2018-11-22 06:44:34,243
TEL ,2018-11-22 07:44:33,243
TEL ,2018-11-22 08:44:33,243
TEL ,2018-11-22 09:44:33,243
TEL ,2018-11-22 10:44:33,243
TEL ,2018-11-22 11:44:34,243
TEL ,2018-11-22 12:44:33,243
TEL ,2018-11-22 13:44:33,243
TEL ,2018-11-22 14:44:33,243
TEL ,2018-11-22 15:44:34,243
TEL ,2018-11-22 16:44:32,243
TEL ,2018-11-22 17:44:34,243
TEL ,2018-11-22 18:44:33,243
TEL ,2018-11-22 19:44:33,243
TEL ,2018-11-22 20:44:33,243
TEL ,2018-11-22 21:44:33,243
TEL ,2018-11-22 22:44:34,243
TEL ,2018-11-22 23:44:33,243
TEL ,2018-11-23 00:44:33,243
TEL ,2018-11-23 01:44:32,243
TEL ,2018-11-23 02:44:33,243
TEL ,2018-11-23 03:44:34,243
TEL ,2018-11-23 04:44:34,243
TEL ,2018-11-23 05:44:33,243
TEL ,2018-11-23 06:44:33,243
TEL ,2018-11-23 07:44:33,243
TEL ,2018-11-23 08:44:33,243
TEL ,2018-11-23 09:44:34,243
TEL ,2018-11-23 10:44:33,243
TEL ,2018-11-23 11:44:35,243
TEL ,2018-11-23 12:44:34,243
TEL ,2018-11-23 13:44:33,243
TEL ,2018-11-23 14:44:35,243
TEL ,2018-11-23 15:44:34,243
TEL ,2018-11-23 16:44:33,243
TEL ,2018-11-23 17:44:33,243
TEL ,2018-11-23 18:44:33,242
TEL ,2018-11-23 19:44:34,242
TEL ,2018-11-23 20:44:34,242
TEL ,2018-11-23 21:44:35,242
TEL ,2018-11-23 22:44:33,242
TEL ,2018-11-23 23:44:35,242
TEL ,2018-11-24 00:44:33,242
TEL ,2018-11-24 01:44:34,242
TEL ,2018-11-24 02:44:36,242
TEL ,2018-11-24 03:44:34,242
TEL ,2018-11-24 04:44:36,242
TEL ,2018-11-24 05:44:35,242
TEL ,2018-11-24 06:44:35,242
TEL ,2018-11-24 07:44:34,242
TEL ,2018-11-24 08:44:35,242
TEL ,2018-11-24 09:44:33,242
TEL ,2018-11-24 10:44:33,242
TEL ,2018-11-24 11:44:35,242
TEL ,2018-11-24 12:44:34,242
TEL ,2018-11-24 13:44:33,242
TEL ,2018-11-24 14:44:34,242
TEL ,2018-11-24 15:44:34,242
TEL ,2018-11-24 16:44:33,242
TEL ,2018-11-24 17:44:35,242
TEL ,2018-11-24 18:44:34,242
TEL ,2018-11-24 19:44:33,242
TEL ,2018-11-24 20:44:35,242
TEL ,2018-11-24 21:44:34,242
TEL ,2018-11-24 22:44:33,242
TEL ,2018-11-24 23:44:34,242
TEL ,2018-11-25 00:44:34,242
TEL ,2018-11-25 01:44:34,242
TEL ,2018-11-25 02:44:34,242
TEL ,2018-11-25 03:44:34,242
TEL ,2018-11-25 04:44:35,242
TEL ,2018-11-25 05:44:34,242
TEL ,2018-11-25 06:44:34,242
TEL ,2018-11-25 07:44:34,242
TEL ,2018-11-25 08:44:33,242
TEL ,2018-11-25 09:44:34,242
TEL ,2018-11-25 10:44:34,242
TEL ,2018-11-25 11:44:35,242
TEL ,2018-11-25 12:44:33,242
TEL ,2018-11-25 13:44:34,242
TEL ,2018-11-25 14:44:34,242
TEL ,2018-11-25 15:44:34,242
TEL ,2018-11-25 16:44:34,242
TEL ,2018-11-25 17:44:34,242
TEL ,2018-11-25 18:44:35,242
TEL ,2018-11-25 19:44:36,242
TEL ,2018-11-25 20:44:34,242
TEL ,2018-11-25 21:44:33,242
TEL ,2018-11-25 22:44:34,242
TEL ,2018-11-25 23:44:34,242
TEL ,2018-11-26 00:44:33,242
TEL ,2018-11-26 01:44:34,242
TEL ,2018-11-26 02:44:35,242
TEL ,2018-11-26 03:44:34,242
TEL ,2018-11-26 04:44:33,242
TEL ,2018-11-26 05:44:34,242
TEL ,2018-11-26 06:44:33,242
TEL ,2018-11-26 07:44:33,242
TEL ,2018-11-26 08:44:33,242
TEL ,2018-11-26 09:44:34,242
TEL ,2018-11-26 10:44:34,242
TEL ,2018-11-26 11:44:34,242
TEL ,2018-11-26 12:44:33,242
TEL ,2018-11-26 13:44:33,242
TEL ,2018-11-26 14:44:40,242
TEL ,2018-11-26 15:44:34,242
TEL ,2018-11-26 16:44:34,241
TEL ,2018-11-26 17:44:34,241
TEL ,2018-11-26 18:44:35,241
TEL ,2018-11-26 19:44:34,241
TEL ,2018-11-26 20:44:35,241
TEL ,2018-11-26 21:44:32,243
TEL ,2018-11-26 22:44:38,243
TEL ,2018-11-26 23:44:38,243
TEL ,2018-11-27 00:44:36,243
TEL ,2018-11-27 01:44:35,243
TEL ,2018-11-27 02:44:36,243
TEL ,2018-11-27 03:44:33,243
TEL ,2018-11-27 04:44:33,243
TEL ,2018-11-27 05:44:34,243
TEL ,2018-11-27 06:44:34,243
TEL ,2018-11-27 07:44:33,243
TEL ,2018-11-27 08:44:33,243
TEL ,2018-11-27 09:44:33,243
TEL ,2018-11-27 10:46:21,243
TEL ,2018-11-27 11:44:33,243
TEL ,2018-11-27 12:44:33,243
TEL ,2018-11-27 13:44:34,243
TEL ,2018-11-27 14:44:38,243
TEL ,2018-11-27 15:44:36,243
TEL ,2018-11-27 16:44:38,243
TEL ,2018-11-27 17:44:37,244
TEL ,2018-11-27 18:44:36,246
TEL ,2018-11-27 19:44:36,246
TEL ,2018-11-27 20:44:35,247
TEL ,2018-11-27 21:44:37,247
TEL ,2018-11-27 22:44:37,247
TEL ,2018-11-27 23:44:36,247
TEL ,2018-11-28 00:44:35,247
TEL ,2018-11-28 01:44:36,247
TEL ,2018-11-28 02:44:35,247
TEL ,2018-11-28 03:44:37,247
TEL ,2018-11-28 04:44:37,247
TEL ,2018-11-28 05:44:36,247
TEL ,2018-11-28 06:44:35,247
TEL ,2018-11-28 07:44:34,247
TEL ,2018-11-28 08:44:36,247
TEL ,2018-11-28 09:44:38,247
TEL ,2018-11-28 10:44:35,247
TEL ,2018-11-28 11:44:34,247
TEL ,2018-11-28 12:44:34,247
TEL ,2018-11-28 14:09:38,247
TEL ,2018-11-28 14:44:38,247
TEL ,2018-11-28 15:44:42,247
TEL ,2018-11-28 16:44:38,245
TEL ,2018-11-28 17:44:41,245
TEL ,2018-11-28 18:44:39,243
TEL ,2018-11-28 19:44:37,243
TEL ,2018-11-28 20:44:38,243
TEL ,2018-11-28 21:44:35,244
TEL ,2018-11-28 22:44:35,244
TEL ,2018-11-28 23:44:33,244
TEL ,2018-11-29 00:44:34,244
TEL ,2018-11-29 01:44:36,244
TEL ,2018-11-29 02:44:35,244
TEL ,2018-11-29 03:44:35,244
TEL ,2018-11-29 04:44:34,244
TEL ,2018-11-29 05:44:35,244
TEL ,2018-11-29 06:44:35,244
TEL ,2018-11-29 07:44:34,244
TEL ,2018-11-29 08:44:33,244
TEL ,2018-11-29 09:44:34,244
TEL ,2018-11-29 10:44:35,244
TEL ,2018-11-29 11:44:34,244
TEL ,2018-11-29 12:44:35,244
TEL ,2018-11-29 13:44:36,244
TEL ,2018-11-29 15:09:43,244
TEL ,2018-11-29 15:44:35,244
TEL ,2018-11-29 16:44:36,244
TEL ,2018-11-29 17:44:40,245
TEL ,2018-11-29 18:44:40,245
TEL ,2018-11-29 19:44:36,244
TEL ,2018-11-29 20:44:34,244
TEL ,2018-11-29 21:44:37,244
TEL ,2018-11-29 22:44:36,244
TEL ,2018-11-29 23:44:37,243
TEL ,2018-11-30 00:44:37,243
TEL ,2018-11-30 01:44:37,243
TEL ,2018-11-30 02:44:34,243
TEL ,2018-11-30 03:44:37,243
TEL ,2018-11-30 04:44:35,243
TEL ,2018-11-30 05:44:38,243
TEL ,2018-11-30 06:44:36,243
TEL ,2018-11-30 07:44:35,243
TEL ,2018-11-30 08:44:34,243
TEL ,2018-11-30 09:44:36,243
TEL ,2018-11-30 10:44:36,243
TEL ,2018-11-30 11:44:33,243
TEL ,2018-11-30 12:44:34,243
TEL ,2018-11-30 13:44:34,243
TEL ,2018-11-30 14:44:39,243
TEL ,2018-11-30 15:44:37,243
TEL ,2018-11-30 16:44:37,244
TEL ,2018-11-30 17:44:37,244
TEL ,2018-11-30 18:44:35,244
TEL ,2018-11-30 19:44:35,243
TEL ,2018-11-30 20:44:36,243
TEL ,2018-11-30 21:44:35,244
TEL ,2018-11-30 22:44:38,244
TEL ,2018-11-30 23:44:37,244
TEL ,2018-12-01 00:44:34,244
TEL ,2018-12-01 01:44:35,244
TEL ,2018-12-01 02:44:34,244
TEL ,2018-12-01 03:44:35,244
TEL ,2018-12-01 04:44:34,244
TEL ,2018-12-01 05:44:36,244
TEL ,2018-12-01 06:44:34,244
TEL ,2018-12-01 07:44:33,244
TEL ,2018-12-01 08:44:34,244
TEL ,2018-12-01 09:44:34,244
TEL ,2018-12-01 10:44:34,244
TEL ,2018-12-01 11:44:35,244
TEL ,2018-12-01 12:44:34,244
TEL ,2018-12-01 13:44:35,244
TEL ,2018-12-01 14:44:34,244
TEL ,2018-12-01 15:44:35,244
TEL ,2018-12-01 16:44:34,244
TEL ,2018-12-01 17:44:34,244
TEL ,2018-12-01 18:44:35,244
TEL ,2018-12-01 19:44:33,244
TEL ,2018-12-01 20:44:35,244
TEL ,2018-12-01 21:44:33,244
TEL ,2018-12-01 22:44:39,244
TEL ,2018-12-01 23:44:35,244
TEL ,2018-12-02 00:44:33,244
TEL ,2018-12-02 01:44:34,244
TEL ,2018-12-02 02:44:34,244
TEL ,2018-12-02 03:44:35,244
TEL ,2018-12-02 04:44:34,244
TEL ,2018-12-02 05:44:35,244
TEL ,2018-12-02 06:44:34,244
TEL ,2018-12-02 07:44:37,244
TEL ,2018-12-02 08:44:37,244
TEL ,2018-12-02 09:44:34,244
TEL ,2018-12-02 10:44:35,244
TEL ,2018-12-02 11:44:34,244
TEL ,2018-12-02 12:44:33,244
TEL ,2018-12-02 13:44:34,244
TEL ,2018-12-02 14:44:33,244
TEL ,2018-12-02 15:44:35,244
TEL ,2018-12-02 16:44:34,244
TEL ,2018-12-02 17:44:34,244
TEL ,2018-12-02 18:44:34,244
TEL ,2018-12-02 19:44:34,244
TEL ,2018-12-02 20:44:34,244
TEL ,2018-12-02 21:44:34,244
TEL ,2018-12-02 22:44:33,244
TEL ,2018-12-02 23:44:34,244
TEL ,2018-12-03 00:44:35,244
TEL ,2018-12-03 01:44:34,244
TEL ,2018-12-03 02:44:34,244
TEL ,2018-12-03 03:44:35,244
TEL ,2018-12-03 04:44:36,244
TEL ,2018-12-03 05:44:33,244
TEL ,2018-12-03 06:44:36,244
TEL ,2018-12-03 07:44:35,244
TEL ,2018-12-03 08:44:34,244
TEL ,2018-12-03 09:44:36,244
TEL ,2018-12-03 10:44:35,244
TEL ,2018-12-03 11:44:35,244
TEL ,2018-12-03 12:44:33,244
TEL ,2018-12-03 13:44:33,244
TEL ,2018-12-03 14:44:41,244
TEL ,2018-12-03 15:44:36,243
TEL ,2018-12-03 16:44:38,243
TEL ,2018-12-03 17:44:38,244
TEL ,2018-12-03 18:44:36,245
TEL ,2018-12-03 19:44:34,247
TEL ,2018-12-03 20:44:35,247
TEL ,2018-12-03 21:44:34,248
TEL ,2018-12-03 22:44:37,248
TEL ,2018-12-03 23:44:39,248
TEL ,2018-12-04 00:44:36,248
TEL ,2018-12-04 01:44:34,248
TEL ,2018-12-04 02:44:36,248
TEL ,2018-12-04 03:44:35,248
TEL ,2018-12-04 04:44:34,248
TEL ,2018-12-04 05:44:39,248
TEL ,2018-12-04 06:44:37,248
TEL ,2018-12-04 07:44:36,248
TEL ,2018-12-04 08:44:36,248
TEL ,2018-12-04 09:44:34,248
TEL ,2018-12-04 10:44:33,248
TEL ,2018-12-04 11:44:34,248
TEL ,2018-12-04 12:44:35,248
TEL ,2018-12-04 13:44:35,248
TEL ,2018-12-04 15:11:09,250
TEL ,2018-12-04 15:44:37,250
TEL ,2018-12-04 16:44:35,251
TEL ,2018-12-04 17:44:36,251
TEL ,2018-12-04 18:44:36,251
TEL ,2018-12-04 19:44:37,251
TEL ,2018-12-04 20:44:37,252
TEL ,2018-12-04 21:44:37,254
TEL ,2018-12-04 22:44:39,254
TEL ,2018-12-04 23:44:38,254
TEL ,2018-12-05 00:44:38,254
TEL ,2018-12-05 01:44:37,254
TEL ,2018-12-05 02:44:37,254
TEL ,2018-12-05 03:44:37,254
TEL ,2018-12-05 04:44:40,254
TEL ,2018-12-05 05:44:40,254
TEL ,2018-12-05 06:44:36,254
TEL ,2018-12-05 07:44:34,254
TEL ,2018-12-05 08:44:35,254
TEL ,2018-12-05 09:44:34,254
TEL ,2018-12-05 10:44:36,254
TEL ,2018-12-05 11:44:35,254
TEL ,2018-12-05 12:44:34,254
TEL ,2018-12-05 13:44:34,254
TEL ,2018-12-05 14:44:34,254
TEL ,2018-12-05 15:44:36,254
TEL ,2018-12-05 16:44:34,254
TEL ,2018-12-05 17:44:35,254
TEL ,2018-12-05 18:44:35,254
TEL ,2018-12-05 19:44:37,254
TEL ,2018-12-05 20:44:37,254
TEL ,2018-12-05 21:44:37,254
TEL ,2018-12-05 22:44:38,254
TEL ,2018-12-05 23:44:38,254
TEL ,2018-12-06 00:44:37,254
TEL ,2018-12-06 01:44:36,254
TEL ,2018-12-06 02:44:35,254
TEL ,2018-12-06 03:44:36,254
TEL ,2018-12-06 04:44:33,254
TEL ,2018-12-06 05:44:35,254
TEL ,2018-12-06 06:44:34,254
TEL ,2018-12-06 07:44:33,254
TEL ,2018-12-06 08:44:37,254
TEL ,2018-12-06 09:44:36,254
TEL ,2018-12-06 10:44:34,254
TEL ,2018-12-06 11:44:35,254
TEL ,2018-12-06 12:44:36,254
TEL ,2018-12-06 13:44:36,254
TEL ,2018-12-06 14:44:38,254
TEL ,2018-12-06 15:44:36,257
TEL ,2018-12-06 16:44:36,257
TEL ,2018-12-06 17:44:38,258
TEL ,2018-12-06 18:44:35,258
TEL ,2018-12-06 19:44:35,259
TEL ,2018-12-06 20:44:35,259
TEL ,2018-12-06 21:44:35,259
TEL ,2018-12-06 22:44:34,259
TEL ,2018-12-06 23:44:40,259
TEL ,2018-12-07 00:44:42,259
TEL ,2018-12-07 01:44:41,259
TEL ,2018-12-07 02:44:39,259
TEL ,2018-12-07 03:44:41,259
TEL ,2018-12-07 04:44:43,259
TEL ,2018-12-07 05:44:40,259
TEL ,2018-12-07 06:44:41,259
TEL ,2018-12-07 07:44:39,259
TEL ,2018-12-07 08:44:39,259
TEL ,2018-12-07 09:44:40,259
TEL ,2018-12-07 10:44:39,259
TEL ,2018-12-07 11:44:39,259
TEL ,2018-12-07 12:44:40,259
TEL ,2018-12-07 14:09:40,259
TEL ,2018-12-07 14:44:45,259
TEL ,2018-12-07 16:09:46,259
TEL ,2018-12-07 16:44:40,259
TEL ,2018-12-07 17:44:42,259
TEL ,2018-12-07 18:44:41,259
TEL ,2018-12-07 19:44:44,259
TEL ,2018-12-07 20:44:42,257
TEL ,2018-12-07 21:44:41,257
TEL ,2018-12-07 22:44:43,257
TEL ,2018-12-07 23:44:44,257
TEL ,2018-12-08 00:44:42,257
TEL ,2018-12-08 01:44:40,257
TEL ,2018-12-08 03:44:43,257
TEL ,2018-12-08 04:44:42,257
TEL ,2018-12-08 05:44:43,257
TEL ,2018-12-08 06:44:40,257
TEL ,2018-12-08 07:44:42,257
TEL ,2018-12-08 08:44:40,257
TEL ,2018-12-08 09:44:40,257
TEL ,2018-12-08 10:44:41,257
TEL ,2018-12-08 11:44:40,257
TEL ,2018-12-08 12:44:42,257
TEL ,2018-12-08 13:44:40,257
TEL ,2018-12-08 14:44:40,257
TEL ,2018-12-08 15:44:40,257
TEL ,2018-12-08 16:44:41,257
TEL ,2018-12-08 17:44:41,257
TEL ,2018-12-08 18:44:39,257
TEL ,2018-12-08 19:44:41,257
TEL ,2018-12-08 20:44:46,257
TEL ,2018-12-08 21:44:45,257
TEL ,2018-12-08 22:44:41,257
TEL ,2018-12-08 23:44:43,257
TEL ,2018-12-09 00:44:41,257
TEL ,2018-12-09 01:44:43,257
TEL ,2018-12-09 02:44:42,257
TEL ,2018-12-09 03:44:41,257
TEL ,2018-12-09 04:44:40,257
TEL ,2018-12-09 05:44:40,257
TEL ,2018-12-09 06:44:41,257
TEL ,2018-12-09 07:44:43,257
TEL ,2018-12-09 08:44:41,257
TEL ,2018-12-09 09:44:45,257
TEL ,2018-12-09 10:44:41,257
TEL ,2018-12-09 11:44:43,257
TEL ,2018-12-09 12:44:40,257
TEL ,2018-12-09 13:44:41,257
TEL ,2018-12-09 14:44:40,257
TEL ,2018-12-09 15:44:42,257
TEL ,2018-12-09 16:44:40,257
TEL ,2018-12-09 17:44:40,257
TEL ,2018-12-09 18:44:41,257
TEL ,2018-12-09 19:44:40,257
TEL ,2018-12-09 20:44:41,257
TEL ,2018-12-09 21:44:40,257
TEL ,2018-12-09 22:44:45,257
TEL ,2018-12-09 23:44:42,257
TEL ,2018-12-10 00:44:43,257
TEL ,2018-12-10 01:44:40,257
TEL ,2018-12-10 02:44:40,257
TEL ,2018-12-10 03:44:41,257
TEL ,2018-12-10 04:44:43,257
TEL ,2018-12-10 05:44:40,257
TEL ,2018-12-10 06:44:45,257
TEL ,2018-12-10 07:44:45,257
TEL ,2018-12-10 08:44:41,257
TEL ,2018-12-10 09:44:41,257
TEL ,2018-12-10 10:44:41,257
TEL ,2018-12-10 11:44:40,257
TEL ,2018-12-10 12:44:41,257
TEL ,2018-12-10 13:44:46,257
TEL ,2018-12-10 15:08:17,257
TEL ,2018-12-10 15:44:39,257
TEL ,2018-12-10 16:44:41,258
TEL ,2018-12-10 17:44:43,258
TEL ,2018-12-10 18:44:41,257
TEL ,2018-12-10 19:44:41,257
TEL ,2018-12-10 20:44:39,257
TEL ,2018-12-10 21:44:41,257
TEL ,2018-12-10 22:44:40,257
TEL ,2018-12-10 23:44:42,257
TEL ,2018-12-11 00:44:40,257
TEL ,2018-12-11 01:44:39,257
TEL ,2018-12-11 02:44:40,257
TEL ,2018-12-11 03:44:40,257
TEL ,2018-12-11 04:44:39,257
TEL ,2018-12-11 05:44:42,257
TEL ,2018-12-11 06:44:41,257
TEL ,2018-12-11 07:44:40,257
TEL ,2018-12-11 08:44:40,257
TEL ,2018-12-11 09:44:40,257
TEL ,2018-12-11 10:44:40,257
TEL ,2018-12-11 11:44:41,257
TEL ,2018-12-11 12:44:41,257
TEL ,2018-12-11 13:44:39,257
TEL ,2018-12-11 15:09:14,256
TEL ,2018-12-11 15:44:41,256
TEL ,2018-12-11 16:44:41,256
TEL ,2018-12-11 17:44:40,256
TEL ,2018-12-11 18:44:41,257
TEL ,2018-12-11 19:44:41,257
TEL ,2018-12-11 20:44:40,257
TEL ,2018-12-11 21:44:44,257
TEL ,2018-12-11 22:44:42,257
TEL ,2018-12-11 23:44:41,257
TEL ,2018-12-12 00:44:39,257
TEL ,2018-12-12 01:44:39,257
TEL ,2018-12-12 02:44:41,257
TEL ,2018-12-12 03:44:40,257
TEL ,2018-12-12 04:44:39,257
TEL ,2018-12-12 05:44:39,257
TEL ,2018-12-12 06:44:40,257
TEL ,2018-12-12 07:44:40,257
TEL ,2018-12-12 08:44:40,257
TEL ,2018-12-12 09:44:40,257
TEL ,2018-12-12 10:44:40,257
TEL ,2018-12-12 11:44:43,257
TEL ,2018-12-12 12:44:44,257
TEL ,2018-12-12 14:10:18,257
TEL ,2018-12-12 14:44:44,257
TEL ,2018-12-12 15:44:42,257
TEL ,2018-12-12 16:44:42,257
TEL ,2018-12-12 17:44:42,257
TEL ,2018-12-12 18:44:40,256
TEL ,2018-12-12 19:44:41,255
TEL ,2018-12-12 20:44:40,254
TEL ,2018-12-12 21:44:41,254
TEL ,2018-12-12 22:44:42,254
TEL ,2018-12-12 23:44:42,254
TEL ,2018-12-13 00:44:40,254
TEL ,2018-12-13 01:44:41,254
TEL ,2018-12-13 02:44:42,254
TEL ,2018-12-13 03:44:40,254
TEL ,2018-12-13 04:44:46,254
TEL ,2018-12-13 05:44:44,254
TEL ,2018-12-13 06:44:43,254
TEL ,2018-12-13 07:44:41,254
TEL ,2018-12-13 08:44:39,254
TEL ,2018-12-13 09:44:40,254
TEL ,2018-12-13 10:44:40,254
TEL ,2018-12-13 11:44:39,254
TEL ,2018-12-13 12:44:39,254
TEL ,2018-12-13 14:08:44,254
TEL ,2018-12-13 14:44:42,254
TEL ,2018-12-13 15:44:43,253
TEL ,2018-12-13 16:44:40,255
TEL ,2018-12-13 17:44:43,255
TEL ,2018-12-13 18:44:42,255
TEL ,2018-12-13 19:44:42,256
TEL ,2018-12-13 20:44:41,256
TEL ,2018-12-13 21:44:40,255
TEL ,2018-12-13 22:44:42,255
TEL ,2018-12-13 23:44:41,255
TEL ,2018-12-14 00:44:40,255
TEL ,2018-12-14 01:44:40,255
TEL ,2018-12-14 02:44:39,255
TEL ,2018-12-14 03:44:39,255
TEL ,2018-12-14 04:44:44,255
TEL ,2018-12-14 05:44:40,255
TEL ,2018-12-14 06:44:41,255
TEL ,2018-12-14 07:44:41,255
TEL ,2018-12-14 08:44:40,255
TEL ,2018-12-14 09:44:40,255
TEL ,2018-12-14 10:44:40,255
TEL ,2018-12-14 11:44:42,255
TEL ,2018-12-14 12:44:40,255
TEL ,2018-12-14 14:08:44,255
TEL ,2018-12-14 14:44:45,255
TEL ,2018-12-14 15:44:43,255
TEL ,2018-12-14 16:44:41,254
TEL ,2018-12-14 17:44:43,254
TEL ,2018-12-14 18:44:46,254
TEL ,2018-12-14 19:44:46,254
TEL ,2018-12-14 20:44:46,254
TEL ,2018-12-14 21:44:41,253
TEL ,2018-12-14 22:44:44,253
TEL ,2018-12-14 23:44:43,253
TEL ,2018-12-15 00:44:42,253
TEL ,2018-12-15 01:44:44,253
TEL ,2018-12-15 02:44:40,253
TEL ,2018-12-15 03:44:42,253
TEL ,2018-12-15 04:44:41,253
TEL ,2018-12-15 05:44:44,253
TEL ,2018-12-15 06:44:42,253
TEL ,2018-12-15 07:44:41,253
TEL ,2018-12-15 08:44:41,253
TEL ,2018-12-15 09:44:41,253
TEL ,2018-12-15 10:44:41,253
TEL ,2018-12-15 11:44:41,253
TEL ,2018-12-15 12:44:42,253
TEL ,2018-12-15 13:44:41,253
TEL ,2018-12-15 14:44:41,253
TEL ,2018-12-15 15:44:42,253
TEL ,2018-12-15 16:44:42,253
TEL ,2018-12-15 17:44:44,253
TEL ,2018-12-15 18:44:42,253
TEL ,2018-12-15 19:44:41,253
TEL ,2018-12-15 20:44:41,253
TEL ,2018-12-15 21:44:41,253
TEL ,2018-12-15 22:44:42,253
TEL ,2018-12-15 23:44:41,253
TEL ,2018-12-16 00:44:42,253
TEL ,2018-12-16 01:44:41,253
TEL ,2018-12-16 02:44:40,253
TEL ,2018-12-16 03:44:42,253
TEL ,2018-12-16 04:44:45,253
TEL ,2018-12-16 05:44:41,253
TEL ,2018-12-16 06:44:44,253
TEL ,2018-12-16 07:44:42,253
TEL ,2018-12-16 08:44:40,253
TEL ,2018-12-16 09:44:44,253
TEL ,2018-12-16 10:44:41,253
TEL ,2018-12-16 11:44:42,253
TEL ,2018-12-16 12:44:40,253
TEL ,2018-12-16 13:44:41,253
TEL ,2018-12-16 14:44:41,253
TEL ,2018-12-16 15:44:40,253
TEL ,2018-12-16 16:44:41,253
TEL ,2018-12-16 17:44:46,253
TEL ,2018-12-16 18:44:41,253
TEL ,2018-12-16 19:44:43,253
TEL ,2018-12-16 20:44:42,253
TEL ,2018-12-16 21:44:41,253
TEL ,2018-12-16 22:44:45,253
TEL ,2018-12-16 23:44:44,253
TEL ,2018-12-17 00:44:43,253
TEL ,2018-12-17 01:44:41,253
TEL ,2018-12-17 02:44:42,253
TEL ,2018-12-17 03:44:41,253
TEL ,2018-12-17 04:44:47,253
TEL ,2018-12-17 05:44:41,253
TEL ,2018-12-17 06:44:43,253
TEL ,2018-12-17 07:44:42,253
TEL ,2018-12-17 08:44:41,253
TEL ,2018-12-17 09:44:41,253
TEL ,2018-12-17 10:44:42,253
TEL ,2018-12-17 11:44:41,253
TEL ,2018-12-17 12:44:41,253
TEL ,2018-12-17 13:44:44,253
TEL ,2018-12-17 14:44:47,253
TEL ,2018-12-17 15:44:43,254
TEL ,2018-12-17 16:44:42,253
TEL ,2018-12-17 17:44:41,253
TEL ,2018-12-17 18:44:42,253
TEL ,2018-12-17 20:10:15,253
TEL ,2018-12-17 20:44:43,253
TEL ,2018-12-17 21:44:44,254
TEL ,2018-12-17 22:44:43,254
TEL ,2018-12-17 23:44:41,254
TEL ,2018-12-18 00:44:41,254
TEL ,2018-12-18 01:44:42,254
TEL ,2018-12-18 02:44:39,254
TEL ,2018-12-18 03:44:40,254
TEL ,2018-12-18 04:44:40,254
TEL ,2018-12-18 05:44:40,254
TEL ,2018-12-18 06:44:40,254
TEL ,2018-12-18 07:44:40,254
TEL ,2018-12-18 08:44:40,254
TEL ,2018-12-18 09:44:39,254
TEL ,2018-12-18 10:44:40,254
TEL ,2018-12-18 11:44:39,254
TEL ,2018-12-18 12:44:40,254
TEL ,2018-12-18 13:44:41,254
TEL ,2018-12-18 14:44:43,254
TEL ,2018-12-18 15:44:42,253
TEL ,2018-12-18 16:44:41,254
TEL ,2018-12-18 17:44:42,254
TEL ,2018-12-18 18:44:41,253
TEL ,2018-12-18 19:44:40,253
TEL ,2018-12-18 20:44:44,252
TEL ,2018-12-18 21:44:44,252
TEL ,2018-12-18 22:44:41,252
TEL ,2018-12-18 23:44:44,252
TEL ,2018-12-19 00:44:41,252
TEL ,2018-12-19 01:44:42,252
TEL ,2018-12-19 02:44:41,252
TEL ,2018-12-19 03:44:44,252
TEL ,2018-12-19 04:44:44,252
TEL ,2018-12-19 05:44:45,252
TEL ,2018-12-19 06:44:43,252
TEL ,2018-12-19 07:44:42,252
TEL ,2018-12-19 08:44:41,252
TEL ,2018-12-19 09:44:43,252
TEL ,2018-12-19 11:44:41,252
TEL ,2018-12-19 12:44:41,252
TEL ,2018-12-19 13:44:41,252
TEL ,2018-12-19 14:44:43,252
TEL ,2018-12-19 15:44:42,252
TEL ,2018-12-19 16:44:42,252
TEL ,2018-12-19 17:44:40,252
TEL ,2018-12-19 18:44:43,252
TEL ,2018-12-19 19:44:42,252
TEL ,2018-12-19 20:44:42,252
TEL ,2018-12-19 21:44:48,250
TEL ,2018-12-19 22:44:47,250
TEL ,2018-12-19 23:44:47,250
TEL ,2018-12-20 00:44:47,250
TEL ,2018-12-20 01:44:46,250
TEL ,2018-12-20 02:44:45,250
TEL ,2018-12-20 03:44:45,250
TEL ,2018-12-20 04:44:45,250
TEL ,2018-12-20 05:44:42,250
TEL ,2018-12-20 06:44:43,250
TEL ,2018-12-20 07:44:46,250
TEL ,2018-12-20 08:44:44,250
TEL ,2018-12-20 09:44:41,250
TEL ,2018-12-20 10:44:43,250
TEL ,2018-12-20 11:44:41,250
TEL ,2018-12-20 12:44:41,250
TEL ,2018-12-20 13:44:42,250
TEL ,2018-12-20 14:44:45,250
TEL ,2018-12-20 15:44:44,250
TEL ,2018-12-20 16:44:49,250
TEL ,2018-12-20 17:44:44,250
TEL ,2018-12-20 18:44:42,250
TEL ,2018-12-20 19:44:42,250
TEL ,2018-12-20 20:44:45,250
TEL ,2018-12-20 21:44:44,250
TEL ,2018-12-20 22:44:45,250
TEL ,2018-12-20 23:44:45,250
TEL ,2018-12-21 00:44:43,250
TEL ,2018-12-21 01:44:44,250
TEL ,2018-12-21 02:44:44,250
TEL ,2018-12-21 03:44:43,250
TEL ,2018-12-21 04:44:45,250
TEL ,2018-12-21 05:44:41,250
TEL ,2018-12-21 06:44:44,250
TEL ,2018-12-21 07:44:40,250
TEL ,2018-12-21 08:44:41,250
TEL ,2018-12-21 09:44:41,250
TEL ,2018-12-21 10:44:40,250
TEL ,2018-12-21 11:44:41,250
TEL ,2018-12-21 12:44:42,250
TEL ,2018-12-21 13:44:41,250
TEL ,2018-12-21 14:44:44,250
TEL ,2018-12-21 15:44:44,250
TEL ,2018-12-21 16:44:44,249
TEL ,2018-12-21 17:44:45,248
TEL ,2018-12-21 18:44:48,249
TEL ,2018-12-21 19:44:42,249
TEL ,2018-12-21 20:44:49,249
TEL ,2018-12-21 21:44:45,250
TEL ,2018-12-21 22:44:45,250
TEL ,2018-12-21 23:44:44,250
TEL ,2018-12-22 00:44:46,250
TEL ,2018-12-22 01:44:45,250
TEL ,2018-12-22 02:44:48,250
TEL ,2018-12-22 03:44:41,250
TEL ,2018-12-22 04:44:46,250
TEL ,2018-12-22 05:44:41,250
TEL ,2018-12-22 06:44:45,250
TEL ,2018-12-22 07:44:45,250
TEL ,2018-12-22 08:44:41,250
TEL ,2018-12-22 09:44:40,250
TEL ,2018-12-22 10:44:42,250
TEL ,2018-12-22 11:44:40,250
TEL ,2018-12-22 12:44:40,250
TEL ,2018-12-22 13:44:40,250
TEL ,2018-12-22 14:44:42,250
TEL ,2018-12-22 15:44:42,250
TEL ,2018-12-22 16:44:40,250
TEL ,2018-12-22 17:44:42,250
TEL ,2018-12-22 18:44:41,250
TEL ,2018-12-22 19:44:45,250
TEL ,2018-12-22 20:44:43,250
TEL ,2018-12-22 21:44:43,250
TEL ,2018-12-22 22:44:45,250
TEL ,2018-12-22 23:44:42,250
TEL ,2018-12-23 00:44:41,250
TEL ,2018-12-23 01:44:43,250
TEL ,2018-12-23 02:44:41,250
TEL ,2018-12-23 03:44:45,250
TEL ,2018-12-23 04:44:43,250
TEL ,2018-12-23 05:44:42,250
TEL ,2018-12-23 06:44:46,250
TEL ,2018-12-23 07:44:42,250
TEL ,2018-12-23 08:44:44,250
TEL ,2018-12-23 09:44:42,250
TEL ,2018-12-23 10:44:47,250
TEL ,2018-12-23 11:44:45,250
TEL ,2018-12-23 12:44:41,250
TEL ,2018-12-23 13:44:43,250
TEL ,2018-12-23 14:44:44,250
TEL ,2018-12-23 15:44:45,250
TEL ,2018-12-23 16:44:46,250
TEL ,2018-12-23 17:44:47,250
TEL ,2018-12-23 18:44:45,250
TEL ,2018-12-23 19:44:44,250
TEL ,2018-12-23 20:44:46,250
TEL ,2018-12-23 21:44:45,250
TEL ,2018-12-23 22:44:43,250
TEL ,2018-12-23 23:44:41,250
TEL ,2018-12-24 00:44:43,250
TEL ,2018-12-24 01:44:46,250
TEL ,2018-12-24 02:44:47,250
TEL ,2018-12-24 03:44:46,250
TEL ,2018-12-24 04:44:41,250
TEL ,2018-12-24 05:44:42,250
TEL ,2018-12-24 06:44:43,250
TEL ,2018-12-24 07:44:47,250
TEL ,2018-12-24 08:44:41,250
TEL ,2018-12-24 09:44:47,250
TEL ,2018-12-24 10:44:42,250
TEL ,2018-12-24 11:44:44,250
TEL ,2018-12-24 12:44:41,250
TEL ,2018-12-24 13:44:44,250
TEL ,2018-12-24 15:08:23,247
TEL ,2018-12-24 15:44:47,247
TEL ,2018-12-24 16:44:44,246
TEL ,2018-12-24 17:44:46,246
TEL ,2018-12-24 18:44:47,246
TEL ,2018-12-24 19:44:47,245
TEL ,2018-12-24 20:44:47,245
TEL ,2018-12-24 21:44:41,245
TEL ,2018-12-24 22:44:42,245
TEL ,2018-12-24 23:44:41,245
TEL ,2018-12-25 00:44:43,245
TEL ,2018-12-25 01:44:41,245
TEL ,2018-12-25 02:44:45,245
TEL ,2018-12-25 03:44:44,245
TEL ,2018-12-25 04:44:43,245
TEL ,2018-12-25 05:44:43,245
TEL ,2018-12-25 06:44:44,245
TEL ,2018-12-25 07:44:42,245
TEL ,2018-12-25 08:44:42,245
TEL ,2018-12-25 09:44:41,245
TEL ,2018-12-25 10:44:40,245
TEL ,2018-12-25 11:44:40,245
TEL ,2018-12-25 12:44:42,245
TEL ,2018-12-25 13:44:42,245
TEL ,2018-12-25 14:44:41,245
TEL ,2018-12-25 15:44:42,245
TEL ,2018-12-25 16:44:40,245
TEL ,2018-12-25 17:44:44,245
TEL ,2018-12-25 18:44:42,245
TEL ,2018-12-25 19:44:42,245
TEL ,2018-12-25 20:44:42,245
TEL ,2018-12-25 21:44:41,245
TEL ,2018-12-25 22:44:42,245
TEL ,2018-12-25 23:44:42,245
TEL ,2018-12-26 00:44:43,245
TEL ,2018-12-26 01:44:42,245
TEL ,2018-12-26 02:44:43,245
TEL ,2018-12-26 03:44:41,245
TEL ,2018-12-26 04:44:41,245
TEL ,2018-12-26 05:44:40,245
TEL ,2018-12-26 06:44:46,245
TEL ,2018-12-26 07:44:44,245
TEL ,2018-12-26 08:44:45,245
TEL ,2018-12-26 09:44:40,245
TEL ,2018-12-26 10:44:43,245
TEL ,2018-12-26 11:44:41,245
TEL ,2018-12-26 12:44:42,245
TEL ,2018-12-26 13:44:48,245
TEL ,2018-12-26 15:09:52,246
TEL ,2018-12-26 15:44:45,246
TEL ,2018-12-26 16:44:44,246
TEL ,2018-12-26 17:44:45,246
TEL ,2018-12-26 18:44:42,246
TEL ,2018-12-26 19:44:44,246
TEL ,2018-12-26 20:44:45,247
TEL ,2018-12-26 21:44:46,244
TEL ,2018-12-26 22:44:47,244
TEL ,2018-12-26 23:44:46,244
TEL ,2018-12-27 00:44:46,244
TEL ,2018-12-27 01:44:47,244
TEL ,2018-12-27 02:44:46,244
TEL ,2018-12-27 03:44:47,244
TEL ,2018-12-27 04:44:42,244
TEL ,2018-12-27 05:44:45,244
TEL ,2018-12-27 06:44:43,244
TEL ,2018-12-27 07:44:44,244
TEL ,2018-12-27 08:44:41,244
TEL ,2018-12-27 09:44:43,244
TEL ,2018-12-27 10:44:44,244
TEL ,2018-12-27 11:44:41,244
TEL ,2018-12-27 12:44:42,244
TEL ,2018-12-27 13:44:40,244
TEL ,2018-12-27 14:44:43,244
TEL ,2018-12-27 15:44:41,244
TEL ,2018-12-27 16:44:42,244
TEL ,2018-12-27 17:44:46,244
TEL ,2018-12-27 18:44:48,245
TEL ,2018-12-27 19:44:46,246
TEL ,2018-12-27 20:44:43,247
TEL ,2018-12-27 21:44:45,247
TEL ,2018-12-27 22:44:51,248
TEL ,2018-12-27 23:44:53,248
TEL ,2018-12-28 00:44:51,248
TEL ,2018-12-28 01:44:48,248
TEL ,2018-12-28 02:44:48,248
TEL ,2018-12-28 03:44:43,248
TEL ,2018-12-28 04:44:45,248
TEL ,2018-12-28 05:44:42,248
TEL ,2018-12-28 06:44:52,248
TEL ,2018-12-28 07:44:51,248
TEL ,2018-12-28 08:44:46,248
TEL ,2018-12-28 09:44:47,248
TEL ,2018-12-28 10:44:42,248
TEL ,2018-12-28 11:44:44,248
TEL ,2018-12-28 12:44:41,248
TEL ,2018-12-28 13:44:42,248
TEL ,2018-12-28 14:44:44,248
TEL ,2018-12-28 16:10:19,248
TEL ,2018-12-28 16:44:44,248
TEL ,2018-12-28 17:44:48,248
TEL ,2018-12-28 18:44:46,248
TEL ,2018-12-28 19:44:43,247
TEL ,2018-12-28 20:44:46,248
TEL ,2018-12-28 21:44:47,248
TEL ,2018-12-28 22:44:42,248
TEL ,2018-12-28 23:44:44,248
TEL ,2018-12-29 00:44:43,248
TEL ,2018-12-29 01:44:41,248
TEL ,2018-12-29 02:44:43,248
TEL ,2018-12-29 03:44:41,248
TEL ,2018-12-29 04:44:42,248
TEL ,2018-12-29 05:44:42,248
TEL ,2018-12-29 06:44:41,248
TEL ,2018-12-29 07:44:50,248
TEL ,2018-12-29 08:44:47,248
TEL ,2018-12-29 09:44:45,248
TEL ,2018-12-29 10:44:43,248
TEL ,2018-12-29 11:44:43,248
TEL ,2018-12-29 12:44:42,248
TEL ,2018-12-29 13:44:42,248
TEL ,2018-12-29 14:44:41,248
TEL ,2018-12-29 15:44:41,248
TEL ,2018-12-29 16:44:44,248
TEL ,2018-12-29 17:44:41,248
TEL ,2018-12-29 18:44:47,248
TEL ,2018-12-29 19:44:47,248
TEL ,2018-12-29 20:44:42,248
TEL ,2018-12-29 21:44:48,248
TEL ,2018-12-29 22:44:43,248
TEL ,2018-12-29 23:44:48,248
TEL ,2018-12-30 00:44:42,248
TEL ,2018-12-30 01:44:44,248
TEL ,2018-12-30 02:44:41,248
TEL ,2018-12-30 03:44:43,248
TEL ,2018-12-30 04:44:41,248
TEL ,2018-12-30 05:44:41,248
TEL ,2018-12-30 06:44:41,248
TEL ,2018-12-30 07:44:41,248
TEL ,2018-12-30 08:44:41,248
TEL ,2018-12-30 09:44:40,248
TEL ,2018-12-30 10:44:40,248
TEL ,2018-12-30 11:44:41,248
TEL ,2018-12-30 12:44:41,248
TEL ,2018-12-30 13:44:41,248
TEL ,2018-12-30 14:44:41,248
TEL ,2018-12-30 15:44:40,248
TEL ,2018-12-30 16:44:40,248
TEL ,2018-12-30 17:44:42,248
TEL ,2018-12-30 18:44:40,248
TEL ,2018-12-30 19:44:41,248
TEL ,2018-12-30 20:44:41,248
TEL ,2018-12-30 21:44:42,248
TEL ,2018-12-30 22:44:45,248
TEL ,2018-12-30 23:44:43,248
TEL ,2018-12-31 00:44:43,248
TEL ,2018-12-31 01:44:41,248
TEL ,2018-12-31 02:44:40,248
TEL ,2018-12-31 03:44:45,248
TEL ,2018-12-31 04:44:43,248
TEL ,2018-12-31 05:44:45,248
TEL ,2018-12-31 06:44:42,248
TEL ,2018-12-31 07:44:42,248
TEL ,2018-12-31 08:44:42,248
TEL ,2018-12-31 09:44:45,248
TEL ,2018-12-31 10:44:44,248
TEL ,2018-12-31 11:44:41,248
TEL ,2018-12-31 12:44:41,248
TEL ,2018-12-31 13:44:41,248
TEL ,2018-12-31 14:44:47,248
TEL ,2018-12-31 15:44:42,247
TEL ,2018-12-31 16:44:43,247
TEL ,2018-12-31 17:44:45,246
TEL ,2018-12-31 18:44:44,246
TEL ,2018-12-31 19:44:45,246
TEL ,2018-12-31 20:44:45,246
TEL ,2018-12-31 21:44:45,246
TEL ,2018-12-31 22:44:44,246
TEL ,2018-12-31 23:44:42,246
TEL ,2019-01-01 00:44:43,246
TEL ,2019-01-01 01:44:45,246
TEL ,2019-01-01 02:44:43,246
TEL ,2019-01-01 03:44:42,246
TEL ,2019-01-01 04:44:43,246
TEL ,2019-01-01 05:44:42,246
TEL ,2019-01-01 06:44:42,246
TEL ,2019-01-01 07:44:41,246
TEL ,2019-01-01 08:44:43,246
TEL ,2019-01-01 09:44:41,246
TEL ,2019-01-01 10:44:41,246
TEL ,2019-01-01 11:44:42,246
TEL ,2019-01-01 12:44:42,246
TEL ,2019-01-01 13:44:42,246
TEL ,2019-01-01 14:44:42,246
TEL ,2019-01-01 15:44:42,246
TEL ,2019-01-01 16:44:42,246
TEL ,2019-01-01 17:44:43,246
TEL ,2019-01-01 18:44:41,246
TEL ,2019-01-01 19:44:42,246
TEL ,2019-01-01 20:44:41,246
TEL ,2019-01-01 21:44:43,246
TEL ,2019-01-01 22:44:46,246
TEL ,2019-01-01 23:44:42,246
TEL ,2019-01-02 00:44:43,246
TEL ,2019-01-02 01:44:41,246
TEL ,2019-01-02 02:44:44,246
TEL ,2019-01-02 03:44:43,246
TEL ,2019-01-02 04:44:42,246
TEL ,2019-01-02 05:44:45,246
TEL ,2019-01-02 06:44:42,246
TEL ,2019-01-02 07:44:43,246
TEL ,2019-01-02 08:44:43,246
TEL ,2019-01-02 09:44:42,246
TEL ,2019-01-02 10:44:45,246
TEL ,2019-01-02 11:44:41,246
TEL ,2019-01-02 12:44:41,246
TEL ,2019-01-02 13:44:41,246
TEL ,2019-01-02 15:09:50,245
TEL ,2019-01-02 15:44:45,245
TEL ,2019-01-02 16:44:41,245
TEL ,2019-01-02 17:44:42,245
TEL ,2019-01-02 18:44:45,245
TEL ,2019-01-02 19:44:46,246
TEL ,2019-01-02 20:44:45,246
TEL ,2019-01-02 21:44:41,246
TEL ,2019-01-02 22:44:43,246
TEL ,2019-01-02 23:44:48,246
TEL ,2019-01-03 00:44:44,246
TEL ,2019-01-03 01:44:42,246
TEL ,2019-01-03 02:44:43,246
TEL ,2019-01-03 03:44:42,246
TEL ,2019-01-03 05:44:46,246
TEL ,2019-01-03 06:44:42,246
TEL ,2019-01-03 07:44:44,246
TEL ,2019-01-03 08:44:42,246
TEL ,2019-01-03 09:44:43,246
TEL ,2019-01-03 10:44:43,246
TEL ,2019-01-03 11:44:42,246
TEL ,2019-01-03 12:44:42,246
TEL ,2019-01-03 13:44:41,246
TEL ,2019-01-03 14:44:47,246
TEL ,2019-01-03 15:44:47,246
TEL ,2019-01-03 16:44:48,246
TEL ,2019-01-03 17:44:49,246
TEL ,2019-01-03 18:44:45,246
TEL ,2019-01-03 19:44:46,246
TEL ,2019-01-03 20:44:43,246
TEL ,2019-01-03 21:44:45,246
TEL ,2019-01-03 22:44:48,246
TEL ,2019-01-03 23:44:43,246
TEL ,2019-01-04 00:44:45,246
TEL ,2019-01-04 01:44:44,246
TEL ,2019-01-04 02:44:48,246
TEL ,2019-01-04 03:44:43,246
TEL ,2019-01-04 04:44:43,246
TEL ,2019-01-04 05:44:46,246
TEL ,2019-01-04 06:44:47,246
TEL ,2019-01-04 07:44:42,246
TEL ,2019-01-04 08:44:44,246
TEL ,2019-01-04 09:44:45,246
TEL ,2019-01-04 10:44:42,246
TEL ,2019-01-04 11:44:43,246
TEL ,2019-01-04 12:44:43,246
TEL ,2019-01-04 13:44:43,246
TEL ,2019-01-04 15:09:37,246
TEL ,2019-01-04 15:44:47,246
TEL ,2019-01-04 16:44:45,246
TEL ,2019-01-04 17:44:43,246
TEL ,2019-01-04 18:44:46,245
TEL ,2019-01-04 19:44:46,245
TEL ,2019-01-04 20:44:45,245
TEL ,2019-01-04 21:44:45,246
TEL ,2019-01-04 22:44:41,246
TEL ,2019-01-04 23:44:44,246
TEL ,2019-01-05 00:44:47,246
TEL ,2019-01-05 01:44:43,246
TEL ,2019-01-05 02:44:45,246
TEL ,2019-01-05 03:44:43,246
TEL ,2019-01-05 04:44:43,246
TEL ,2019-01-05 05:44:42,246
TEL ,2019-01-05 06:44:41,246
TEL ,2019-01-05 07:44:42,246
TEL ,2019-01-05 08:44:45,246
TEL ,2019-01-05 09:44:45,246
TEL ,2019-01-05 10:44:42,246
TEL ,2019-01-05 11:44:41,246
TEL ,2019-01-05 12:44:42,246
TEL ,2019-01-05 13:44:42,246
TEL ,2019-01-05 14:44:42,246
TEL ,2019-01-05 15:44:42,246
TEL ,2019-01-05 16:44:41,246
TEL ,2019-01-05 17:44:42,246
TEL ,2019-01-05 18:44:42,246
TEL ,2019-01-05 19:44:48,246
TEL ,2019-01-05 20:44:44,246
TEL ,2019-01-05 21:44:45,246
TEL ,2019-01-05 22:44:42,246
TEL ,2019-01-05 23:44:42,246
TEL ,2019-01-06 00:44:42,246
TEL ,2019-01-06 01:44:42,246
TEL ,2019-01-06 02:44:42,246
TEL ,2019-01-06 03:44:43,246
TEL ,2019-01-06 04:44:43,246
TEL ,2019-01-06 05:44:42,246
TEL ,2019-01-06 06:44:41,246
TEL ,2019-01-06 07:44:43,246
TEL ,2019-01-06 08:44:41,246
TEL ,2019-01-06 09:44:41,246
TEL ,2019-01-06 10:44:41,246
TEL ,2019-01-06 11:44:42,246
TEL ,2019-01-06 12:44:42,246
TEL ,2019-01-06 13:44:42,246
TEL ,2019-01-06 14:44:42,246
TEL ,2019-01-06 15:44:42,246
TEL ,2019-01-06 16:44:42,246
TEL ,2019-01-06 17:44:42,246
TEL ,2019-01-06 18:44:41,246
TEL ,2019-01-06 19:44:41,246
TEL ,2019-01-06 20:44:41,246
TEL ,2019-01-06 21:44:42,246
TEL ,2019-01-06 22:44:42,246
TEL ,2019-01-06 23:44:43,246
TEL ,2019-01-07 00:44:41,246
TEL ,2019-01-07 01:44:41,246
TEL ,2019-01-07 02:44:44,246
TEL ,2019-01-07 03:44:43,246
TEL ,2019-01-07 04:44:42,246
TEL ,2019-01-07 05:44:41,246
TEL ,2019-01-07 06:44:42,246
TEL ,2019-01-07 07:44:42,246
TEL ,2019-01-07 08:44:42,246
TEL ,2019-01-07 09:44:43,246
TEL ,2019-01-07 10:44:46,246
TEL ,2019-01-07 11:44:43,246
TEL ,2019-01-07 12:44:44,246
TEL ,2019-01-07 14:10:14,246
TEL ,2019-01-07 14:44:45,246
TEL ,2019-01-07 15:44:47,247
TEL ,2019-01-07 16:44:47,247
TEL ,2019-01-07 17:44:47,247
TEL ,2019-01-07 18:44:45,246
TEL ,2019-01-07 19:44:42,246
TEL ,2019-01-07 20:44:47,246
TEL ,2019-01-07 21:44:45,246
TEL ,2019-01-07 22:44:43,246
TEL ,2019-01-07 23:44:48,246
TEL ,2019-01-08 00:44:41,246
TEL ,2019-01-08 01:44:43,246
TEL ,2019-01-08 02:44:46,246
TEL ,2019-01-08 03:44:45,246
TEL ,2019-01-08 04:44:43,246
TEL ,2019-01-08 05:44:44,246
TEL ,2019-01-08 06:44:42,246
TEL ,2019-01-08 07:44:42,246
TEL ,2019-01-08 08:44:43,246
TEL ,2019-01-08 09:44:42,245
TEL ,2019-01-08 10:44:44,245
TEL ,2019-01-08 11:44:45,245
TEL ,2019-01-08 12:44:44,245
TEL ,2019-01-08 13:44:45,245
TEL ,2019-01-08 14:44:48,245
TEL ,2019-01-08 15:44:46,245
TEL ,2019-01-08 16:44:45,247
TEL ,2019-01-08 17:44:44,246
TEL ,2019-01-08 18:44:44,247
TEL ,2019-01-08 19:44:44,247
TEL ,2019-01-08 20:44:42,247
TEL ,2019-01-08 21:44:44,248
TEL ,2019-01-08 22:44:42,248
TEL ,2019-01-08 23:44:45,248
TEL ,2019-01-09 00:44:45,248
TEL ,2019-01-09 01:44:43,248
TEL ,2019-01-09 02:45:36,248
TEL ,2019-01-09 04:44:46,248
TEL ,2019-01-09 05:44:46,248
TEL ,2019-01-09 06:44:43,248
TEL ,2019-01-09 07:44:50,248
TEL ,2019-01-09 08:44:49,248
TEL ,2019-01-09 09:44:43,248
TEL ,2019-01-09 10:44:44,248
TEL ,2019-01-09 11:44:42,248
TEL ,2019-01-09 12:44:42,248
TEL ,2019-01-09 14:10:15,248
TEL ,2019-01-09 14:44:48,248
TEL ,2019-01-09 15:44:45,246
TEL ,2019-01-09 16:44:47,246
TEL ,2019-01-09 17:44:44,247
TEL ,2019-01-09 18:44:45,246
TEL ,2019-01-09 19:44:45,245
TEL ,2019-01-09 20:44:50,245
TEL ,2019-01-09 21:44:45,244
TEL ,2019-01-09 22:44:44,244
TEL ,2019-01-09 23:44:43,245
TEL ,2019-01-10 00:44:41,245
TEL ,2019-01-10 01:44:41,245
TEL ,2019-01-10 02:44:42,245
TEL ,2019-01-10 03:44:41,245
TEL ,2019-01-10 04:44:41,245
TEL ,2019-01-10 05:44:42,245
TEL ,2019-01-10 06:44:40,245
TEL ,2019-01-10 07:44:43,245
TEL ,2019-01-10 08:44:42,245
TEL ,2019-01-10 09:44:41,245
TEL ,2019-01-10 10:44:41,245
TEL ,2019-01-10 11:44:41,245
TEL ,2019-01-10 12:44:41,245
TEL ,2019-01-10 13:44:43,245
TEL ,2019-01-10 15:09:20,245
TEL ,2019-01-10 15:44:46,245
TEL ,2019-01-10 16:44:45,245
TEL ,2019-01-10 17:44:45,245
TEL ,2019-01-10 18:44:42,245
TEL ,2019-01-10 19:44:42,244
TEL ,2019-01-10 20:44:46,244
TEL ,2019-01-10 21:44:45,244
TEL ,2019-01-10 22:44:42,244
TEL ,2019-01-10 23:44:44,244
TEL ,2019-01-11 00:44:44,244
TEL ,2019-01-11 01:44:42,244
TEL ,2019-01-11 02:44:44,244
TEL ,2019-01-11 03:44:43,244
TEL ,2019-01-11 04:44:44,244
TEL ,2019-01-11 05:44:44,244
TEL ,2019-01-11 06:44:42,244
TEL ,2019-01-11 07:44:47,244
TEL ,2019-01-11 08:44:43,244
TEL ,2019-01-11 09:44:44,244
TEL ,2019-01-11 10:44:42,244
TEL ,2019-01-11 11:44:42,244
TEL ,2019-01-11 12:44:43,244
TEL ,2019-01-11 13:44:42,244
TEL ,2019-01-11 14:44:47,244
TEL ,2019-01-11 15:44:47,243
TEL ,2019-01-11 16:44:42,245
TEL ,2019-01-11 17:44:44,245
TEL ,2019-01-11 18:44:43,245
TEL ,2019-01-11 19:44:47,245
TEL ,2019-01-11 20:44:45,245
TEL ,2019-01-11 21:44:41,245
TEL ,2019-01-11 22:44:43,245
TEL ,2019-01-11 23:44:41,245
TEL ,2019-01-12 00:44:42,245
TEL ,2019-01-12 01:44:45,245
TEL ,2019-01-12 02:44:41,245
TEL ,2019-01-12 03:44:43,245
TEL ,2019-01-12 04:44:40,245
TEL ,2019-01-12 05:44:40,245
TEL ,2019-01-12 06:44:43,245
TEL ,2019-01-12 07:44:40,245
TEL ,2019-01-12 08:44:41,245
TEL ,2019-01-12 09:44:42,245
TEL ,2019-01-12 10:44:41,245
TEL ,2019-01-12 11:44:41,245
TEL ,2019-01-12 12:44:40,245
TEL ,2019-01-12 13:44:40,245
TEL ,2019-01-12 14:44:41,245
TEL ,2019-01-12 15:44:40,245
TEL ,2019-01-12 16:44:44,245
TEL ,2019-01-12 17:44:43,245
TEL ,2019-01-12 18:44:40,245
TEL ,2019-01-12 19:44:44,245
TEL ,2019-01-12 20:44:42,245
TEL ,2019-01-12 21:44:41,245
TEL ,2019-01-12 22:44:42,245
TEL ,2019-01-12 23:44:47,245
TEL ,2019-01-13 00:44:41,245
TEL ,2019-01-13 01:44:41,245
TEL ,2019-01-13 02:44:42,245
TEL ,2019-01-13 03:44:41,245
TEL ,2019-01-13 04:44:44,245
TEL ,2019-01-13 05:44:42,245
TEL ,2019-01-13 06:44:42,245
TEL ,2019-01-13 07:44:41,245
TEL ,2019-01-13 08:44:41,245
TEL ,2019-01-13 09:44:43,245
TEL ,2019-01-13 10:44:50,245
TEL ,2019-01-13 11:44:45,245
TEL ,2019-01-13 12:44:41,245
TEL ,2019-01-13 13:44:42,245
TEL ,2019-01-13 14:44:40,245
TEL ,2019-01-13 15:44:42,245
TEL ,2019-01-13 16:44:41,245
TEL ,2019-01-13 17:44:42,245
TEL ,2019-01-13 18:44:41,245
TEL ,2019-01-13 19:44:42,245
TEL ,2019-01-13 20:44:44,245
TEL ,2019-01-13 21:44:41,245
TEL ,2019-01-13 22:44:43,245
TEL ,2019-01-13 23:44:42,245
TEL ,2019-01-14 00:44:41,245
TEL ,2019-01-14 01:44:42,245
TEL ,2019-01-14 02:44:42,245
TEL ,2019-01-14 03:44:41,245
TEL ,2019-01-14 04:44:42,245
TEL ,2019-01-14 05:44:43,245
TEL ,2019-01-14 06:44:41,245
TEL ,2019-01-14 07:44:40,245
TEL ,2019-01-14 08:44:41,245
TEL ,2019-01-14 09:44:41,245
TEL ,2019-01-14 10:44:43,245
TEL ,2019-01-14 11:44:41,245
TEL ,2019-01-14 12:44:41,245
TEL ,2019-01-14 13:44:42,245
TEL ,2019-01-14 14:44:44,245
TEL ,2019-01-14 15:44:46,245
TEL ,2019-01-14 16:44:43,245
TEL ,2019-01-14 17:44:42,245
TEL ,2019-01-14 18:44:43,245
TEL ,2019-01-14 19:44:45,246
TEL ,2019-01-14 20:44:41,247
TEL ,2019-01-14 21:44:42,247
TEL ,2019-01-14 22:44:41,248
TEL ,2019-01-14 23:44:41,248
TEL ,2019-01-15 00:44:41,248
TEL ,2019-01-15 01:44:40,248
TEL ,2019-01-15 02:44:41,248
TEL ,2019-01-15 03:44:41,248
TEL ,2019-01-15 04:44:46,248
TEL ,2019-01-15 05:44:41,248
TEL ,2019-01-15 06:44:40,248
TEL ,2019-01-15 07:44:41,248
TEL ,2019-01-15 08:44:41,248
TEL ,2019-01-15 09:44:40,248
TEL ,2019-01-15 10:44:41,248
TEL ,2019-01-15 11:44:41,248
TEL ,2019-01-15 12:44:41,248
TEL ,2019-01-15 13:44:40,248
TEL ,2019-01-15 14:44:48,248
TEL ,2019-01-15 15:44:44,249
TEL ,2019-01-15 16:44:45,249
TEL ,2019-01-15 17:44:41,248
TEL ,2019-01-15 18:44:42,250
TEL ,2019-01-15 19:44:42,250
TEL ,2019-01-15 20:44:43,250
TEL ,2019-01-15 21:44:42,250
TEL ,2019-01-15 22:44:43,250
TEL ,2019-01-15 23:44:45,250
TEL ,2019-01-16 00:44:42,250
TEL ,2019-01-16 01:44:50,250
TEL ,2019-01-16 02:44:42,250
TEL ,2019-01-16 03:44:40,250
TEL ,2019-01-16 04:44:41,250
TEL ,2019-01-16 05:44:40,250
TEL ,2019-01-16 06:44:41,250
TEL ,2019-01-16 07:44:41,250
TEL ,2019-01-16 08:44:40,250
TEL ,2019-01-16 09:44:41,250
TEL ,2019-01-16 10:44:40,250
TEL ,2019-01-16 11:44:39,250
TEL ,2019-01-16 12:44:40,250
TEL ,2019-01-16 14:11:16,250
TEL ,2019-01-16 15:10:17,249
TEL ,2019-01-16 15:44:44,249
TEL ,2019-01-16 16:44:43,248
TEL ,2019-01-16 17:44:42,248
TEL ,2019-01-16 18:44:47,248
TEL ,2019-01-16 19:44:43,247
TEL ,2019-01-16 20:44:42,248
TEL ,2019-01-16 21:44:43,248
TEL ,2019-01-16 22:44:41,248
TEL ,2019-01-16 23:44:40,248
TEL ,2019-01-17 00:44:42,248
TEL ,2019-01-17 01:44:42,248
TEL ,2019-01-17 02:44:45,248
TEL ,2019-01-17 03:44:42,248
TEL ,2019-01-17 04:44:44,248
TEL ,2019-01-17 05:44:42,248
TEL ,2019-01-17 06:44:42,248
TEL ,2019-01-17 07:44:41,248
TEL ,2019-01-17 08:44:41,248
TEL ,2019-01-17 09:44:42,248
TEL ,2019-01-17 10:44:42,248
TEL ,2019-01-17 11:44:42,248
TEL ,2019-01-17 12:44:41,248
TEL ,2019-01-17 13:44:41,248
TEL ,2019-01-17 15:10:49,248
TEL ,2019-01-17 15:44:45,248
TEL ,2019-01-17 16:44:42,248
TEL ,2019-01-17 17:44:41,248
TEL ,2019-01-17 18:44:42,248
TEL ,2019-01-17 19:44:45,248
TEL ,2019-01-17 20:44:44,249
TEL ,2019-01-17 21:44:41,249
TEL ,2019-01-17 22:44:42,249
TEL ,2019-01-17 23:44:41,249
TEL ,2019-01-18 00:44:42,249
TEL ,2019-01-18 01:44:43,249
TEL ,2019-01-18 02:44:41,249
TEL ,2019-01-18 03:44:45,249
TEL ,2019-01-18 04:44:43,249
TEL ,2019-01-18 05:44:42,249
TEL ,2019-01-18 06:44:41,249
TEL ,2019-01-18 07:44:42,249
TEL ,2019-01-18 08:44:41,249
TEL ,2019-01-18 09:44:42,249
TEL ,2019-01-18 10:44:42,249
TEL ,2019-01-18 11:44:41,249
TEL ,2019-01-18 12:44:42,249
TEL ,2019-01-18 13:44:42,249
TEL ,2019-01-18 14:44:47,249
TEL ,2019-01-18 15:44:46,253
TEL ,2019-01-18 16:44:45,252
TEL ,2019-01-18 17:44:45,252
TEL ,2019-01-18 18:44:44,253
TEL ,2019-01-18 19:44:41,252
TEL ,2019-01-18 20:44:45,253
TEL ,2019-01-18 21:44:42,253
TEL ,2019-01-18 22:44:41,253
TEL ,2019-01-18 23:44:42,253
TEL ,2019-01-19 00:44:41,253
TEL ,2019-01-19 01:44:42,253
TEL ,2019-01-19 02:44:42,253
TEL ,2019-01-19 03:44:42,253
TEL ,2019-01-19 04:44:43,253
TEL ,2019-01-19 05:44:42,253
TEL ,2019-01-19 06:44:41,253
TEL ,2019-01-19 07:44:41,253
TEL ,2019-01-19 08:44:41,253
TEL ,2019-01-19 09:44:42,253
TEL ,2019-01-19 10:44:42,253
TEL ,2019-01-19 11:44:41,253
TEL ,2019-01-19 12:44:40,253
TEL ,2019-01-19 13:44:42,253
TEL ,2019-01-19 14:44:41,253
TEL ,2019-01-19 15:44:43,253
TEL ,2019-01-19 16:44:41,253
TEL ,2019-01-19 17:44:41,253
TEL ,2019-01-19 18:44:40,253
TEL ,2019-01-19 19:44:41,253
TEL ,2019-01-19 20:44:41,253
TEL ,2019-01-19 21:44:41,253
TEL ,2019-01-19 22:44:41,253
TEL ,2019-01-19 23:44:42,253
TEL ,2019-01-20 00:44:43,253
TEL ,2019-01-20 01:44:41,253
TEL ,2019-01-20 02:44:42,253
TEL ,2019-01-20 03:44:42,253
TEL ,2019-01-20 04:44:44,253
TEL ,2019-01-20 05:44:42,253
TEL ,2019-01-20 06:44:42,253
TEL ,2019-01-20 07:44:41,253
TEL ,2019-01-20 08:44:41,253
TEL ,2019-01-20 09:44:41,253
TEL ,2019-01-20 10:44:41,253
TEL ,2019-01-20 11:44:41,253
TEL ,2019-01-20 12:44:41,253
TEL ,2019-01-20 13:44:41,253
TEL ,2019-01-20 14:44:41,253
TEL ,2019-01-20 15:44:42,253
TEL ,2019-01-20 16:44:42,253
TEL ,2019-01-20 17:44:42,253
TEL ,2019-01-20 18:44:41,253
TEL ,2019-01-20 19:44:41,253
TEL ,2019-01-20 20:44:42,253
TEL ,2019-01-20 21:44:41,253
TEL ,2019-01-20 22:44:41,253
TEL ,2019-01-20 23:44:42,253
TEL ,2019-01-21 00:44:42,253
TEL ,2019-01-21 01:44:42,253
TEL ,2019-01-21 02:44:42,253
TEL ,2019-01-21 03:44:41,253
TEL ,2019-01-21 04:44:42,253
TEL ,2019-01-21 05:44:42,253
TEL ,2019-01-21 06:44:41,253
TEL ,2019-01-21 07:44:41,253
TEL ,2019-01-21 08:44:41,253
TEL ,2019-01-21 09:44:42,253
TEL ,2019-01-21 10:44:42,253
TEL ,2019-01-21 11:44:41,253
TEL ,2019-01-21 12:44:41,253
TEL ,2019-01-21 13:44:40,253
TEL ,2019-01-21 14:44:41,253
TEL ,2019-01-21 15:44:40,253
TEL ,2019-01-21 16:44:41,253
TEL ,2019-01-21 17:44:41,253
TEL ,2019-01-21 18:44:41,253
TEL ,2019-01-21 19:44:40,253
TEL ,2019-01-21 20:44:41,253
TEL ,2019-01-21 21:44:40,253
TEL ,2019-01-21 22:44:42,253
TEL ,2019-01-21 23:44:41,253
TEL ,2019-01-22 00:44:41,253
TEL ,2019-01-22 01:44:40,253
TEL ,2019-01-22 02:44:42,253
TEL ,2019-01-22 03:44:41,253
TEL ,2019-01-22 04:44:44,253
TEL ,2019-01-22 05:44:43,253
TEL ,2019-01-22 06:44:41,253
TEL ,2019-01-22 07:44:41,253
TEL ,2019-01-22 08:44:41,253
TEL ,2019-01-22 09:44:40,253
TEL ,2019-01-22 10:44:41,253
TEL ,2019-01-22 11:44:40,253
TEL ,2019-01-22 12:44:41,253
TEL ,2019-01-22 13:44:41,253
TEL ,2019-01-22 14:44:41,253
TEL ,2019-01-22 15:44:41,253
TEL ,2019-01-22 16:44:41,255
TEL ,2019-01-22 17:44:41,256
TEL ,2019-01-22 18:44:41,257
TEL ,2019-01-22 19:44:44,258
TEL ,2019-01-22 20:44:42,259
TEL ,2019-01-22 21:44:43,260
TEL ,2019-01-22 22:44:40,260
TEL ,2019-01-22 23:44:41,260
TEL ,2019-01-23 00:44:42,260
TEL ,2019-01-23 01:44:42,260
TEL ,2019-01-23 02:44:41,260
TEL ,2019-01-23 03:44:42,260
TEL ,2019-01-23 04:44:42,260
TEL ,2019-01-23 05:44:42,260
TEL ,2019-01-23 06:44:43,260
TEL ,2019-01-23 07:44:43,260
TEL ,2019-01-23 08:44:43,260
TEL ,2019-01-23 09:44:44,260
TEL ,2019-01-23 10:44:43,260
TEL ,2019-01-23 11:44:41,260
TEL ,2019-01-23 12:44:41,260
TEL ,2019-01-23 13:44:41,260
TEL ,2019-01-23 15:08:45,258
TEL ,2019-01-23 15:44:41,258
TEL ,2019-01-23 16:44:41,259
TEL ,2019-01-23 17:44:41,259
TEL ,2019-01-23 18:44:41,259
TEL ,2019-01-23 19:44:41,262
TEL ,2019-01-23 20:44:40,270
TEL ,2019-01-23 21:44:41,272
TEL ,2019-01-23 22:44:41,273
TEL ,2019-01-23 23:44:41,273
TEL ,2019-01-30 08:16:46,265
TEL ,2019-01-30 08:22:48,265
TEL ,2019-01-30 08:49:33,265
TEL ,2019-01-30 08:49:38,265
TEL ,2019-01-30 09:49:27,265
TEL ,2019-01-30 09:49:35,265
TEL ,2019-01-30 10:49:31,265
TEL ,2019-01-30 10:49:35,265
TEL ,2019-01-30 11:49:28,265
TEL ,2019-01-30 11:49:39,265
TEL ,2019-01-30 12:49:33,265
TEL ,2019-01-30 12:49:38,265
TEL ,2019-01-30 13:49:30,265
TEL ,2019-01-30 13:49:35,265
TEL ,2019-01-30 14:49:28,265
TEL ,2019-01-30 14:49:39,265
TEL ,2019-01-30 15:49:33,265
TEL ,2019-01-30 15:49:38,265
TEL ,2019-01-30 16:49:31,264
TEL ,2019-01-30 16:49:35,264
TEL ,2019-01-30 17:49:30,263
TEL ,2019-01-30 17:49:37,263
TEL ,2019-01-30 18:49:28,263
TEL ,2019-01-30 18:49:35,263
TEL ,2019-01-30 19:49:36,263
TEL ,2019-01-30 19:49:41,263
TEL ,2019-01-30 20:45:51,263
TEL ,2019-01-30 21:49:33,261
TEL ,2019-01-30 21:49:37,261
TEL ,2019-01-30 22:49:33,261
TEL ,2019-01-30 22:49:37,261
TEL ,2019-01-30 23:49:36,261
TEL ,2019-01-30 23:49:40,261
TEL ,2019-01-31 00:49:36,261
TEL ,2019-01-31 00:49:40,261
TEL ,2019-01-31 01:49:32,261
TEL ,2019-01-31 01:49:36,261
TEL ,2019-01-31 02:49:34,261
TEL ,2019-01-31 02:49:38,261
TEL ,2019-01-31 03:49:34,261
TEL ,2019-01-31 03:49:35,261
TEL ,2019-01-31 04:49:31,261
TEL ,2019-01-31 04:49:36,261
TEL ,2019-01-31 05:49:33,261
TEL ,2019-01-31 05:49:38,261
TEL ,2019-01-31 06:49:34,261
TEL ,2019-01-31 06:49:38,261
TEL ,2019-01-31 08:18:14,261
TEL ,2019-01-31 08:44:49,261
TEL ,2019-01-31 10:08:21,261
TEL ,2019-01-31 10:44:49,261
TEL ,2019-01-31 11:44:48,261
TEL ,2019-01-31 12:44:46,261
TEL ,2019-01-31 13:44:49,261
TEL ,2019-01-31 15:44:49,263
TEL ,2019-01-31 16:44:53,263
TEL ,2019-01-31 17:44:51,264
TEL ,2019-01-31 18:44:50,265
TEL ,2019-01-31 19:44:52,264
TEL ,2019-01-31 20:44:51,264
TEL ,2019-01-31 21:44:49,263
TEL ,2019-01-31 22:44:47,263
TEL ,2019-01-31 23:44:47,263
TEL ,2019-02-01 00:44:48,263
TEL ,2019-02-01 01:44:49,263
TEL ,2019-02-01 02:44:51,263
TEL ,2019-02-01 03:44:50,263
TEL ,2019-02-01 04:44:49,263
TEL ,2019-02-01 05:44:48,263
TEL ,2019-02-01 06:44:49,263
TEL ,2019-02-01 07:44:51,263
TEL ,2019-02-01 08:44:49,263
TEL ,2019-02-01 09:44:49,263
TEL ,2019-02-01 10:44:48,263
TEL ,2019-02-01 11:44:49,263
TEL ,2019-02-01 12:44:47,263
TEL ,2019-02-01 13:44:49,263
TEL ,2019-02-01 14:44:50,263
TEL ,2019-02-01 15:44:49,263
TEL ,2019-02-01 16:44:51,262
TEL ,2019-02-01 17:44:49,262
TEL ,2019-02-01 18:44:54,262
TEL ,2019-02-01 19:44:52,259
TEL ,2019-02-01 20:44:49,259
TEL ,2019-02-01 21:44:52,259
TEL ,2019-02-01 22:44:51,259
TEL ,2019-02-02 00:09:53,259
TEL ,2019-02-02 00:44:49,259
TEL ,2019-02-02 01:44:49,259
TEL ,2019-02-02 02:44:49,259
TEL ,2019-02-02 03:44:48,259
TEL ,2019-02-02 04:44:49,259
TEL ,2019-02-02 05:44:48,259
TEL ,2019-02-02 06:44:49,259
TEL ,2019-02-02 07:44:48,259
TEL ,2019-02-02 08:44:47,259
TEL ,2019-02-02 09:44:47,259
TEL ,2019-02-02 10:44:47,259
TEL ,2019-02-02 11:44:47,259
TEL ,2019-02-02 12:44:49,259
TEL ,2019-02-02 13:44:49,259
TEL ,2019-02-02 14:44:50,259
TEL ,2019-02-02 15:44:48,259
TEL ,2019-02-02 16:44:54,259
TEL ,2019-02-02 17:44:51,259
TEL ,2019-02-02 18:44:51,259
TEL ,2019-02-02 19:44:49,259
TEL ,2019-02-02 20:44:51,259
TEL ,2019-02-02 21:44:48,259
TEL ,2019-02-02 22:44:49,259
TEL ,2019-02-02 23:44:49,259
TEL ,2019-02-03 00:44:49,259
TEL ,2019-02-03 01:44:49,259
TEL ,2019-02-03 02:44:50,259
TEL ,2019-02-03 03:44:50,259
TEL ,2019-02-03 04:44:50,259
TEL ,2019-02-03 05:44:46,259
TEL ,2019-02-03 06:44:49,259
TEL ,2019-02-03 07:44:48,259
TEL ,2019-02-03 08:44:47,259
TEL ,2019-02-03 09:44:48,259
TEL ,2019-02-03 10:44:47,259
TEL ,2019-02-03 11:44:49,259
TEL ,2019-02-03 12:44:49,259
TEL ,2019-02-03 13:44:49,259
TEL ,2019-02-03 14:44:50,259
TEL ,2019-02-03 15:44:48,259
TEL ,2019-02-03 16:44:49,259
TEL ,2019-02-03 17:44:50,259
TEL ,2019-02-03 18:44:52,259
TEL ,2019-02-03 19:44:47,259
TEL ,2019-02-03 20:44:49,259
TEL ,2019-02-03 21:44:52,259
TEL ,2019-02-03 22:44:52,259
TEL ,2019-02-03 23:44:51,259
TEL ,2019-02-04 00:44:50,259
TEL ,2019-02-04 01:44:49,259
TEL ,2019-02-04 02:44:52,259
TEL ,2019-02-04 03:44:50,259
TEL ,2019-02-04 04:44:50,259
TEL ,2019-02-04 05:44:48,259
TEL ,2019-02-04 06:44:48,259
TEL ,2019-02-04 07:44:48,259
TEL ,2019-02-04 08:44:48,259
TEL ,2019-02-04 09:44:48,259
TEL ,2019-02-04 10:44:49,259
TEL ,2019-02-04 11:44:49,259
TEL ,2019-02-04 12:44:47,259
TEL ,2019-02-04 13:44:48,259
TEL ,2019-02-04 14:44:50,259
TEL ,2019-02-04 15:44:51,258
TEL ,2019-02-04 16:44:50,258
TEL ,2019-02-04 17:44:50,257
TEL ,2019-02-04 18:44:51,257
TEL ,2019-02-04 19:44:49,257
TEL ,2019-02-04 20:44:52,257
TEL ,2019-02-04 21:44:51,258
TEL ,2019-02-04 22:44:51,258
TEL ,2019-02-04 23:44:51,258
TEL ,2019-02-05 00:44:50,258
TEL ,2019-02-05 01:44:55,258
TEL ,2019-02-05 02:44:52,258
TEL ,2019-02-05 03:44:51,258
TEL ,2019-02-05 04:45:07,258
TEL ,2019-02-05 05:44:50,258
TEL ,2019-02-05 06:44:51,258
TEL ,2019-02-05 07:44:50,258
TEL ,2019-02-05 08:44:52,258
TEL ,2019-02-05 09:44:50,258
TEL ,2019-02-05 10:44:50,258
TEL ,2019-02-05 11:44:49,258
TEL ,2019-02-05 12:44:48,258
TEL ,2019-02-05 13:44:49,258
TEL ,2019-02-05 14:44:52,258
TEL ,2019-02-05 15:44:49,258
TEL ,2019-02-05 16:44:53,258
TEL ,2019-02-05 17:44:51,258
TEL ,2019-02-05 18:44:54,258
TEL ,2019-02-05 19:44:53,258
TEL ,2019-02-05 20:44:52,259
TEL ,2019-02-05 21:44:50,259
TEL ,2019-02-05 22:44:52,260
TEL ,2019-02-05 23:44:55,260
TEL ,2019-02-06 00:44:51,260
TEL ,2019-02-06 01:44:50,260
TEL ,2019-02-06 02:44:51,260
TEL ,2019-02-06 03:44:52,260
TEL ,2019-02-06 04:44:51,260
TEL ,2019-02-06 05:44:51,260
TEL ,2019-02-06 06:44:54,260
TEL ,2019-02-06 07:44:52,260
TEL ,2019-02-06 08:44:45,260
TEL ,2019-02-06 09:44:45,260
TEL ,2019-02-07 02:44:59,258
TEL ,2019-02-07 03:44:49,258
TEL ,2019-02-07 04:44:49,258
TEL ,2019-02-07 05:44:49,258
TEL ,2019-02-07 06:44:47,258
TEL ,2019-02-07 07:44:47,258
TEL ,2019-02-07 08:44:48,258
TEL ,2019-02-07 09:44:48,257
TEL ,2019-02-07 10:44:52,257
TEL ,2019-02-07 11:44:53,257
TEL ,2019-02-07 12:44:51,257
TEL ,2019-02-07 13:44:52,257
TEL ,2019-02-07 15:08:24,257
TEL ,2019-02-07 15:44:53,257
TEL ,2019-02-07 16:44:55,259
TEL ,2019-02-07 17:44:51,259
TEL ,2019-02-07 18:44:56,259
TEL ,2019-02-07 19:44:56,259
TEL ,2019-02-07 20:44:53,258
TEL ,2019-02-07 21:44:52,258
TEL ,2019-02-07 22:44:51,258
TEL ,2019-02-07 23:44:52,258
TEL ,2019-02-08 00:45:23,258
TEL ,2019-02-08 01:44:51,258
TEL ,2019-02-08 02:44:52,258
TEL ,2019-02-08 03:44:57,258
TEL ,2019-02-08 04:44:52,258
TEL ,2019-02-08 05:44:51,258
TEL ,2019-02-08 06:44:49,258
TEL ,2019-02-08 07:44:50,258
TEL ,2019-02-08 08:44:49,258
TEL ,2019-02-08 09:44:52,258
TEL ,2019-02-08 10:44:51,258
TEL ,2019-02-08 11:44:52,258
TEL ,2019-02-08 12:44:53,258
TEL ,2019-02-08 13:44:53,258
TEL ,2019-02-08 15:09:26,258
TEL ,2019-02-08 15:44:51,258
TEL ,2019-02-08 16:44:53,257
TEL ,2019-02-08 17:44:56,257
TEL ,2019-02-08 18:44:57,257
TEL ,2019-02-08 19:44:58,257
TEL ,2019-02-08 20:44:56,257
TEL ,2019-02-08 21:44:54,256
TEL ,2019-02-08 22:44:52,256
TEL ,2019-02-08 23:44:52,256
TEL ,2019-02-09 00:44:53,256
TEL ,2019-02-09 01:44:52,256
TEL ,2019-02-09 02:44:53,256
TEL ,2019-02-09 03:44:52,256
TEL ,2019-02-09 04:44:55,256
TEL ,2019-02-09 05:44:53,256
TEL ,2019-02-09 06:44:53,256
TEL ,2019-02-09 07:44:52,256
TEL ,2019-02-09 08:44:51,256
TEL ,2019-02-09 09:44:52,256
TEL ,2019-02-09 10:44:52,256
TEL ,2019-02-09 11:44:50,256
TEL ,2019-02-09 12:44:54,256
TEL ,2019-02-09 13:44:52,256
TEL ,2019-02-09 14:44:53,256
TEL ,2019-02-09 15:44:55,256
TEL ,2019-02-09 16:44:54,256
TEL ,2019-02-09 17:44:55,256
TEL ,2019-02-09 18:44:53,256
TEL ,2019-02-09 19:44:54,256
TEL ,2019-02-09 20:44:54,256
TEL ,2019-02-09 21:44:55,256
TEL ,2019-02-09 22:44:53,256
TEL ,2019-02-09 23:44:54,256
TEL ,2019-02-10 00:44:53,256
TEL ,2019-02-10 01:44:54,256
TEL ,2019-02-10 02:44:54,256
TEL ,2019-02-10 03:44:52,256
TEL ,2019-02-10 04:44:58,256
TEL ,2019-02-10 05:44:58,256
TEL ,2019-02-10 06:44:56,256
TEL ,2019-02-10 07:44:52,256
TEL ,2019-02-10 08:44:52,256
TEL ,2019-02-10 09:44:52,256
TEL ,2019-02-10 10:44:52,256
TEL ,2019-02-10 11:44:52,256
TEL ,2019-02-10 12:44:52,256
TEL ,2019-02-10 13:44:54,256
TEL ,2019-02-10 14:44:54,256
TEL ,2019-02-10 15:44:57,256
TEL ,2019-02-10 16:44:57,256
TEL ,2019-02-10 17:44:54,256
TEL ,2019-02-10 18:44:54,256
TEL ,2019-02-10 19:44:56,256
TEL ,2019-02-10 20:44:55,256
TEL ,2019-02-10 21:44:53,256
TEL ,2019-02-10 22:44:56,256
TEL ,2019-02-10 23:44:57,256
TEL ,2019-02-11 00:44:56,256
TEL ,2019-02-11 01:44:55,256
TEL ,2019-02-11 02:44:59,256
TEL ,2019-02-11 03:44:57,256
TEL ,2019-02-11 04:44:59,256
TEL ,2019-02-11 05:44:56,256
TEL ,2019-02-11 06:44:56,256
TEL ,2019-02-11 07:44:53,256
TEL ,2019-02-11 08:44:53,256
TEL ,2019-02-11 09:44:53,256
TEL ,2019-02-11 10:44:56,256
TEL ,2019-02-11 11:44:52,256
TEL ,2019-02-11 12:44:52,256
TEL ,2019-02-11 13:44:53,256
TEL ,2019-02-11 14:44:53,256
TEL ,2019-02-11 15:44:52,256
TEL ,2019-02-11 16:44:54,256
TEL ,2019-02-11 17:44:54,256
TEL ,2019-02-11 18:44:54,256
TEL ,2019-02-11 19:44:53,256
TEL ,2019-02-11 20:44:53,256
TEL ,2019-02-11 21:44:51,256
TEL ,2019-02-11 22:44:51,256
TEL ,2019-02-11 23:44:53,256
TEL ,2019-02-12 00:44:52,256
TEL ,2019-02-12 01:44:50,256
TEL ,2019-02-12 02:44:57,256
TEL ,2019-02-12 03:44:52,256
TEL ,2019-02-12 04:44:54,256
TEL ,2019-02-12 05:44:53,256
TEL ,2019-02-12 06:44:53,256
TEL ,2019-02-12 07:44:53,256
TEL ,2019-02-12 08:44:52,256
TEL ,2019-02-12 09:44:54,256
TEL ,2019-02-12 10:44:54,256
TEL ,2019-02-12 11:44:55,256
TEL ,2019-02-12 12:44:53,256
TEL ,2019-02-12 13:44:54,256
TEL ,2019-02-12 14:44:53,256
TEL ,2019-02-12 15:44:57,256
TEL ,2019-02-12 16:44:53,254
TEL ,2019-02-12 17:44:53,253
TEL ,2019-02-12 18:44:53,253
TEL ,2019-02-12 19:44:54,253
TEL ,2019-02-12 20:44:53,253
TEL ,2019-02-12 21:44:54,253
TEL ,2019-02-12 22:44:54,253
TEL ,2019-02-12 23:44:53,253
TEL ,2019-02-13 00:44:55,253
TEL ,2019-02-13 01:44:56,253
TEL ,2019-02-13 02:44:54,253
TEL ,2019-02-13 03:44:54,253
TEL ,2019-02-13 04:44:55,253
TEL ,2019-02-13 05:44:55,253
TEL ,2019-02-13 06:44:54,253
TEL ,2019-02-13 07:44:53,253
TEL ,2019-02-13 08:44:52,253
TEL ,2019-02-13 09:44:52,253
TEL ,2019-02-13 10:44:53,253
TEL ,2019-02-13 11:44:52,253
TEL ,2019-02-13 12:44:55,253
TEL ,2019-02-13 13:44:52,253
TEL ,2019-02-13 14:44:52,253
TEL ,2019-02-13 15:44:54,253
TEL ,2019-02-13 16:44:52,253
TEL ,2019-02-13 17:44:55,253
TEL ,2019-02-13 18:44:51,253
TEL ,2019-02-13 19:44:51,253
TEL ,2019-02-13 20:44:52,253
TEL ,2019-02-13 21:44:52,253
TEL ,2019-02-13 22:44:55,253
TEL ,2019-02-13 23:44:54,253
TEL ,2019-02-14 00:44:52,253
TEL ,2019-02-14 01:44:55,253
TEL ,2019-02-14 02:44:55,253
TEL ,2019-02-14 03:44:57,253
TEL ,2019-02-14 04:44:53,253
TEL ,2019-02-14 05:44:57,253
TEL ,2019-02-14 06:44:53,253
TEL ,2019-02-14 07:44:53,253
TEL ,2019-02-14 08:44:51,253
TEL ,2019-02-14 09:44:51,253
TEL ,2019-02-14 10:44:52,253
TEL ,2019-02-14 11:44:54,253
TEL ,2019-02-14 12:44:53,253
TEL ,2019-02-14 13:44:53,253
TEL ,2019-02-14 14:44:54,253
TEL ,2019-02-14 15:44:55,255
TEL ,2019-02-14 16:44:51,255
TEL ,2019-02-14 17:44:53,255
TEL ,2019-02-14 18:44:54,256
TEL ,2019-02-14 19:44:53,256
TEL ,2019-02-14 20:44:55,257
TEL ,2019-02-14 21:44:54,257
TEL ,2019-02-14 22:44:56,257
TEL ,2019-02-15 00:44:56,257
TEL ,2019-02-15 01:44:57,257
TEL ,2019-02-15 02:44:58,257
TEL ,2019-02-15 03:45:00,257
TEL ,2019-02-15 04:45:00,257
TEL ,2019-02-15 05:44:54,257
TEL ,2019-02-15 06:44:52,257
TEL ,2019-02-15 07:44:55,257
TEL ,2019-02-15 08:44:53,257
TEL ,2019-02-15 09:44:54,257
TEL ,2019-02-15 10:44:54,257
TEL ,2019-02-15 11:44:55,257
TEL ,2019-02-15 12:44:53,257
TEL ,2019-02-15 14:09:57,257
TEL ,2019-02-15 14:44:56,257
TEL ,2019-02-15 15:45:05,257
TEL ,2019-02-15 16:44:59,257
TEL ,2019-02-15 17:44:54,257
TEL ,2019-02-15 18:44:59,257
TEL ,2019-02-15 19:44:57,257
TEL ,2019-02-15 20:44:54,257
TEL ,2019-02-15 21:44:56,256
TEL ,2019-02-15 22:44:57,256
TEL ,2019-02-15 23:44:57,256
TEL ,2019-02-16 00:44:58,256
TEL ,2019-02-16 01:45:04,256
TEL ,2019-02-16 02:45:01,256
TEL ,2019-02-16 03:44:59,256
TEL ,2019-02-16 04:44:55,256
TEL ,2019-02-16 05:44:57,256
TEL ,2019-02-16 06:44:54,256
TEL ,2019-02-16 07:44:53,256
TEL ,2019-02-16 08:44:54,256
TEL ,2019-02-16 09:44:56,256
TEL ,2019-02-16 10:44:55,256
TEL ,2019-02-16 11:44:54,256
TEL ,2019-02-16 12:44:55,256
TEL ,2019-02-16 13:45:00,256
TEL ,2019-02-16 14:44:56,256
TEL ,2019-02-16 15:45:02,256
TEL ,2019-02-16 16:44:54,256
TEL ,2019-02-16 17:44:54,256
TEL ,2019-02-16 18:44:54,256
TEL ,2019-02-16 19:44:53,256
TEL ,2019-02-16 20:44:56,256
TEL ,2019-02-16 21:44:55,256
TEL ,2019-02-16 22:44:54,256
TEL ,2019-02-16 23:44:53,256
TEL ,2019-02-17 00:44:55,256
TEL ,2019-02-17 01:44:53,256
TEL ,2019-02-17 02:44:51,256
TEL ,2019-02-17 03:44:57,256
TEL ,2019-02-17 04:44:53,256
TEL ,2019-02-17 05:44:55,256
TEL ,2019-02-17 06:44:53,256
TEL ,2019-02-17 07:44:54,256
TEL ,2019-02-17 08:44:53,256
TEL ,2019-02-17 09:44:51,256
TEL ,2019-02-17 10:44:53,256
TEL ,2019-02-17 11:44:53,256
TEL ,2019-02-17 12:44:50,256
TEL ,2019-02-17 13:44:54,256
TEL ,2019-02-17 14:44:52,256
TEL ,2019-02-17 15:44:56,256
TEL ,2019-02-17 16:44:53,256
TEL ,2019-02-17 17:44:54,256
TEL ,2019-02-17 18:44:54,256
TEL ,2019-02-17 19:44:55,256
TEL ,2019-02-17 20:44:56,256
TEL ,2019-02-17 21:44:52,256
TEL ,2019-02-17 22:44:53,256
TEL ,2019-02-17 23:44:53,256
TEL ,2019-02-18 00:44:53,256
TEL ,2019-02-18 01:44:55,256
TEL ,2019-02-18 02:44:57,256
TEL ,2019-02-18 03:44:56,256
TEL ,2019-02-18 04:44:53,256
TEL ,2019-02-18 05:44:53,256
TEL ,2019-02-18 06:44:51,256
TEL ,2019-02-18 07:44:53,256
TEL ,2019-02-18 08:44:52,256
TEL ,2019-02-18 09:44:54,256
TEL ,2019-02-18 10:44:52,256
TEL ,2019-02-18 11:44:52,256
TEL ,2019-02-18 12:44:53,256
TEL ,2019-02-18 13:44:56,256
TEL ,2019-02-18 14:44:54,256
TEL ,2019-02-18 15:44:56,256
TEL ,2019-02-18 16:44:55,256
TEL ,2019-02-18 17:44:56,256
TEL ,2019-02-18 18:44:54,256
TEL ,2019-02-18 19:44:54,256
TEL ,2019-02-18 20:44:56,256
TEL ,2019-02-18 21:44:53,256
TEL ,2019-02-18 22:44:52,256
TEL ,2019-02-18 23:44:53,256
TEL ,2019-02-19 00:44:53,256
TEL ,2019-02-19 01:44:56,256
TEL ,2019-02-19 02:44:54,256
TEL ,2019-02-19 03:44:54,256
TEL ,2019-02-19 04:44:54,256
TEL ,2019-02-19 05:44:54,256
TEL ,2019-02-19 06:44:53,256
TEL ,2019-02-19 07:44:52,256
TEL ,2019-02-19 08:44:53,256
TEL ,2019-02-19 09:44:51,256
TEL ,2019-02-19 10:44:50,256
TEL ,2019-02-19 11:44:48,256
TEL ,2019-02-19 12:44:49,256
TEL ,2019-02-19 14:09:24,256
TEL ,2019-02-19 14:44:54,256
TEL ,2019-02-19 15:44:56,257
TEL ,2019-02-19 16:44:54,256
TEL ,2019-02-19 17:44:55,257
TEL ,2019-02-19 18:45:00,259
TEL ,2019-02-19 19:44:56,259
TEL ,2019-02-19 20:45:00,260
TEL ,2019-02-19 21:44:57,260
TEL ,2019-02-19 22:44:58,260
TEL ,2019-02-19 23:44:57,260
TEL ,2019-02-20 00:45:05,260
TEL ,2019-02-20 01:44:58,260
TEL ,2019-02-20 02:44:59,260
TEL ,2019-02-20 03:45:06,260
TEL ,2019-02-20 04:45:00,260
TEL ,2019-02-20 05:44:56,260
TEL ,2019-02-20 06:44:56,260
TEL ,2019-02-20 07:44:54,260
TEL ,2019-02-20 08:44:57,260
TEL ,2019-02-20 09:44:56,260
TEL ,2019-02-20 10:44:54,260
TEL ,2019-02-20 11:44:57,260
TEL ,2019-02-20 12:44:56,260
TEL ,2019-02-20 13:44:56,260
TEL ,2019-02-20 14:44:59,260
TEL ,2019-02-20 15:45:00,259
TEL ,2019-02-20 16:44:57,258
TEL ,2019-02-20 17:44:57,257
TEL ,2019-02-20 18:44:58,257
TEL ,2019-02-20 19:45:00,257
TEL ,2019-02-20 20:45:01,257
TEL ,2019-02-20 21:44:58,258
TEL ,2019-02-20 22:45:00,258
TEL ,2019-02-20 23:44:55,258
TEL ,2019-02-21 00:44:57,258
TEL ,2019-02-21 01:44:58,258
TEL ,2019-02-21 02:45:01,258
TEL ,2019-02-21 03:44:59,258
TEL ,2019-02-21 04:44:56,258
TEL ,2019-02-21 05:44:58,258
TEL ,2019-02-21 06:44:55,258
TEL ,2019-02-21 07:44:55,258
TEL ,2019-02-21 08:44:53,258
TEL ,2019-02-21 09:44:54,258
TEL ,2019-02-21 10:44:55,258
TEL ,2019-02-21 11:44:55,258
TEL ,2019-02-21 12:44:53,258
TEL ,2019-02-21 13:44:54,258
TEL ,2019-02-21 14:44:56,258
TEL ,2019-02-21 15:45:00,259
TEL ,2019-02-21 17:08:56,259
TEL ,2019-02-21 17:44:53,259
TEL ,2019-02-21 18:44:53,258
TEL ,2019-02-21 19:44:54,257
TEL ,2019-02-21 20:44:58,257
TEL ,2019-02-21 21:44:53,257
TEL ,2019-02-21 22:44:54,257
TEL ,2019-02-21 23:44:54,257
TEL ,2019-02-22 00:44:55,257
TEL ,2019-02-22 01:44:58,257
TEL ,2019-02-22 02:44:56,257
TEL ,2019-02-22 03:44:57,257
TEL ,2019-02-22 04:44:56,257
TEL ,2019-02-22 05:44:54,257
TEL ,2019-02-22 06:44:54,257
TEL ,2019-02-22 07:44:58,257
TEL ,2019-02-22 08:44:57,257
TEL ,2019-02-22 09:44:56,257
TEL ,2019-02-22 10:44:54,257
TEL ,2019-02-22 11:44:55,257
TEL ,2019-02-22 12:44:54,257
TEL ,2019-02-22 13:44:53,257
TEL ,2019-02-22 14:44:57,257
TEL ,2019-02-22 15:44:57,255
TEL ,2019-02-22 16:44:55,255
TEL ,2019-02-22 17:44:54,255
TEL ,2019-02-22 18:44:57,255
TEL ,2019-02-22 19:44:54,255
TEL ,2019-02-22 20:44:53,254
TEL ,2019-02-22 21:44:58,254
TEL ,2019-02-22 22:44:54,254
TEL ,2019-02-22 23:44:58,254
TEL ,2019-02-23 00:44:52,254
TEL ,2019-02-23 01:44:57,254
TEL ,2019-02-23 02:44:59,254
TEL ,2019-02-23 03:45:00,254
TEL ,2019-02-23 04:44:57,254
TEL ,2019-02-23 05:44:56,254
TEL ,2019-02-23 06:44:53,254
TEL ,2019-02-23 07:44:54,254
TEL ,2019-02-23 08:44:54,254
TEL ,2019-02-23 09:44:54,254
TEL ,2019-02-23 10:44:54,254
TEL ,2019-02-23 11:44:55,254
TEL ,2019-02-23 12:44:54,254
TEL ,2019-02-23 13:44:53,254
TEL ,2019-02-23 14:44:55,254
TEL ,2019-02-23 15:44:55,254
TEL ,2019-02-23 16:44:53,254
TEL ,2019-02-23 17:44:54,254
TEL ,2019-02-23 18:44:56,254
TEL ,2019-02-23 19:44:55,254
TEL ,2019-02-23 20:44:55,254
TEL ,2019-02-23 21:44:57,254
TEL ,2019-02-23 22:44:53,254
TEL ,2019-02-23 23:44:55,254
TEL ,2019-02-24 00:44:56,254
TEL ,2019-02-24 01:44:55,254
TEL ,2019-02-24 02:44:55,254
TEL ,2019-02-24 03:44:56,254
TEL ,2019-02-24 04:44:55,254
TEL ,2019-02-24 05:44:56,254
TEL ,2019-02-24 06:44:54,254
TEL ,2019-02-24 07:44:55,254
TEL ,2019-02-24 08:44:54,254
TEL ,2019-02-24 09:44:54,254
TEL ,2019-02-24 10:44:52,254
TEL ,2019-02-24 11:44:53,254
TEL ,2019-02-24 12:44:53,254
TEL ,2019-02-24 13:44:53,254
TEL ,2019-02-24 14:44:53,254
TEL ,2019-02-24 15:44:55,254
TEL ,2019-02-24 16:44:54,254
TEL ,2019-02-24 17:44:57,254
TEL ,2019-02-24 18:44:56,254
TEL ,2019-02-24 19:44:56,254
TEL ,2019-02-24 20:44:54,254
TEL ,2019-02-24 21:44:54,254
TEL ,2019-02-24 22:44:55,254
TEL ,2019-02-24 23:44:55,254
TEL ,2019-02-25 00:44:56,254
TEL ,2019-02-25 01:44:54,254
TEL ,2019-02-25 02:44:55,254
TEL ,2019-02-25 03:44:56,254
TEL ,2019-02-25 04:44:54,254
TEL ,2019-02-25 05:44:54,254
TEL ,2019-02-25 06:44:52,254
TEL ,2019-02-25 07:44:55,254
TEL ,2019-02-25 08:44:54,254
TEL ,2019-02-25 09:44:55,254
TEL ,2019-02-25 10:44:53,254
TEL ,2019-02-25 11:44:55,254
TEL ,2019-02-25 12:44:54,254
TEL ,2019-02-25 14:09:58,254
TEL ,2019-02-25 14:44:55,254
TEL ,2019-02-25 15:44:57,255
TEL ,2019-02-25 16:44:55,255
TEL ,2019-02-25 17:44:57,255
TEL ,2019-02-25 18:44:58,255
TEL ,2019-02-25 19:44:54,255
TEL ,2019-02-25 20:44:55,256
TEL ,2019-02-25 21:44:56,255
TEL ,2019-02-25 22:44:54,255
TEL ,2019-02-25 23:44:56,255
TEL ,2019-02-26 00:44:56,255
TEL ,2019-02-26 01:44:55,255
TEL ,2019-02-26 02:44:58,255
TEL ,2019-02-26 03:44:59,255
TEL ,2019-02-26 04:44:59,255
TEL ,2019-02-26 05:44:54,255
TEL ,2019-02-26 06:44:59,255
TEL ,2019-02-26 07:44:58,255
TEL ,2019-02-26 08:44:56,255
TEL ,2019-02-26 09:44:55,255
TEL ,2019-02-26 10:44:52,255
TEL ,2019-02-26 11:44:55,255
TEL ,2019-02-26 12:44:53,255
TEL ,2019-02-26 13:44:54,255
TEL ,2019-02-26 14:44:56,256
TEL ,2019-02-26 15:45:00,254
TEL ,2019-02-26 16:44:56,255
TEL ,2019-02-26 17:44:57,255
TEL ,2019-02-26 18:44:54,257
TEL ,2019-02-26 19:45:02,256
TEL ,2019-02-26 20:44:57,256
TEL ,2019-02-26 21:44:55,257
TEL ,2019-02-26 22:44:59,257
TEL ,2019-02-26 23:44:58,257
TEL ,2019-02-27 00:45:00,257
TEL ,2019-02-27 01:45:00,257
TEL ,2019-02-27 03:45:28,257
TEL ,2019-02-27 04:45:00,257
TEL ,2019-02-27 05:44:57,257
TEL ,2019-02-27 06:44:59,257
TEL ,2019-02-27 07:44:57,257
TEL ,2019-02-27 08:44:55,257
TEL ,2019-02-27 09:44:53,257
TEL ,2019-02-27 10:44:54,257
TEL ,2019-02-27 11:44:58,257
TEL ,2019-02-27 12:45:00,257
TEL ,2019-02-27 13:44:55,257
TEL ,2019-02-27 14:44:58,257
TEL ,2019-02-27 15:45:02,259
TEL ,2019-02-27 16:44:54,261
TEL ,2019-02-27 17:44:55,261
TEL ,2019-02-27 18:45:00,260
TEL ,2019-02-27 19:44:58,260
TEL ,2019-02-27 20:44:55,260
TEL ,2019-02-27 21:44:56,258
TEL ,2019-02-27 22:44:59,258
TEL ,2019-02-27 23:44:55,258
TEL ,2019-02-28 00:45:43,258
TEL ,2019-02-28 01:44:55,258
TEL ,2019-02-28 02:44:57,258
TEL ,2019-02-28 04:44:57,258
TEL ,2019-02-28 05:44:56,258
TEL ,2019-02-28 06:44:53,258
TEL ,2019-02-28 07:44:55,258
TEL ,2019-02-28 08:44:55,258
TEL ,2019-02-28 09:44:54,258
TEL ,2019-02-28 10:44:56,258
TEL ,2019-02-28 11:44:56,258
TEL ,2019-02-28 12:44:56,258
TEL ,2019-02-28 13:44:57,258
TEL ,2019-02-28 15:09:02,257
TEL ,2019-02-28 15:44:51,257
TEL ,2019-02-28 16:44:58,257
TEL ,2019-02-28 17:44:57,257
TEL ,2019-02-28 18:45:01,257
TEL ,2019-02-28 19:44:58,256
TEL ,2019-02-28 20:44:55,256
TEL ,2019-02-28 21:44:54,256
TEL ,2019-02-28 22:44:57,256
TEL ,2019-02-28 23:44:55,256
TEL ,2019-03-01 00:44:55,256
TEL ,2019-03-01 01:44:57,256
TEL ,2019-03-01 02:44:59,256
TEL ,2019-03-01 03:45:01,256
TEL ,2019-03-01 04:44:58,256
TEL ,2019-03-01 05:44:59,256
TEL ,2019-03-01 06:44:56,256
TEL ,2019-03-01 07:44:57,256
TEL ,2019-03-01 08:44:56,256
TEL ,2019-03-01 09:44:53,256
TEL ,2019-03-01 10:44:56,256
TEL ,2019-03-01 11:44:54,256
TEL ,2019-03-01 12:44:53,256
TEL ,2019-03-01 13:45:02,256
TEL ,2019-03-01 14:45:01,256
TEL ,2019-03-01 15:44:58,256
TEL ,2019-03-01 16:44:57,256
TEL ,2019-03-01 17:44:56,256
TEL ,2019-03-01 18:44:59,256
TEL ,2019-03-01 19:44:59,256
TEL ,2019-03-01 20:45:01,256
TEL ,2019-03-01 21:45:01,256
TEL ,2019-03-01 22:45:00,256
TEL ,2019-03-01 23:45:02,256
TEL ,2019-03-02 07:44:58,256
TEL ,2019-03-02 08:44:57,256
TEL ,2019-03-02 09:44:53,256
TEL ,2019-03-02 10:44:54,256
TEL ,2019-03-02 11:44:57,256
TEL ,2019-03-02 15:45:02,256
TEL ,2019-03-02 16:44:57,256
TEL ,2019-03-02 17:44:56,256
TEL ,2019-03-04 02:44:59,256
TEL ,2019-03-04 07:44:59,256
TEL ,2019-03-04 10:44:55,256
TEL ,2019-03-04 11:44:55,256
TEL ,2019-03-04 12:44:51,256
TEL ,2019-03-04 13:44:50,256
TEL ,2019-03-04 14:44:58,256
TEL ,2019-03-04 15:44:54,257
TEL ,2019-03-04 16:44:57,255
TEL ,2019-03-04 17:44:57,255
TEL ,2019-03-04 18:44:54,255
TEL ,2019-03-04 19:44:59,254
TEL ,2019-03-04 20:44:58,254
TEL ,2019-03-04 21:44:56,254
TEL ,2019-03-04 22:44:58,254
TEL ,2019-03-04 23:44:56,254
TEL ,2019-03-05 00:44:59,254
TEL ,2019-03-05 01:44:56,254
TEL ,2019-03-05 02:45:00,254
TEL ,2019-03-05 03:45:01,254
TEL ,2019-03-05 04:44:57,254
TEL ,2019-03-05 05:44:56,254
TEL ,2019-03-05 06:44:54,254
TEL ,2019-03-05 07:44:55,254
TEL ,2019-03-05 08:44:54,254
TEL ,2019-03-05 09:44:57,254
TEL ,2019-03-05 10:44:53,254
TEL ,2019-03-05 11:44:51,254
TEL ,2019-03-05 12:44:54,254
TEL ,2019-03-05 14:10:07,254
TEL ,2019-03-05 14:44:56,254
TEL ,2019-03-05 15:45:00,254
TEL ,2019-03-05 16:44:59,255
TEL ,2019-03-05 17:44:58,254
TEL ,2019-03-05 18:44:58,255
TEL ,2019-03-05 19:44:57,255
TEL ,2019-03-05 20:44:58,255
TEL ,2019-03-05 21:44:58,256
TEL ,2019-03-05 22:45:00,256
TEL ,2019-03-05 23:45:00,256
TEL ,2019-03-06 00:45:00,256
TEL ,2019-03-06 01:44:59,256
TEL ,2019-03-06 02:44:58,256
TEL ,2019-03-06 03:45:01,256
TEL ,2019-03-06 04:45:02,256
TEL ,2019-03-06 05:45:00,256
TEL ,2019-03-06 06:45:02,256
TEL ,2019-03-06 07:44:57,256
TEL ,2019-03-06 08:44:54,256
TEL ,2019-03-06 09:44:55,256
TEL ,2019-03-06 10:44:59,256
TEL ,2019-03-06 11:46:00,256
TEL ,2019-03-06 12:45:18,256
TEL ,2019-03-06 14:10:00,256
TEL ,2019-03-06 14:45:36,256
TEL ,2019-03-06 15:45:28,257
TEL ,2019-03-06 16:44:54,258
TEL ,2019-03-06 17:45:04,258
TEL ,2019-03-06 18:45:01,258
TEL ,2019-03-06 19:44:59,258
TEL ,2019-03-06 20:44:59,258
TEL ,2019-03-06 21:44:58,257
TEL ,2019-03-06 22:44:58,257
TEL ,2019-03-06 23:44:58,257
TEL ,2019-03-07 00:44:58,257
TEL ,2019-03-07 01:45:00,257
TEL ,2019-03-07 02:45:02,257
TEL ,2019-03-07 04:45:09,257
TEL ,2019-03-07 05:45:01,257
TEL ,2019-03-07 06:44:57,257
TEL ,2019-03-07 07:44:58,257
TEL ,2019-03-07 08:44:59,257
TEL ,2019-03-07 09:44:58,257
TEL ,2019-03-07 10:44:56,257
TEL ,2019-03-07 11:44:57,257
TEL ,2019-03-07 12:44:57,257
TEL ,2019-03-07 13:44:58,257
TEL ,2019-03-07 14:45:01,257
TEL ,2019-03-07 15:44:56,257
TEL ,2019-03-07 16:44:59,257
TEL ,2019-03-07 17:45:02,257
TEL ,2019-03-07 18:45:00,259
TEL ,2019-03-07 20:09:32,259
TEL ,2019-03-07 20:44:58,259
TEL ,2019-03-07 21:45:00,259
TEL ,2019-03-07 22:45:04,259
TEL ,2019-03-07 23:44:56,259
TEL ,2019-03-08 00:44:59,259
TEL ,2019-03-08 01:44:59,259
TEL ,2019-03-08 02:44:58,259
TEL ,2019-03-08 04:44:57,259
TEL ,2019-03-08 05:44:57,259
TEL ,2019-03-08 06:44:57,259
TEL ,2019-03-08 07:44:58,259
TEL ,2019-03-08 08:44:57,259
TEL ,2019-03-08 09:44:56,259
TEL ,2019-03-08 10:44:55,259
TEL ,2019-03-08 11:44:56,259
TEL ,2019-03-08 12:44:57,259
TEL ,2019-03-08 14:10:03,259
TEL ,2019-03-08 14:44:55,259
TEL ,2019-03-08 15:45:02,258
TEL ,2019-03-08 16:44:56,258
TEL ,2019-03-08 17:44:56,258
TEL ,2019-03-08 18:44:59,260
TEL ,2019-03-08 19:44:59,260
TEL ,2019-03-08 20:44:53,260
TEL ,2019-03-08 21:45:03,260
TEL ,2019-03-08 22:44:54,260
TEL ,2019-03-08 23:45:01,260
TEL ,2019-03-09 00:45:05,260
TEL ,2019-03-09 01:45:00,260
TEL ,2019-03-09 02:44:57,260
TEL ,2019-03-09 03:45:00,260
TEL ,2019-03-09 04:44:59,260
TEL ,2019-03-09 05:44:57,260
TEL ,2019-03-09 06:44:56,260
TEL ,2019-03-09 07:44:56,260
TEL ,2019-03-09 08:44:54,260
TEL ,2019-03-09 09:44:52,260
TEL ,2019-03-09 10:44:55,260
TEL ,2019-03-09 11:44:54,260
TEL ,2019-03-09 12:44:54,260
TEL ,2019-03-09 13:44:53,260
TEL ,2019-03-09 14:44:56,260
TEL ,2019-03-09 15:44:59,260
TEL ,2019-03-09 16:44:56,260
TEL ,2019-03-09 17:44:56,260
TEL ,2019-03-09 18:44:56,260
TEL ,2019-03-09 19:44:56,260
TEL ,2019-03-09 20:44:55,260
TEL ,2019-03-09 21:44:54,260
TEL ,2019-03-09 22:44:57,260
TEL ,2019-03-09 23:44:56,260
TEL ,2019-03-10 00:44:56,260
TEL ,2019-03-10 01:44:57,260
TEL ,2019-03-10 02:44:59,260
TEL ,2019-03-10 03:44:56,260
TEL ,2019-03-10 04:44:55,260
TEL ,2019-03-10 05:44:56,260
TEL ,2019-03-10 06:44:56,260
TEL ,2019-03-10 07:44:53,260
TEL ,2019-03-10 08:44:52,260
TEL ,2019-03-10 09:44:54,260
TEL ,2019-03-10 10:44:53,260
TEL ,2019-03-10 11:44:54,260
TEL ,2019-03-10 12:44:55,260
TEL ,2019-03-10 13:44:53,260
TEL ,2019-03-10 14:44:53,260
TEL ,2019-03-10 15:44:59,260
TEL ,2019-03-10 16:44:56,260
TEL ,2019-03-10 17:45:00,260
TEL ,2019-03-10 18:45:02,260
TEL ,2019-03-10 19:44:57,260
TEL ,2019-03-10 20:44:55,260
TEL ,2019-03-10 21:44:55,260
TEL ,2019-03-10 22:44:54,260
TEL ,2019-03-10 23:44:56,260
TEL ,2019-03-11 00:44:57,260
TEL ,2019-03-11 01:44:58,260
TEL ,2019-03-11 02:44:56,260
TEL ,2019-03-11 03:44:55,260
TEL ,2019-03-11 04:44:56,260
TEL ,2019-03-11 05:44:56,260
TEL ,2019-03-11 06:44:54,260
TEL ,2019-03-11 07:44:54,260
TEL ,2019-03-11 08:44:52,260
TEL ,2019-03-11 09:44:55,260
TEL ,2019-03-11 10:44:56,260
TEL ,2019-03-11 11:44:53,260
TEL ,2019-03-11 12:44:59,260
TEL ,2019-03-11 13:44:58,260
TEL ,2019-03-11 14:44:58,259
TEL ,2019-03-11 15:44:56,259
TEL ,2019-03-11 16:44:56,259
TEL ,2019-03-11 17:44:56,260
TEL ,2019-03-11 18:44:57,260
TEL ,2019-03-11 19:44:56,260
TEL ,2019-03-11 20:44:56,260
TEL ,2019-03-11 21:44:58,260
TEL ,2019-03-11 22:44:56,260
TEL ,2019-03-11 23:44:59,260
TEL ,2019-03-12 00:45:00,260
TEL ,2019-03-12 01:44:55,260
TEL ,2019-03-12 02:44:56,260
TEL ,2019-03-12 03:44:59,260
TEL ,2019-03-12 04:44:57,260
TEL ,2019-03-12 05:44:57,260
TEL ,2019-03-12 06:44:58,260
TEL ,2019-03-12 07:44:54,260
TEL ,2019-03-12 08:44:55,260
TEL ,2019-03-12 09:44:54,260
TEL ,2019-03-12 10:44:58,260
TEL ,2019-03-12 11:44:55,260
TEL ,2019-03-12 12:44:57,260
TEL ,2019-03-12 13:44:57,260
TEL ,2019-03-12 14:44:55,259
TEL ,2019-03-12 15:44:56,261
TEL ,2019-03-12 16:44:56,261
TEL ,2019-03-12 17:44:54,261
TEL ,2019-03-12 18:44:56,262
TEL ,2019-03-12 19:44:54,262
TEL ,2019-03-12 20:44:56,262
TEL ,2019-03-12 21:44:55,262
TEL ,2019-03-12 22:44:57,262
TEL ,2019-03-12 23:45:00,262
TEL ,2019-03-13 00:44:58,262
TEL ,2019-03-13 01:44:58,262
TEL ,2019-03-13 02:44:56,262
TEL ,2019-03-13 03:44:59,262
TEL ,2019-03-13 04:44:58,262
TEL ,2019-03-13 05:44:57,262
TEL ,2019-03-13 06:44:55,262
TEL ,2019-03-13 07:44:59,262
TEL ,2019-03-13 08:44:55,262
TEL ,2019-03-13 09:44:55,262
TEL ,2019-03-13 10:44:53,262
TEL ,2019-03-13 11:44:53,262
TEL ,2019-03-13 13:08:57,262
TEL ,2019-03-13 13:44:56,262
TEL ,2019-03-13 14:44:55,261
TEL ,2019-03-13 15:44:56,260
TEL ,2019-03-13 16:44:58,259
TEL ,2019-03-13 17:44:58,259
TEL ,2019-03-13 18:44:53,259
TEL ,2019-03-13 19:44:57,257
TEL ,2019-03-13 20:44:55,257
TEL ,2019-03-13 21:44:57,257
TEL ,2019-03-13 22:44:54,257
TEL ,2019-03-13 23:44:57,257
TEL ,2019-03-14 00:44:54,257
TEL ,2019-03-14 01:44:58,257
TEL ,2019-03-14 02:44:58,257
TEL ,2019-03-14 03:44:54,257
TEL ,2019-03-14 04:44:56,257
TEL ,2019-03-14 05:44:54,257
TEL ,2019-03-14 06:44:56,257
TEL ,2019-03-14 07:44:55,257
TEL ,2019-03-14 08:44:53,257
TEL ,2019-03-14 09:44:52,257
TEL ,2019-03-14 10:44:58,257
TEL ,2019-03-14 11:44:55,257
TEL ,2019-03-14 13:09:30,257
TEL ,2019-03-14 13:44:55,257
TEL ,2019-03-14 14:44:57,257
TEL ,2019-03-14 15:44:57,257
TEL ,2019-03-14 16:44:56,258
TEL ,2019-03-14 17:44:57,257
TEL ,2019-03-14 18:44:55,257
TEL ,2019-03-14 19:45:02,257
TEL ,2019-03-14 20:44:56,257
TEL ,2019-03-14 21:44:57,257
TEL ,2019-03-14 22:45:01,257
TEL ,2019-03-14 23:45:00,257
TEL ,2019-03-15 00:44:57,257
TEL ,2019-03-15 01:44:58,257
TEL ,2019-03-15 02:44:59,257
TEL ,2019-03-15 03:44:58,257
TEL ,2019-03-15 04:44:56,257
TEL ,2019-03-15 05:44:55,257
TEL ,2019-03-15 06:44:53,257
TEL ,2019-03-15 07:44:56,257
TEL ,2019-03-15 08:44:58,257
TEL ,2019-03-15 09:44:58,257
TEL ,2019-03-15 10:45:00,257
TEL ,2019-03-15 11:44:58,257
TEL ,2019-03-15 12:44:57,257
TEL ,2019-03-15 13:45:00,257
TEL ,2019-03-15 14:44:57,256
TEL ,2019-03-15 15:45:02,256
TEL ,2019-03-15 16:45:00,256
TEL ,2019-03-15 17:45:01,256
TEL ,2019-03-15 18:44:58,256
TEL ,2019-03-15 19:44:58,256
TEL ,2019-03-15 20:44:58,256
TEL ,2019-03-15 21:44:56,256
TEL ,2019-03-15 22:44:56,256
TEL ,2019-03-15 23:45:00,256
TEL ,2019-03-16 00:44:58,256
TEL ,2019-03-16 01:44:56,256
TEL ,2019-03-16 02:44:59,256
TEL ,2019-03-16 03:44:59,256
TEL ,2019-03-16 04:45:00,256
TEL ,2019-03-16 05:45:00,256
TEL ,2019-03-16 06:44:58,256
TEL ,2019-03-16 07:44:58,256
TEL ,2019-03-16 08:45:01,256
TEL ,2019-03-16 09:44:57,256
TEL ,2019-03-16 10:44:56,256
TEL ,2019-03-16 11:44:57,256
TEL ,2019-03-16 12:44:57,256
TEL ,2019-03-16 13:44:58,256
TEL ,2019-03-16 14:44:56,256
TEL ,2019-03-16 15:44:58,256
TEL ,2019-03-16 16:44:57,256
TEL ,2019-03-16 17:44:57,256
TEL ,2019-03-16 18:44:56,256
TEL ,2019-03-16 19:44:56,256
TEL ,2019-03-16 20:44:59,256
TEL ,2019-03-16 21:45:00,256
TEL ,2019-03-16 22:44:59,256
TEL ,2019-03-16 23:44:57,256
TEL ,2019-03-17 00:44:59,256
TEL ,2019-03-17 01:44:58,256
TEL ,2019-03-17 02:45:03,256
TEL ,2019-03-17 03:44:59,256
TEL ,2019-03-17 04:44:59,256
TEL ,2019-03-17 05:45:00,256
TEL ,2019-03-17 06:44:58,256
TEL ,2019-03-17 07:44:56,256
TEL ,2019-03-17 08:44:54,256
TEL ,2019-03-17 09:44:58,256
TEL ,2019-03-17 10:44:54,256
TEL ,2019-03-17 11:44:55,256
TEL ,2019-03-17 12:44:55,256
TEL ,2019-03-17 13:44:55,256
TEL ,2019-03-17 14:44:55,256
TEL ,2019-03-17 15:44:54,256
TEL ,2019-03-17 16:44:53,256
TEL ,2019-03-17 17:44:54,256
TEL ,2019-03-17 18:44:56,256
TEL ,2019-03-17 19:44:56,256
TEL ,2019-03-17 20:44:54,256
TEL ,2019-03-17 21:44:53,256
TEL ,2019-03-17 22:44:54,256
TEL ,2019-03-17 23:44:56,256
TEL ,2019-03-18 00:44:56,256
TEL ,2019-03-18 01:44:55,256
TEL ,2019-03-18 02:44:56,256
TEL ,2019-03-18 03:44:57,256
TEL ,2019-03-18 04:44:57,256
TEL ,2019-03-18 05:44:54,256
TEL ,2019-03-18 06:44:55,256
TEL ,2019-03-18 07:44:57,256
TEL ,2019-03-18 08:44:55,256
TEL ,2019-03-18 09:44:56,256
TEL ,2019-03-18 10:44:55,256
TEL ,2019-03-18 11:44:53,256
TEL ,2019-03-18 12:44:58,256
TEL ,2019-03-18 13:45:00,256
TEL ,2019-03-18 14:44:58,258
TEL ,2019-03-18 15:45:04,258
TEL ,2019-03-18 16:44:56,258
TEL ,2019-03-18 17:45:02,258
TEL ,2019-03-18 18:45:01,258
TEL ,2019-03-18 19:45:01,258
TEL ,2019-03-18 20:44:59,257
TEL ,2019-03-18 21:44:59,257
TEL ,2019-03-18 22:45:02,257
TEL ,2019-03-18 23:45:00,257
TEL ,2019-03-19 00:45:04,257
TEL ,2019-03-19 01:45:02,257
TEL ,2019-03-19 02:45:02,257
TEL ,2019-03-19 03:44:58,257
TEL ,2019-03-19 04:44:58,257
TEL ,2019-03-19 05:44:56,257
TEL ,2019-03-19 06:45:05,257
TEL ,2019-03-19 07:44:59,257
TEL ,2019-03-19 08:44:56,257
TEL ,2019-03-19 09:44:58,257
TEL ,2019-03-19 10:45:00,257
TEL ,2019-03-19 11:44:58,257
TEL ,2019-03-19 12:45:00,257
TEL ,2019-03-19 13:44:59,257
TEL ,2019-03-19 14:44:59,257
TEL ,2019-03-19 15:45:02,257
TEL ,2019-03-19 16:44:58,257
TEL ,2019-03-19 17:45:06,257
TEL ,2019-03-19 18:45:01,257
TEL ,2019-03-19 19:45:05,257
TEL ,2019-03-19 20:45:03,257
TEL ,2019-03-19 21:45:09,257
TEL ,2019-03-19 22:45:05,257
TEL ,2019-03-19 23:45:01,257
TEL ,2019-03-20 00:45:07,257
TEL ,2019-03-20 01:45:05,257
TEL ,2019-03-20 02:45:06,257
TEL ,2019-03-20 03:45:06,257
TEL ,2019-03-20 04:45:04,257
TEL ,2019-03-20 05:45:01,257
TEL ,2019-03-20 06:45:09,257
TEL ,2019-03-20 07:45:08,257
TEL ,2019-03-20 08:45:04,257
TEL ,2019-03-20 09:45:02,257
TEL ,2019-03-20 10:45:03,257
TEL ,2019-03-20 11:45:03,257
TEL ,2019-03-20 13:09:10,257
TEL ,2019-03-20 13:45:03,257
TEL ,2019-03-20 14:45:04,258
TEL ,2019-03-20 15:45:07,258
TEL ,2019-03-20 16:45:00,259
TEL ,2019-03-20 17:45:02,259
TEL ,2019-03-20 18:45:00,259
TEL ,2019-03-20 19:44:59,259
TEL ,2019-03-20 20:44:57,259
TEL ,2019-03-20 21:44:57,259
TEL ,2019-03-20 22:44:58,259
TEL ,2019-03-20 23:44:57,259
TEL ,2019-03-21 00:44:58,259
TEL ,2019-03-21 01:44:56,259
TEL ,2019-03-21 02:45:00,259
TEL ,2019-03-21 03:45:01,259
TEL ,2019-03-21 04:44:57,259
TEL ,2019-03-21 05:45:01,259
TEL ,2019-03-21 06:44:56,259
TEL ,2019-03-21 07:44:56,259
TEL ,2019-03-21 08:44:53,259
TEL ,2019-03-21 09:44:56,259
TEL ,2019-03-21 10:44:58,259
TEL ,2019-03-21 11:44:56,259
TEL ,2019-03-21 13:09:58,259
TEL ,2019-03-21 13:44:55,259
TEL ,2019-03-21 14:44:56,258
TEL ,2019-03-21 15:44:57,257
TEL ,2019-03-21 16:44:54,257
TEL ,2019-03-21 17:44:55,256
TEL ,2019-03-21 18:44:59,256
TEL ,2019-03-21 19:44:56,256
TEL ,2019-03-21 20:44:50,256
TEL ,2019-03-21 21:44:52,256
TEL ,2019-03-21 22:44:52,256
TEL ,2019-03-21 23:44:53,256
TEL ,2019-03-22 00:44:53,256
TEL ,2019-03-22 01:44:53,256
TEL ,2019-03-22 02:45:01,256
TEL ,2019-03-22 03:44:54,256
TEL ,2019-03-22 04:44:52,256
TEL ,2019-03-22 05:44:53,256
TEL ,2019-03-22 06:44:50,256
TEL ,2019-03-22 07:44:51,256
TEL ,2019-03-22 08:45:03,256
TEL ,2019-03-22 09:44:54,256
TEL ,2019-03-22 10:44:52,256
TEL ,2019-03-22 11:44:51,256
TEL ,2019-03-22 12:45:01,256
TEL ,2019-03-22 13:44:52,256
TEL ,2019-03-22 14:44:51,256
TEL ,2019-03-22 15:44:53,256
TEL ,2019-03-22 16:44:54,255
TEL ,2019-03-22 17:44:57,254
TEL ,2019-03-22 18:44:54,253
TEL ,2019-03-22 19:44:52,254
TEL ,2019-03-22 20:44:53,254
TEL ,2019-03-22 21:44:51,254
TEL ,2019-03-22 22:44:53,254
TEL ,2019-03-22 23:44:51,254
TEL ,2019-03-23 00:44:54,254
TEL ,2019-03-23 01:45:02,254
TEL ,2019-03-23 02:44:54,254
TEL ,2019-03-23 03:44:53,254
TEL ,2019-03-23 04:44:52,254
TEL ,2019-03-23 05:44:54,254
TEL ,2019-03-23 06:44:52,254
TEL ,2019-03-23 07:44:59,254
TEL ,2019-03-23 08:44:52,254
TEL ,2019-03-23 09:44:54,254
TEL ,2019-03-23 10:44:52,254
TEL ,2019-03-23 11:44:53,254
TEL ,2019-03-23 12:44:53,254
TEL ,2019-03-23 13:44:57,254
TEL ,2019-03-23 14:44:54,254
TEL ,2019-03-23 15:44:54,254
TEL ,2019-03-23 16:44:52,254
TEL ,2019-03-23 17:44:53,254
TEL ,2019-03-23 18:44:54,254
TEL ,2019-03-23 19:44:58,254
TEL ,2019-03-23 20:44:54,254
TEL ,2019-03-23 21:44:54,254
TEL ,2019-03-23 22:44:52,254
TEL ,2019-03-23 23:44:53,254
TEL ,2019-03-24 00:44:53,254
TEL ,2019-03-24 01:44:55,254
TEL ,2019-03-24 02:44:54,254
TEL ,2019-03-24 03:44:56,254
TEL ,2019-03-24 04:45:02,254
TEL ,2019-03-24 05:44:55,254
TEL ,2019-03-24 06:44:55,254
TEL ,2019-03-24 07:44:54,254
TEL ,2019-03-24 08:44:54,254
TEL ,2019-03-24 09:45:01,254
TEL ,2019-03-24 10:44:57,254
TEL ,2019-03-24 11:44:51,254
TEL ,2019-03-24 12:44:52,254
TEL ,2019-03-24 13:44:57,254
TEL ,2019-03-24 14:44:53,254
TEL ,2019-03-24 15:44:54,254
TEL ,2019-03-24 16:44:53,254
TEL ,2019-03-24 17:44:53,254
TEL ,2019-03-24 18:44:55,254
TEL ,2019-03-24 19:44:54,254
TEL ,2019-03-24 20:44:56,254
TEL ,2019-03-24 21:45:02,254
TEL ,2019-03-24 22:44:56,254
TEL ,2019-03-24 23:44:55,254
TEL ,2019-03-25 00:44:54,254
TEL ,2019-03-25 01:44:55,254
TEL ,2019-03-25 02:44:57,254
TEL ,2019-03-25 03:45:06,254
TEL ,2019-03-25 04:44:54,254
TEL ,2019-03-25 05:44:55,254
TEL ,2019-03-25 06:44:53,254
TEL ,2019-03-25 07:44:53,254
TEL ,2019-03-25 08:44:55,254
TEL ,2019-03-25 09:44:53,254
TEL ,2019-03-25 10:44:54,254
TEL ,2019-03-25 11:45:04,254
TEL ,2019-03-25 13:09:00,254
TEL ,2019-03-25 13:45:02,254
TEL ,2019-03-25 14:44:55,253
TEL ,2019-03-25 15:44:56,253
TEL ,2019-03-25 16:44:55,253
TEL ,2019-03-25 17:44:57,253
TEL ,2019-03-25 18:44:58,253
TEL ,2019-03-25 19:45:01,253
TEL ,2019-03-25 20:44:56,253
TEL ,2019-03-25 21:44:54,253
TEL ,2019-03-25 22:45:11,253
TEL ,2019-03-25 23:45:06,253
TEL ,2019-03-26 00:44:58,253
TEL ,2019-03-26 01:44:57,253
TEL ,2019-03-26 02:44:59,253
TEL ,2019-03-26 03:44:57,253
TEL ,2019-03-26 04:44:55,253
TEL ,2019-03-26 05:44:57,253
TEL ,2019-03-26 06:44:54,253
TEL ,2019-03-26 07:44:54,253
TEL ,2019-03-26 08:44:53,253
TEL ,2019-03-26 09:44:54,253
TEL ,2019-03-26 10:44:59,253
TEL ,2019-03-26 11:44:55,253
TEL ,2019-03-26 12:44:57,253
TEL ,2019-03-26 13:45:05,253
TEL ,2019-03-26 14:44:53,254
TEL ,2019-03-26 15:45:05,254
TEL ,2019-03-26 16:45:01,253
TEL ,2019-03-26 17:44:56,253
TEL ,2019-03-26 18:45:01,253
TEL ,2019-03-26 19:45:07,254
TEL ,2019-03-26 20:44:57,255
TEL ,2019-03-26 21:44:56,255
TEL ,2019-03-26 22:44:56,255
TEL ,2019-03-26 23:44:56,255
TEL ,2019-03-27 00:45:02,255
TEL ,2019-03-27 01:44:56,255
TEL ,2019-03-27 02:44:54,255
TEL ,2019-03-27 03:45:04,255
TEL ,2019-03-27 04:44:58,255
TEL ,2019-03-27 05:44:56,255
TEL ,2019-03-27 06:45:04,255
TEL ,2019-03-27 07:44:54,255
TEL ,2019-03-27 08:44:54,255
TEL ,2019-03-27 09:44:55,255
TEL ,2019-03-27 10:45:00,255
TEL ,2019-03-27 11:44:53,255
TEL ,2019-03-27 13:09:39,255
TEL ,2019-03-27 13:44:57,255
TEL ,2019-03-27 14:45:05,254
TEL ,2019-03-27 15:44:56,255
TEL ,2019-03-27 16:44:58,254
TEL ,2019-03-27 17:45:09,255
TEL ,2019-03-27 18:44:56,255
TEL ,2019-03-27 19:44:54,255
TEL ,2019-03-27 20:45:00,255
TEL ,2019-03-27 21:44:56,255
TEL ,2019-03-27 22:45:09,255
TEL ,2019-03-27 23:44:59,255
TEL ,2019-03-28 00:44:58,255
TEL ,2019-03-28 01:44:56,255
TEL ,2019-03-28 02:45:09,255
TEL ,2019-03-28 03:44:57,255
TEL ,2019-03-28 04:45:02,255
TEL ,2019-03-28 05:44:55,255
TEL ,2019-03-28 06:44:52,255
TEL ,2019-03-28 07:44:54,255
TEL ,2019-03-28 08:44:52,255
TEL ,2019-03-28 09:44:53,255
TEL ,2019-03-28 10:44:54,255
TEL ,2019-03-28 11:44:52,255
TEL ,2019-03-28 13:09:30,255
TEL ,2019-03-28 13:45:02,255
TEL ,2019-03-28 14:44:56,255
TEL ,2019-03-28 15:44:58,255
TEL ,2019-03-28 16:45:00,255
TEL ,2019-03-28 17:44:57,255
TEL ,2019-03-28 18:44:57,256
TEL ,2019-03-28 19:44:56,256
TEL ,2019-03-28 20:45:00,256
TEL ,2019-03-28 21:44:58,256
TEL ,2019-03-28 22:44:56,256
TEL ,2019-03-28 23:44:57,256
TEL ,2019-03-29 00:44:55,256
TEL ,2019-03-29 01:45:14,256
TEL ,2019-03-29 02:45:03,256
TEL ,2019-03-29 03:45:08,256
TEL ,2019-03-29 04:45:00,256
TEL ,2019-03-29 05:44:54,256
TEL ,2019-03-29 06:44:51,256
TEL ,2019-03-29 07:44:53,256
TEL ,2019-03-29 08:45:01,256
TEL ,2019-03-29 09:44:54,256
TEL ,2019-03-29 10:44:56,256
TEL ,2019-03-29 11:45:00,256
TEL ,2019-03-29 13:09:58,256
TEL ,2019-03-29 13:44:57,256
TEL ,2019-03-29 14:44:59,255
TEL ,2019-03-29 15:44:58,254
TEL ,2019-03-29 16:44:52,254
TEL ,2019-03-29 17:45:02,254
TEL ,2019-03-29 18:45:17,254
TEL ,2019-03-29 19:45:01,254
TEL ,2019-03-29 20:45:00,254
TEL ,2019-03-29 21:44:59,254
TEL ,2019-03-29 22:45:07,254
TEL ,2019-03-29 23:45:14,254
TEL ,2019-03-30 00:45:06,254
TEL ,2019-03-30 01:45:03,254
TEL ,2019-03-30 02:45:07,254
TEL ,2019-03-30 03:45:05,254
TEL ,2019-03-30 04:45:07,254
TEL ,2019-03-30 05:44:59,254
TEL ,2019-03-30 06:44:59,254
TEL ,2019-03-30 07:45:00,254
TEL ,2019-03-30 08:45:24,254
TEL ,2019-03-30 09:45:00,254
TEL ,2019-03-30 10:45:01,254
TEL ,2019-03-30 11:45:00,254
TEL ,2019-03-30 12:45:09,254
TEL ,2019-03-30 13:44:54,254
TEL ,2019-03-30 14:44:54,254
TEL ,2019-03-30 15:44:54,254
TEL ,2019-03-30 16:44:54,254
TEL ,2019-03-30 17:45:02,254
TEL ,2019-03-30 18:44:53,254
TEL ,2019-03-30 19:44:54,254
TEL ,2019-03-30 20:44:53,254
TEL ,2019-03-30 21:44:54,254
TEL ,2019-03-30 22:45:02,254
TEL ,2019-03-30 23:44:54,254
TEL ,2019-03-31 00:44:55,254
TEL ,2019-03-31 01:44:58,254
TEL ,2019-03-31 02:45:04,254
TEL ,2019-03-31 03:44:57,254
TEL ,2019-03-31 04:44:54,254
TEL ,2019-03-31 05:44:53,254
TEL ,2019-03-31 06:45:03,254
TEL ,2019-03-31 07:44:55,254
TEL ,2019-03-31 08:44:53,254
TEL ,2019-03-31 09:44:53,254
TEL ,2019-03-31 10:44:58,254
TEL ,2019-03-31 11:44:54,254
TEL ,2019-03-31 12:44:54,254
TEL ,2019-03-31 13:44:59,254
TEL ,2019-03-31 14:44:53,254
TEL ,2019-03-31 15:44:55,254
TEL ,2019-03-31 16:44:57,254
TEL ,2019-03-31 17:45:07,254
TEL ,2019-03-31 18:44:54,254
TEL ,2019-03-31 19:44:55,254
TEL ,2019-03-31 20:44:54,254
TEL ,2019-03-31 21:44:55,254
TEL ,2019-03-31 22:44:54,254
TEL ,2019-03-31 23:44:59,254
TEL ,2019-04-01 00:45:04,254
TEL ,2019-04-01 01:44:59,254
TEL ,2019-04-01 02:45:02,254
TEL ,2019-04-01 03:45:15,254
TEL ,2019-04-01 04:44:58,254
TEL ,2019-04-01 05:44:57,254
TEL ,2019-04-01 06:44:56,254
TEL ,2019-04-01 07:45:03,254
TEL ,2019-04-01 08:44:56,254
TEL ,2019-04-01 09:44:58,254
TEL ,2019-04-01 10:45:05,254
TEL ,2019-04-01 11:45:03,254
TEL ,2019-04-01 13:45:10,254
TEL ,2019-04-01 14:45:04,255
TEL ,2019-04-01 15:45:17,254
TEL ,2019-04-01 16:45:10,255
TEL ,2019-04-01 17:45:01,255
TEL ,2019-04-01 18:44:57,255
TEL ,2019-04-01 19:45:13,254
TEL ,2019-04-01 20:44:58,254
TEL ,2019-04-01 21:44:55,254
TEL ,2019-04-01 22:45:01,254
TEL ,2019-04-01 23:45:00,254
TEL ,2019-04-02 00:45:07,254
TEL ,2019-04-02 01:45:28,254
TEL ,2019-04-02 02:45:00,254
TEL ,2019-04-02 03:45:09,254
TEL ,2019-04-02 04:45:00,254
TEL ,2019-04-02 05:44:56,254
TEL ,2019-04-02 06:44:56,254
TEL ,2019-04-02 07:45:03,254
TEL ,2019-04-02 08:44:57,254
TEL ,2019-04-02 09:45:05,254
TEL ,2019-04-02 10:44:56,254
TEL ,2019-04-02 11:44:55,254
TEL ,2019-04-02 13:09:38,254
TEL ,2019-04-02 13:44:59,254
TEL ,2019-04-02 14:44:55,254
TEL ,2019-04-02 15:45:09,253
TEL ,2019-04-02 16:44:58,253
TEL ,2019-04-02 17:45:07,251
TEL ,2019-04-02 18:45:00,251
TEL ,2019-04-02 19:45:01,251
TEL ,2019-04-02 20:45:09,251
TEL ,2019-04-02 21:45:00,251
TEL ,2019-04-02 22:44:59,251
TEL ,2019-04-02 23:45:00,251
TEL ,2019-04-03 00:45:18,251
TEL ,2019-04-03 01:45:01,251
TEL ,2019-04-03 02:44:58,251
TEL ,2019-04-03 03:45:02,251
TEL ,2019-04-03 04:45:03,251
TEL ,2019-04-03 05:45:03,251
TEL ,2019-04-03 06:45:06,251
TEL ,2019-04-03 07:44:58,251
TEL ,2019-04-03 08:44:58,251
TEL ,2019-04-03 09:45:16,251
TEL ,2019-04-03 10:45:07,251
TEL ,2019-04-03 11:45:02,251
TEL ,2019-04-03 13:09:40,251
TEL ,2019-04-03 13:45:00,251
TEL ,2019-04-03 14:45:08,249
TEL ,2019-04-03 15:45:09,250
TEL ,2019-04-03 16:44:57,249
TEL ,2019-04-03 17:44:56,248
TEL ,2019-04-03 18:44:57,247
TEL ,2019-04-03 19:44:59,247
TEL ,2019-04-03 20:45:00,247
TEL ,2019-04-03 21:44:56,247
TEL ,2019-04-03 22:44:54,247
TEL ,2019-04-03 23:45:04,247
TEL ,2019-04-04 00:44:54,247
TEL ,2019-04-04 01:44:57,247
TEL ,2019-04-04 02:44:57,247
TEL ,2019-04-04 03:45:04,247
TEL ,2019-04-04 04:44:54,247
TEL ,2019-04-04 05:44:53,247
TEL ,2019-04-04 06:44:53,247
TEL ,2019-04-04 07:44:56,247
TEL ,2019-04-04 08:45:02,247
TEL ,2019-04-04 09:44:54,247
TEL ,2019-04-04 10:44:55,247
TEL ,2019-04-04 11:45:02,247
TEL ,2019-04-04 12:44:56,247
TEL ,2019-04-04 13:44:56,247
TEL ,2019-04-04 14:45:07,248
TEL ,2019-04-04 15:44:58,248
TEL ,2019-04-04 16:45:08,248
TEL ,2019-04-04 17:44:54,247
TEL ,2019-04-04 18:45:03,247
TEL ,2019-04-04 19:44:56,247
TEL ,2019-04-04 20:44:55,247
TEL ,2019-04-04 21:45:00,247
TEL ,2019-04-04 22:45:11,247
TEL ,2019-04-04 23:44:56,247
TEL ,2019-04-05 00:44:58,247
TEL ,2019-04-05 01:44:55,247
TEL ,2019-04-05 02:44:55,247
TEL ,2019-04-05 03:45:13,247
TEL ,2019-04-05 04:44:57,247
TEL ,2019-04-05 05:44:55,247
TEL ,2019-04-05 06:44:54,247
TEL ,2019-04-05 07:44:55,247
TEL ,2019-04-05 08:45:09,247
TEL ,2019-04-05 09:44:57,247
TEL ,2019-04-05 10:45:05,247
TEL ,2019-04-05 11:44:56,247
TEL ,2019-04-05 13:09:06,247
TEL ,2019-04-05 13:45:01,247
TEL ,2019-04-05 14:45:00,249
TEL ,2019-04-05 15:45:06,249
TEL ,2019-04-05 16:44:55,249
TEL ,2019-04-05 17:44:56,249
TEL ,2019-04-05 18:44:59,250
TEL ,2019-04-05 19:44:57,250
TEL ,2019-04-05 20:44:57,250
TEL ,2019-04-05 21:45:04,250
TEL ,2019-04-05 22:44:58,250
TEL ,2019-04-05 23:45:01,250
TEL ,2019-04-06 00:45:00,250
TEL ,2019-04-06 01:45:15,250
TEL ,2019-04-06 02:45:03,250
TEL ,2019-04-06 03:45:02,250
TEL ,2019-04-06 04:45:08,250
TEL ,2019-04-06 05:44:58,250
TEL ,2019-04-06 06:44:58,250
TEL ,2019-04-06 07:45:00,250
TEL ,2019-04-06 08:45:12,250
TEL ,2019-04-06 09:44:57,250
TEL ,2019-04-06 10:44:57,250
TEL ,2019-04-06 11:45:00,250
TEL ,2019-04-06 12:44:59,250
TEL ,2019-04-06 13:44:56,250
TEL ,2019-04-06 14:44:55,250
TEL ,2019-04-06 15:45:05,250
TEL ,2019-04-06 16:44:56,250
TEL ,2019-04-06 17:44:56,250
TEL ,2019-04-06 18:44:58,250
TEL ,2019-04-06 19:44:57,250
TEL ,2019-04-06 20:44:54,250
TEL ,2019-04-06 21:45:08,250
TEL ,2019-04-06 22:44:57,250
TEL ,2019-04-06 23:44:56,250
TEL ,2019-04-07 00:44:56,250
TEL ,2019-04-07 01:44:54,250
TEL ,2019-04-07 02:44:58,250
TEL ,2019-04-07 03:45:06,250
TEL ,2019-04-07 04:44:59,250
TEL ,2019-04-07 05:44:58,250
TEL ,2019-04-07 06:45:00,250
TEL ,2019-04-07 07:45:10,250
TEL ,2019-04-07 08:44:59,250
TEL ,2019-04-07 09:45:04,250
TEL ,2019-04-07 10:44:56,250
TEL ,2019-04-07 11:45:05,250
TEL ,2019-04-07 12:45:00,250
TEL ,2019-04-07 13:45:06,250
TEL ,2019-04-07 14:44:57,250
TEL ,2019-04-07 15:45:01,250
TEL ,2019-04-07 16:45:04,250
TEL ,2019-04-07 17:44:57,250
TEL ,2019-04-07 18:44:58,250
TEL ,2019-04-07 19:44:57,250
TEL ,2019-04-07 20:45:06,250
TEL ,2019-04-07 21:44:56,250
TEL ,2019-04-07 22:44:56,250
TEL ,2019-04-07 23:44:55,250
TEL ,2019-04-08 00:45:10,250
TEL ,2019-04-08 01:45:00,250
TEL ,2019-04-08 02:44:58,250
TEL ,2019-04-08 03:44:57,250
TEL ,2019-04-08 04:44:53,250
TEL ,2019-04-08 05:45:08,250
TEL ,2019-04-08 06:44:54,250
TEL ,2019-04-08 07:44:54,250
TEL ,2019-04-08 08:44:55,250
TEL ,2019-04-08 09:44:57,250
TEL ,2019-04-08 10:44:56,250
TEL ,2019-04-08 11:45:11,250
TEL ,2019-04-08 12:44:56,250
TEL ,2019-04-08 13:45:07,250
TEL ,2019-04-08 14:44:54,249
TEL ,2019-04-08 15:45:01,250
TEL ,2019-04-08 16:45:15,250
TEL ,2019-04-08 17:44:58,250
TEL ,2019-04-08 18:44:58,250
TEL ,2019-04-08 19:44:58,250
TEL ,2019-04-08 20:44:58,250
TEL ,2019-04-08 21:45:01,250
TEL ,2019-04-08 22:44:59,250
TEL ,2019-04-08 23:44:57,250
TEL ,2019-04-09 00:45:07,250
TEL ,2019-04-09 01:44:59,250
TEL ,2019-04-09 02:45:02,250
TEL ,2019-04-09 03:45:00,250
TEL ,2019-04-09 04:44:58,250
TEL ,2019-04-09 05:45:04,250
TEL ,2019-04-09 06:44:59,250
TEL ,2019-04-09 07:44:57,250
TEL ,2019-04-09 08:45:01,250
TEL ,2019-04-09 09:45:14,250
TEL ,2019-04-09 10:44:56,250
TEL ,2019-04-09 11:45:00,250
TEL ,2019-04-09 13:10:19,250
TEL ,2019-04-09 13:44:58,250
TEL ,2019-04-09 14:44:58,250
TEL ,2019-04-09 15:45:16,250
TEL ,2019-04-09 16:45:01,250
TEL ,2019-04-09 17:44:59,250
TEL ,2019-04-09 18:45:00,250
TEL ,2019-04-09 19:44:59,250
TEL ,2019-04-09 20:45:00,250
TEL ,2019-04-09 21:45:00,250
TEL ,2019-04-09 22:44:59,250
TEL ,2019-04-09 23:45:10,250
TEL ,2019-04-10 00:45:00,250
TEL ,2019-04-10 01:45:02,250
TEL ,2019-04-10 02:45:02,250
TEL ,2019-04-10 03:45:06,250
TEL ,2019-04-10 04:45:10,250
TEL ,2019-04-10 05:44:59,250
TEL ,2019-04-10 06:44:58,250
TEL ,2019-04-10 07:44:58,250
TEL ,2019-04-10 08:45:09,250
TEL ,2019-04-10 09:45:01,250
TEL ,2019-04-10 10:44:59,250
TEL ,2019-04-10 11:45:03,250
TEL ,2019-04-10 12:45:13,250
TEL ,2019-04-10 13:45:15,250
TEL ,2019-04-10 14:45:01,249
TEL ,2019-04-10 15:45:04,250
TEL ,2019-04-10 16:45:02,250
TEL ,2019-04-10 17:45:07,250
TEL ,2019-04-10 18:45:07,250
TEL ,2019-04-10 19:45:03,249
TEL ,2019-04-10 20:44:59,248
TEL ,2019-04-10 21:44:57,248
TEL ,2019-04-10 22:44:57,248
TEL ,2019-04-10 23:45:11,248
TEL ,2019-04-11 00:44:59,248
TEL ,2019-04-11 01:44:56,248
TEL ,2019-04-11 02:45:01,248
TEL ,2019-04-11 03:45:03,248
TEL ,2019-04-11 04:45:04,248
TEL ,2019-04-11 05:45:02,248
TEL ,2019-04-11 06:44:56,248
TEL ,2019-04-11 18:45:07,249
TEL ,2019-04-11 19:45:19,250
TEL ,2019-04-11 20:45:00,250
TEL ,2019-04-11 21:45:00,250
TEL ,2019-04-11 22:44:58,250
TEL ,2019-04-11 23:45:00,250
TEL ,2019-04-12 00:44:59,250
TEL ,2019-04-12 01:45:02,250
TEL ,2019-04-12 02:45:09,250
TEL ,2019-04-12 03:45:02,250
TEL ,2019-04-12 04:45:00,250
TEL ,2019-04-12 05:45:00,250
TEL ,2019-04-12 06:44:57,250
TEL ,2019-04-12 07:44:58,250
TEL ,2019-04-12 08:44:59,250
TEL ,2019-04-12 09:45:06,250
TEL ,2019-04-12 10:44:58,250
TEL ,2019-04-12 11:44:58,250
TEL ,2019-04-12 13:08:44,250
TEL ,2019-04-12 13:45:02,250
TEL ,2019-04-12 14:44:57,250
TEL ,2019-04-12 15:45:07,248
TEL ,2019-04-12 16:45:03,247
TEL ,2019-04-12 17:44:59,247
TEL ,2019-04-12 18:44:59,247
TEL ,2019-04-12 19:44:59,247
TEL ,2019-04-12 20:44:58,247
TEL ,2019-04-12 21:44:58,247
TEL ,2019-04-12 22:45:12,247
TEL ,2019-04-12 23:44:58,247
TEL ,2019-04-13 00:45:02,247
TEL ,2019-04-13 01:44:59,247
TEL ,2019-04-13 02:45:01,247
TEL ,2019-04-13 03:45:17,247
TEL ,2019-04-13 04:45:02,247
TEL ,2019-04-13 05:45:00,247
TEL ,2019-04-13 06:45:01,247
TEL ,2019-04-13 07:44:56,247
TEL ,2019-04-13 08:45:00,247
TEL ,2019-04-13 09:45:05,247
TEL ,2019-04-13 10:44:57,247
TEL ,2019-04-13 11:45:01,247
TEL ,2019-04-13 12:44:59,247
TEL ,2019-04-13 13:45:00,247
TEL ,2019-04-13 14:45:04,247
TEL ,2019-04-13 15:45:03,247
TEL ,2019-04-13 16:45:01,247
TEL ,2019-04-13 17:44:57,247
TEL ,2019-04-13 18:45:00,247
TEL ,2019-04-13 19:45:00,247
TEL ,2019-04-13 20:44:59,247
TEL ,2019-04-13 21:45:06,247
TEL ,2019-04-13 22:44:58,247
TEL ,2019-04-13 23:44:57,247
TEL ,2019-04-14 00:45:00,247
TEL ,2019-04-14 01:45:04,247
TEL ,2019-04-14 02:44:59,247
TEL ,2019-04-14 03:45:00,247
TEL ,2019-04-14 04:45:10,247
TEL ,2019-04-14 05:44:59,247
TEL ,2019-04-14 06:45:00,247
TEL ,2019-04-14 07:45:03,247
TEL ,2019-04-14 08:44:58,247
TEL ,2019-04-14 09:45:01,247
TEL ,2019-04-14 10:44:56,247
TEL ,2019-04-14 11:45:04,247
TEL ,2019-04-14 12:44:56,247
TEL ,2019-04-14 13:45:01,247
TEL ,2019-04-14 14:45:09,247
TEL ,2019-04-14 15:45:03,247
TEL ,2019-04-14 16:45:05,247
TEL ,2019-04-14 17:45:01,247
TEL ,2019-04-14 18:45:31,247
TEL ,2019-04-14 19:45:03,247
TEL ,2019-04-14 20:45:06,247
TEL ,2019-04-14 21:45:13,247
TEL ,2019-04-14 22:44:59,247
TEL ,2019-04-14 23:45:02,247
TEL ,2019-04-15 00:45:00,247
TEL ,2019-04-15 01:44:58,247
TEL ,2019-04-15 02:45:00,247
TEL ,2019-04-15 03:45:15,247
TEL ,2019-04-15 04:45:01,247
TEL ,2019-04-15 05:45:01,247
TEL ,2019-04-15 06:44:57,247
TEL ,2019-04-15 07:44:59,247
TEL ,2019-04-15 08:45:05,247
TEL ,2019-04-15 09:44:57,247
TEL ,2019-04-15 10:44:57,247
TEL ,2019-04-15 11:44:58,247
TEL ,2019-04-15 13:10:42,247
TEL ,2019-04-15 13:44:57,247
TEL ,2019-04-15 14:45:01,249
TEL ,2019-04-15 15:45:09,250
TEL ,2019-04-15 16:44:59,250
TEL ,2019-04-15 17:45:06,250
TEL ,2019-04-15 18:45:06,249
TEL ,2019-04-15 19:45:25,249
TEL ,2019-04-15 20:44:59,250
TEL ,2019-04-15 21:45:00,250
TEL ,2019-04-15 22:45:02,250
TEL ,2019-04-15 23:45:07,250
TEL ,2019-04-16 00:45:03,250
TEL ,2019-04-16 01:45:00,250
TEL ,2019-04-16 02:45:02,250
TEL ,2019-04-16 03:45:08,250
TEL ,2019-04-16 04:45:01,250
TEL ,2019-04-16 05:44:59,250
TEL ,2019-04-16 06:44:59,250
TEL ,2019-04-16 07:44:57,250
TEL ,2019-04-16 08:45:14,250
TEL ,2019-04-16 09:44:58,250
TEL ,2019-04-16 10:45:08,250
TEL ,2019-04-16 11:44:57,250
TEL ,2019-04-16 13:09:01,250
TEL ,2019-04-16 13:45:00,250
TEL ,2019-04-16 14:45:06,250
TEL ,2019-04-16 15:44:58,251
TEL ,2019-04-16 16:44:57,251
TEL ,2019-04-16 17:44:56,251
TEL ,2019-04-16 18:45:08,251
TEL ,2019-04-16 19:44:59,250
TEL ,2019-04-16 20:45:00,249
TEL ,2019-04-16 21:44:56,249
TEL ,2019-04-16 22:44:57,249
TEL ,2019-04-16 23:44:57,249
TEL ,2019-04-17 00:44:58,249
TEL ,2019-04-17 01:45:01,249
TEL ,2019-04-17 02:45:08,249
TEL ,2019-04-17 03:44:58,249
TEL ,2019-04-17 04:44:59,249
TEL ,2019-04-17 05:44:59,249
TEL ,2019-04-17 06:45:16,249
TEL ,2019-04-17 07:45:00,249
TEL ,2019-04-17 08:44:58,249
TEL ,2019-04-17 09:45:07,249
TEL ,2019-04-17 10:44:57,249
TEL ,2019-04-17 11:44:59,249
TEL ,2019-04-17 13:10:08,249
TEL ,2019-04-17 13:45:02,249
TEL ,2019-04-17 14:45:00,249
TEL ,2019-04-17 15:45:33,249
TEL ,2019-04-17 16:45:01,249
TEL ,2019-04-17 17:45:08,249
TEL ,2019-04-17 18:45:00,249
TEL ,2019-04-17 19:44:59,249
TEL ,2019-04-17 20:45:00,249
TEL ,2019-04-17 21:44:58,249
TEL ,2019-04-17 22:45:01,249
TEL ,2019-04-18 00:44:59,249
TEL ,2019-04-18 01:45:01,249
TEL ,2019-04-18 02:44:59,249
TEL ,2019-04-18 03:45:12,249
TEL ,2019-04-18 04:45:02,249
TEL ,2019-04-18 05:45:08,249
TEL ,2019-04-18 06:44:59,249
TEL ,2019-04-18 07:44:58,249
TEL ,2019-04-18 08:45:07,249
TEL ,2019-04-18 09:44:59,249
TEL ,2019-04-18 10:45:01,249
TEL ,2019-04-18 11:45:05,249
TEL ,2019-04-18 13:10:02,249
TEL ,2019-04-18 13:45:01,249
TEL ,2019-04-18 14:45:08,249
TEL ,2019-04-18 15:45:00,249
TEL ,2019-04-18 16:45:04,249
TEL ,2019-04-18 17:45:09,249
TEL ,2019-04-18 18:45:00,248
TEL ,2019-04-18 19:44:58,249
TEL ,2019-04-18 20:44:59,249
TEL ,2019-04-18 21:45:02,249
TEL ,2019-04-18 22:45:00,249
TEL ,2019-04-18 23:45:06,249
TEL ,2019-04-19 00:47:05,249
TEL ,2019-04-19 02:44:59,249
TEL ,2019-04-19 03:45:11,249
TEL ,2019-04-19 04:44:59,249
TEL ,2019-04-19 05:44:58,249
TEL ,2019-04-19 06:45:00,249
TEL ,2019-04-19 07:45:06,249
TEL ,2019-04-19 08:45:03,249
TEL ,2019-04-19 09:44:59,249
TEL ,2019-04-19 10:45:02,249
TEL ,2019-04-19 11:44:56,249
TEL ,2019-04-19 12:44:58,249
TEL ,2019-04-19 13:45:03,249
TEL ,2019-04-19 14:45:05,249
TEL ,2019-04-19 15:44:58,249
TEL ,2019-04-19 16:45:02,249
TEL ,2019-04-19 17:45:10,249
TEL ,2019-04-19 18:44:59,249
TEL ,2019-04-19 19:44:58,249
TEL ,2019-04-19 20:44:58,249
TEL ,2019-04-19 21:44:58,249
TEL ,2019-04-19 22:44:58,249
TEL ,2019-04-19 23:45:01,249
TEL ,2019-04-20 00:45:08,249
TEL ,2019-04-20 01:45:02,249
TEL ,2019-04-20 02:45:01,249
TEL ,2019-04-20 03:44:58,249
TEL ,2019-04-20 04:45:07,249
TEL ,2019-04-20 05:44:59,249
TEL ,2019-04-20 06:44:58,249
TEL ,2019-04-20 07:45:03,249
TEL ,2019-04-20 08:45:00,249
TEL ,2019-04-20 09:45:06,249
TEL ,2019-04-20 10:45:00,249
TEL ,2019-04-20 11:44:55,249
TEL ,2019-04-20 12:45:13,249
TEL ,2019-04-20 13:46:16,249
TEL ,2019-04-20 14:44:59,249
TEL ,2019-04-20 15:44:57,249
TEL ,2019-04-20 16:45:04,249
TEL ,2019-04-20 17:45:03,249
TEL ,2019-04-20 18:44:58,249
TEL ,2019-04-20 19:44:58,249
TEL ,2019-04-20 20:44:59,249
TEL ,2019-04-20 21:44:57,249
TEL ,2019-04-20 22:44:59,249
TEL ,2019-04-20 23:45:08,249
TEL ,2019-04-21 00:44:58,249
TEL ,2019-04-21 01:44:58,249
TEL ,2019-04-21 02:45:01,249
TEL ,2019-04-21 03:45:00,249
TEL ,2019-04-21 04:45:04,249
TEL ,2019-04-21 05:44:58,249
TEL ,2019-04-21 06:44:56,249
TEL ,2019-04-21 07:45:06,249
TEL ,2019-04-21 08:44:56,249
TEL ,2019-04-21 09:44:57,249
TEL ,2019-04-21 10:45:00,249
TEL ,2019-04-21 11:45:01,249
TEL ,2019-04-21 12:44:58,249
TEL ,2019-04-21 13:44:58,249
TEL ,2019-04-21 14:45:07,249
TEL ,2019-04-21 15:44:59,249
TEL ,2019-04-21 16:45:00,249
TEL ,2019-04-21 17:45:00,249
TEL ,2019-04-21 18:44:57,249
TEL ,2019-04-21 19:45:07,249
TEL ,2019-04-21 20:44:57,249
TEL ,2019-04-21 21:44:58,249
TEL ,2019-04-21 22:44:56,249
TEL ,2019-04-21 23:44:57,249
TEL ,2019-04-22 00:44:57,249
TEL ,2019-04-22 01:45:04,249
TEL ,2019-04-22 02:45:10,249
TEL ,2019-04-22 03:45:00,249
TEL ,2019-04-22 04:44:55,249
TEL ,2019-04-22 05:44:58,249
TEL ,2019-04-22 06:45:02,249
TEL ,2019-04-22 07:45:01,249
TEL ,2019-04-22 08:44:58,249
TEL ,2019-04-22 09:44:57,249
TEL ,2019-04-22 10:45:04,249
TEL ,2019-04-22 11:45:03,249
TEL ,2019-04-22 13:10:34,249
TEL ,2019-04-22 13:45:03,249
TEL ,2019-04-22 14:45:04,249
TEL ,2019-04-22 15:44:59,248
TEL ,2019-04-22 16:44:59,248
TEL ,2019-04-22 17:45:01,249
TEL ,2019-04-22 18:45:06,249
TEL ,2019-04-22 19:45:03,249
TEL ,2019-04-22 20:44:59,249
TEL ,2019-04-22 21:44:59,249
TEL ,2019-04-22 22:44:59,249
TEL ,2019-04-22 23:45:04,249
TEL ,2019-04-23 00:45:03,249
TEL ,2019-04-23 01:44:58,249
TEL ,2019-04-23 02:44:59,249
TEL ,2019-04-23 03:45:03,249
TEL ,2019-04-23 04:45:06,249
TEL ,2019-04-23 05:45:00,249
TEL ,2019-04-23 06:45:37,249
TEL ,2019-04-23 07:44:59,249
TEL ,2019-04-23 08:44:56,249
TEL ,2019-04-23 09:44:59,249
TEL ,2019-04-23 10:45:03,249
TEL ,2019-04-23 11:45:03,249
TEL ,2019-04-23 13:11:05,249
TEL ,2019-04-23 13:44:59,249
TEL ,2019-04-23 14:44:58,249
TEL ,2019-04-23 15:45:05,249
TEL ,2019-04-23 16:45:00,250
TEL ,2019-04-23 17:44:59,249
TEL ,2019-04-23 18:44:58,250
TEL ,2019-04-23 19:45:01,252
TEL ,2019-04-23 20:45:11,255
TEL ,2019-04-23 21:45:01,256
TEL ,2019-04-23 22:44:58,256
TEL ,2019-04-23 23:45:00,256
TEL ,2019-04-24 00:44:57,256
TEL ,2019-04-24 01:45:01,256
TEL ,2019-04-24 02:45:07,256
TEL ,2019-04-24 03:45:00,256
TEL ,2019-04-24 04:44:59,256
TEL ,2019-04-24 05:44:57,256
TEL ,2019-04-24 06:45:01,256
TEL ,2019-04-24 07:45:08,256
TEL ,2019-04-24 08:44:59,256
TEL ,2019-04-24 09:45:00,256
TEL ,2019-04-24 10:45:06,256
TEL ,2019-04-24 11:45:06,256
TEL ,2019-04-24 12:44:58,256
TEL ,2019-04-24 13:45:18,257
TEL ,2019-04-24 14:45:04,262
TEL ,2019-04-24 15:45:04,264
TEL ,2019-04-24 16:45:03,270
TEL ,2019-04-24 17:45:04,273
TEL ,2019-04-24 18:45:17,276
TEL ,2019-04-24 19:45:02,271
TEL ,2019-04-24 20:45:03,271
TEL ,2019-04-24 21:45:01,272
TEL ,2019-04-24 22:45:00,272
TEL ,2019-04-24 23:45:12,272
TEL ,2019-04-25 00:45:03,272
TEL ,2019-04-25 01:45:01,272
TEL ,2019-04-25 02:45:01,272
TEL ,2019-04-25 03:45:11,272
TEL ,2019-04-25 04:45:00,272
TEL ,2019-04-25 05:44:59,272
TEL ,2019-04-25 06:45:05,272
TEL ,2019-04-25 07:45:00,272
TEL ,2019-04-25 08:45:04,272
TEL ,2019-04-25 09:44:59,272
TEL ,2019-04-25 10:45:04,272
TEL ,2019-04-25 11:45:04,272
TEL ,2019-04-25 13:09:36,272
TEL ,2019-04-25 13:45:00,272
TEL ,2019-04-25 14:45:08,265
TEL ,2019-04-25 15:44:59,263
TEL ,2019-04-25 16:45:06,262
TEL ,2019-04-25 17:44:57,262
TEL ,2019-04-25 18:44:57,262
TEL ,2019-04-25 19:45:04,264
TEL ,2019-04-25 20:44:57,264
TEL ,2019-04-25 21:45:07,264
TEL ,2019-04-25 22:44:58,264
TEL ,2019-04-25 23:44:57,264
TEL ,2019-04-26 00:45:00,264
TEL ,2019-04-26 01:45:08,264
TEL ,2019-04-26 02:45:00,264
TEL ,2019-04-26 03:45:00,264
TEL ,2019-04-26 04:45:03,264
TEL ,2019-04-26 05:45:05,264
TEL ,2019-04-26 06:45:02,264
TEL ,2019-04-26 07:44:58,264
TEL ,2019-04-26 08:45:07,264
TEL ,2019-04-26 09:44:56,264
TEL ,2019-04-26 10:45:10,264
TEL ,2019-04-26 11:44:57,264
TEL ,2019-04-26 12:44:58,264
TEL ,2019-04-26 13:45:05,264
TEL ,2019-04-26 14:44:58,260
TEL ,2019-04-26 15:45:05,259
TEL ,2019-04-26 16:44:56,258
TEL ,2019-04-26 17:44:59,255
TEL ,2019-04-26 18:44:59,255
TEL ,2019-04-26 19:44:57,253
TEL ,2019-04-26 20:45:04,252
TEL ,2019-04-26 21:44:57,252
TEL ,2019-04-26 22:44:57,252
TEL ,2019-04-26 23:44:58,252
TEL ,2019-04-27 00:44:59,252
TEL ,2019-04-27 01:45:04,252
TEL ,2019-04-27 02:44:57,252
TEL ,2019-04-27 03:44:57,252
TEL ,2019-04-27 04:44:55,252
TEL ,2019-04-27 05:44:59,252
TEL ,2019-04-27 06:45:03,252
TEL ,2019-04-27 07:44:55,252
TEL ,2019-04-27 08:44:56,252
TEL ,2019-04-27 09:45:01,252
TEL ,2019-04-27 10:44:59,252
TEL ,2019-04-27 11:44:54,252
TEL ,2019-04-27 12:44:56,252
TEL ,2019-04-27 13:45:00,252
TEL ,2019-04-27 14:44:56,252
TEL ,2019-04-27 15:44:54,252
TEL ,2019-04-27 16:44:58,252
TEL ,2019-04-27 17:45:06,252
TEL ,2019-04-27 18:44:58,252
TEL ,2019-04-27 19:44:53,252
TEL ,2019-04-27 20:44:58,252
TEL ,2019-04-27 21:44:59,252
TEL ,2019-04-27 22:44:55,252
TEL ,2019-04-27 23:44:55,252
TEL ,2019-04-28 00:44:55,252
TEL ,2019-04-28 01:44:58,252
TEL ,2019-04-28 02:44:57,252
TEL ,2019-04-28 03:44:56,252
TEL ,2019-04-28 04:45:05,252
TEL ,2019-04-28 05:44:56,252
TEL ,2019-04-28 06:44:55,252
TEL ,2019-04-28 07:44:54,252
TEL ,2019-04-28 08:45:00,252
TEL ,2019-04-28 09:44:55,252
TEL ,2019-04-28 10:45:00,252
TEL ,2019-04-28 11:44:59,252
TEL ,2019-04-28 12:44:55,252
TEL ,2019-04-28 13:44:55,252
TEL ,2019-04-28 14:45:01,252
TEL ,2019-04-28 15:44:57,252
TEL ,2019-04-28 16:44:55,252
TEL ,2019-04-28 17:44:57,252
TEL ,2019-04-28 18:44:57,252
TEL ,2019-04-28 20:44:55,252
TEL ,2019-04-28 21:44:58,252
TEL ,2019-04-28 22:44:56,252
TEL ,2019-04-28 23:44:58,252
TEL ,2019-04-29 00:45:04,252
TEL ,2019-04-29 01:44:54,252
TEL ,2019-04-29 02:44:54,252
TEL ,2019-04-29 03:44:58,252
TEL ,2019-04-29 04:45:02,252
TEL ,2019-04-29 05:44:56,252
TEL ,2019-04-29 06:44:56,252
TEL ,2019-04-29 07:44:57,252
TEL ,2019-04-29 08:45:02,252
TEL ,2019-04-29 09:45:00,252
TEL ,2019-04-29 10:44:55,252
TEL ,2019-04-29 11:44:56,252
TEL ,2019-04-29 12:45:03,252
TEL ,2019-04-29 13:44:55,252
TEL ,2019-04-29 14:45:03,254
TEL ,2019-04-29 15:44:55,254
TEL ,2019-04-29 16:45:00,255
TEL ,2019-04-29 17:44:58,255
TEL ,2019-04-29 18:44:58,255
TEL ,2019-04-29 19:45:01,254
TEL ,2019-04-29 20:45:09,254
TEL ,2019-04-29 21:44:57,254
TEL ,2019-04-29 22:44:55,254
TEL ,2019-04-29 23:44:59,254
TEL ,2019-04-30 00:44:56,254
TEL ,2019-04-30 01:45:01,254
TEL ,2019-04-30 02:45:04,254
TEL ,2019-04-30 03:45:05,254
TEL ,2019-04-30 04:44:59,254
TEL ,2019-04-30 05:45:01,254
TEL ,2019-04-30 06:44:59,254
TEL ,2019-04-30 07:44:58,254
TEL ,2019-04-30 08:45:00,254
TEL ,2019-04-30 09:45:06,254
TEL ,2019-04-30 10:45:01,254
TEL ,2019-04-30 11:44:59,254
TEL ,2019-04-30 13:09:03,254
TEL ,2019-04-30 13:45:02,254
TEL ,2019-04-30 14:45:02,254
TEL ,2019-04-30 15:45:02,254
TEL ,2019-04-30 16:45:03,253
TEL ,2019-04-30 17:45:09,252
TEL ,2019-04-30 18:44:59,252
TEL ,2019-04-30 19:45:04,252
TEL ,2019-04-30 20:44:59,253
TEL ,2019-04-30 21:44:59,253
TEL ,2019-04-30 22:44:56,253
TEL ,2019-04-30 23:45:04,253
TEL ,2019-05-01 00:44:55,253
TEL ,2019-05-01 01:45:07,253
TEL ,2019-05-01 02:45:00,253
TEL ,2019-05-01 03:45:09,253
TEL ,2019-05-01 04:45:07,253
TEL ,2019-05-01 05:45:03,253
TEL ,2019-05-01 06:44:57,253
TEL ,2019-05-01 07:45:02,253
TEL ,2019-05-01 08:45:02,253
TEL ,2019-05-01 09:45:02,253
TEL ,2019-05-01 10:44:56,253
TEL ,2019-05-01 11:45:01,253
TEL ,2019-05-01 13:09:03,253
TEL ,2019-05-01 13:45:04,253
TEL ,2019-05-01 14:44:55,256
TEL ,2019-05-01 15:45:05,256
TEL ,2019-05-01 16:45:01,256
TEL ,2019-05-01 17:44:57,256
TEL ,2019-05-01 18:45:04,256
TEL ,2019-05-01 19:45:10,256
TEL ,2019-05-01 20:45:07,256
TEL ,2019-05-01 21:45:02,256
TEL ,2019-05-01 22:45:06,257
TEL ,2019-05-01 23:45:06,257
TEL ,2019-05-02 00:45:09,257
TEL ,2019-05-02 01:45:02,257
TEL ,2019-05-02 02:45:10,257
TEL ,2019-05-02 03:45:03,257
TEL ,2019-05-02 04:45:10,257
TEL ,2019-05-02 05:45:12,257
TEL ,2019-05-02 06:45:10,257
TEL ,2019-05-02 07:45:06,257
TEL ,2019-05-02 08:45:06,257
TEL ,2019-05-02 09:45:01,257
TEL ,2019-05-02 10:45:07,257
TEL ,2019-05-02 11:45:01,257
TEL ,2019-05-02 13:45:13,257
TEL ,2019-05-02 14:45:01,257
TEL ,2019-05-02 15:45:02,257
TEL ,2019-05-02 16:45:10,256
TEL ,2019-05-02 17:45:02,256
TEL ,2019-05-02 18:45:03,256
TEL ,2019-05-02 19:45:12,257
TEL ,2019-05-02 20:45:03,257
TEL ,2019-05-02 21:45:07,257
TEL ,2019-05-02 22:45:15,257
TEL ,2019-05-02 23:45:01,257
TEL ,2019-05-03 00:45:03,257
TEL ,2019-05-03 01:45:15,257
TEL ,2019-05-03 02:45:04,257
TEL ,2019-05-03 03:45:13,257
TEL ,2019-05-03 04:45:03,257
TEL ,2019-05-03 05:45:23,257
TEL ,2019-05-03 06:45:07,257
TEL ,2019-05-03 07:45:08,257
TEL ,2019-05-03 08:45:08,257
TEL ,2019-05-03 09:45:07,257
TEL ,2019-05-03 10:45:12,257
TEL ,2019-05-03 11:45:06,257
TEL ,2019-05-03 13:08:17,257
TEL ,2019-05-03 13:45:21,257
TEL ,2019-05-03 14:45:12,257
TEL ,2019-05-03 15:45:09,256
TEL ,2019-05-03 16:45:08,256
TEL ,2019-05-03 17:45:11,256
TEL ,2019-05-03 18:45:21,256
TEL ,2019-05-03 19:45:15,254
TEL ,2019-05-03 20:45:03,254
TEL ,2019-05-03 21:45:16,254
TEL ,2019-05-03 22:45:04,254
TEL ,2019-05-03 23:45:13,254
TEL ,2019-05-04 00:45:08,254
TEL ,2019-05-04 01:45:11,254
TEL ,2019-05-04 02:45:14,254
TEL ,2019-05-04 03:45:18,254
TEL ,2019-05-04 04:45:10,254
TEL ,2019-05-04 05:45:09,254
TEL ,2019-05-04 06:45:11,254
TEL ,2019-05-04 07:45:10,254
TEL ,2019-05-04 08:45:02,254
TEL ,2019-05-04 09:45:06,254
TEL ,2019-05-04 10:45:01,254
TEL ,2019-05-04 11:45:08,254
TEL ,2019-05-04 12:45:11,254
TEL ,2019-05-04 13:45:12,254
TEL ,2019-05-04 14:45:03,254
TEL ,2019-05-04 15:45:05,254
TEL ,2019-05-04 16:45:07,254
TEL ,2019-05-04 17:45:03,254
TEL ,2019-05-04 18:45:03,254
TEL ,2019-05-04 19:45:07,254
TEL ,2019-05-04 20:45:01,254
TEL ,2019-05-04 21:45:04,254
TEL ,2019-05-04 22:45:06,254
TEL ,2019-05-04 23:45:10,254
TEL ,2019-05-05 00:45:05,254
TEL ,2019-05-05 01:45:11,254
TEL ,2019-05-05 02:45:04,254
TEL ,2019-05-05 03:45:08,254
TEL ,2019-05-05 04:45:09,254
TEL ,2019-05-05 05:45:11,254
TEL ,2019-05-05 06:45:11,254
TEL ,2019-05-05 07:45:05,254
TEL ,2019-05-05 08:45:00,254
TEL ,2019-05-05 09:45:01,254
TEL ,2019-05-05 10:45:04,254
TEL ,2019-05-05 11:45:06,254
TEL ,2019-05-05 12:45:04,254
TEL ,2019-05-05 13:45:05,254
TEL ,2019-05-05 14:45:06,254
TEL ,2019-05-05 15:45:04,254
TEL ,2019-05-05 16:45:02,254
TEL ,2019-05-05 17:45:11,254
TEL ,2019-05-05 18:45:04,254
TEL ,2019-05-05 19:45:01,254
TEL ,2019-05-05 20:45:03,254
TEL ,2019-05-05 21:45:04,254
TEL ,2019-05-05 22:45:06,254
TEL ,2019-05-05 23:45:07,254
TEL ,2019-05-06 00:45:02,254
TEL ,2019-05-06 01:45:02,254
TEL ,2019-05-06 02:45:02,254
TEL ,2019-05-06 03:45:08,254
TEL ,2019-05-06 04:45:00,254
TEL ,2019-05-06 05:44:59,254
TEL ,2019-05-06 06:45:00,254
TEL ,2019-05-06 07:45:06,254
TEL ,2019-05-06 08:45:01,254
TEL ,2019-05-06 09:44:58,254
TEL ,2019-05-06 10:45:05,254
TEL ,2019-05-06 11:45:06,254
TEL ,2019-05-06 13:10:19,255
TEL ,2019-05-06 13:45:22,255
TEL ,2019-05-06 14:45:20,257
TEL ,2019-05-06 15:45:00,257
TEL ,2019-05-06 16:45:05,258
TEL ,2019-05-06 17:36:56,258
TEL ,2019-05-06 17:45:01,258
TEL ,2019-05-06 18:45:04,258
TEL ,2019-05-06 19:45:06,259
TEL ,2019-05-06 20:44:58,259
TEL ,2019-05-06 21:44:58,259
TEL ,2019-05-06 22:45:02,259
TEL ,2019-05-06 23:44:57,259
TEL ,2019-05-07 00:45:00,259
TEL ,2019-05-07 01:45:12,259
TEL ,2019-05-07 02:45:00,259
TEL ,2019-05-07 03:45:03,259
TEL ,2019-05-07 04:45:02,259
TEL ,2019-05-07 05:44:59,259
TEL ,2019-05-07 06:44:57,259
TEL ,2019-05-07 07:44:59,259
TEL ,2019-05-07 08:44:56,259
TEL ,2019-05-07 09:45:02,259
TEL ,2019-05-07 10:44:59,259
TEL ,2019-05-07 11:44:56,259
TEL ,2019-05-07 12:45:05,259
TEL ,2019-05-07 13:45:03,259
TEL ,2019-05-07 14:44:58,259
TEL ,2019-05-07 15:44:56,259
TEL ,2019-05-07 16:45:04,259
TEL ,2019-05-07 17:45:03,259
TEL ,2019-05-07 18:45:00,259
TEL ,2019-05-07 19:45:05,258
TEL ,2019-05-07 20:45:00,257
TEL ,2019-05-07 21:44:58,257
TEL ,2019-05-07 22:44:59,257
TEL ,2019-05-07 23:45:04,257
TEL ,2019-05-08 00:44:58,257
TEL ,2019-05-08 01:45:00,257
TEL ,2019-05-08 02:45:00,257
TEL ,2019-05-08 03:45:06,257
TEL ,2019-05-08 04:45:01,257
TEL ,2019-05-08 05:45:01,257
TEL ,2019-05-08 06:45:01,257
TEL ,2019-05-08 07:44:59,257
TEL ,2019-05-08 08:44:57,257
TEL ,2019-05-08 09:45:08,257
TEL ,2019-05-08 10:44:58,257
TEL ,2019-05-08 11:45:03,257
TEL ,2019-05-08 13:09:07,257
TEL ,2019-05-08 13:45:03,257
TEL ,2019-05-08 14:45:07,255
TEL ,2019-05-08 15:45:06,253
TEL ,2019-05-08 16:45:04,253
TEL ,2019-05-08 17:45:06,253
TEL ,2019-05-08 18:45:12,253
TEL ,2019-05-08 19:45:02,253
TEL ,2019-05-08 20:44:59,250
TEL ,2019-05-08 21:45:03,250
TEL ,2019-05-08 22:45:00,250
TEL ,2019-05-08 23:45:14,250
TEL ,2019-05-09 00:45:01,250
TEL ,2019-05-09 01:45:04,250
TEL ,2019-05-09 02:45:06,250
TEL ,2019-05-09 03:45:12,250
TEL ,2019-05-09 04:45:12,250
TEL ,2019-05-09 05:45:03,250
TEL ,2019-05-09 06:45:08,250
TEL ,2019-05-09 07:45:06,250
TEL ,2019-05-09 08:45:05,250
TEL ,2019-05-09 09:45:12,250
TEL ,2019-05-09 10:45:02,250
TEL ,2019-05-09 11:45:08,250
TEL ,2019-05-09 13:08:37,250
TEL ,2019-05-09 13:45:03,250
TEL ,2019-05-09 14:45:05,249
TEL ,2019-05-09 15:45:07,249
TEL ,2019-05-09 16:45:04,249
TEL ,2019-05-09 17:45:11,249
TEL ,2019-05-09 18:45:03,248
TEL ,2019-05-09 19:45:05,248
TEL ,2019-05-09 20:45:03,248
TEL ,2019-05-09 21:45:00,248
TEL ,2019-05-09 22:45:12,248
TEL ,2019-05-09 23:45:00,248
TEL ,2019-05-10 00:45:02,248
TEL ,2019-05-10 01:45:06,248
TEL ,2019-05-10 02:45:16,248
TEL ,2019-05-10 03:45:01,248
TEL ,2019-05-10 04:45:13,248
TEL ,2019-05-10 05:45:02,248
TEL ,2019-05-10 06:45:35,248
TEL ,2019-05-10 07:45:00,248
TEL ,2019-05-10 08:45:07,248
TEL ,2019-05-10 09:45:02,248
TEL ,2019-05-10 10:45:04,248
TEL ,2019-05-10 11:45:02,248
TEL ,2019-05-10 12:45:11,248
TEL ,2019-05-10 13:45:02,248
TEL ,2019-05-10 14:45:07,247
TEL ,2019-05-10 15:45:01,248
TEL ,2019-05-10 16:45:02,249
TEL ,2019-05-10 17:45:02,248
TEL ,2019-05-10 18:45:10,248
TEL ,2019-05-10 19:45:02,248
TEL ,2019-05-10 20:45:00,248
TEL ,2019-05-10 21:45:01,248
TEL ,2019-05-10 22:45:07,248
TEL ,2019-05-10 23:45:04,248
TEL ,2019-05-11 00:45:14,248
TEL ,2019-05-11 01:45:01,248
TEL ,2019-05-11 02:45:12,248
TEL ,2019-05-11 03:45:01,248
TEL ,2019-05-11 04:45:02,248
TEL ,2019-05-11 05:45:15,248
TEL ,2019-05-11 06:44:59,248
TEL ,2019-05-11 07:44:59,248
TEL ,2019-05-11 08:45:08,248
TEL ,2019-05-11 09:44:59,248
TEL ,2019-05-11 10:45:12,248
TEL ,2019-05-11 11:45:00,248
TEL ,2019-05-11 12:45:00,248
TEL ,2019-05-11 13:45:07,248
TEL ,2019-05-11 14:45:01,248
TEL ,2019-05-11 15:45:04,248
TEL ,2019-05-11 16:45:14,248
TEL ,2019-05-11 17:45:02,248
TEL ,2019-05-11 18:45:04,248
TEL ,2019-05-11 19:45:03,248
TEL ,2019-05-11 20:45:01,248
TEL ,2019-05-11 21:45:06,248
TEL ,2019-05-11 22:45:05,248
TEL ,2019-05-11 23:45:03,248
TEL ,2019-05-12 00:45:00,248
TEL ,2019-05-12 01:45:02,248
TEL ,2019-05-12 02:45:03,248
TEL ,2019-05-12 03:45:10,248
TEL ,2019-05-12 04:45:01,248
TEL ,2019-05-12 05:45:03,248
TEL ,2019-05-12 06:45:01,248
TEL ,2019-05-12 07:45:07,248
TEL ,2019-05-12 08:45:00,248
TEL ,2019-05-12 09:45:05,248
TEL ,2019-05-12 10:45:00,248
TEL ,2019-05-12 11:44:59,248
TEL ,2019-05-12 12:44:59,248
TEL ,2019-05-12 13:45:06,248
TEL ,2019-05-12 14:45:00,248
TEL ,2019-05-12 15:45:01,248
TEL ,2019-05-12 16:45:03,248
TEL ,2019-05-12 17:45:09,248
TEL ,2019-05-12 18:45:00,248
TEL ,2019-05-12 19:45:01,248
TEL ,2019-05-12 20:45:00,248
TEL ,2019-05-12 21:44:59,248
TEL ,2019-05-12 22:45:09,248
TEL ,2019-05-12 23:45:00,248
TEL ,2019-05-13 00:45:03,248
TEL ,2019-05-13 01:44:58,248
TEL ,2019-05-13 02:44:59,248
TEL ,2019-05-13 03:45:05,248
TEL ,2019-05-13 04:44:58,248
TEL ,2019-05-13 05:44:57,248
TEL ,2019-05-13 06:45:05,248
TEL ,2019-05-13 07:44:56,248
TEL ,2019-05-13 08:44:59,248
TEL ,2019-05-13 09:45:00,248
TEL ,2019-05-13 10:45:05,248
TEL ,2019-05-13 11:45:01,248
TEL ,2019-05-13 13:08:35,248
TEL ,2019-05-13 13:45:00,248
TEL ,2019-05-13 14:44:59,248
TEL ,2019-05-13 15:45:08,247
TEL ,2019-05-13 16:45:01,247
TEL ,2019-05-13 17:45:01,247
TEL ,2019-05-13 18:45:03,248
TEL ,2019-05-13 19:45:05,248
TEL ,2019-05-13 20:44:59,248
TEL ,2019-05-13 21:45:02,248
TEL ,2019-05-13 22:44:59,248
TEL ,2019-05-13 23:45:00,248
TEL ,2019-05-14 00:45:24,248
TEL ,2019-05-14 01:44:59,248
TEL ,2019-05-14 02:45:03,248
TEL ,2019-05-14 03:45:09,248
TEL ,2019-05-14 04:45:01,248
TEL ,2019-05-14 05:45:00,248
TEL ,2019-05-14 06:45:09,248
TEL ,2019-05-14 07:45:02,248
TEL ,2019-05-14 08:45:02,248
TEL ,2019-05-14 09:45:08,248
TEL ,2019-05-14 10:45:00,248
TEL ,2019-05-14 11:45:00,248
TEL ,2019-05-14 13:08:08,248
TEL ,2019-05-14 13:45:05,248
TEL ,2019-05-14 14:45:01,247
TEL ,2019-05-14 15:45:06,247
TEL ,2019-05-14 16:45:03,247
TEL ,2019-05-14 17:45:06,247
TEL ,2019-05-14 18:45:03,247
TEL ,2019-05-14 19:44:59,247
TEL ,2019-05-14 20:45:00,248
TEL ,2019-05-14 21:44:59,248
TEL ,2019-05-14 22:45:07,248
TEL ,2019-05-14 23:45:03,248
TEL ,2019-05-15 00:45:01,248
TEL ,2019-05-15 01:45:03,248
TEL ,2019-05-15 02:45:01,248
TEL ,2019-05-15 03:45:07,248
TEL ,2019-05-15 04:45:04,248
TEL ,2019-05-15 05:45:05,248
TEL ,2019-05-15 06:45:06,248
TEL ,2019-05-15 07:45:04,248
TEL ,2019-05-15 08:45:05,248
TEL ,2019-05-15 09:45:10,248
TEL ,2019-05-15 10:45:12,248
TEL ,2019-05-15 11:45:01,248
TEL ,2019-05-15 13:09:08,248
TEL ,2019-05-15 13:45:02,248
TEL ,2019-05-15 14:45:05,248
TEL ,2019-05-15 15:45:01,248
TEL ,2019-05-15 16:45:09,247
TEL ,2019-05-15 17:45:04,247
TEL ,2019-05-15 18:45:08,247
TEL ,2019-05-15 19:45:04,248
TEL ,2019-05-15 20:45:02,248
TEL ,2019-05-15 21:45:06,248
TEL ,2019-05-15 22:45:02,248
TEL ,2019-05-15 23:45:02,248
TEL ,2019-05-16 00:45:01,248
TEL ,2019-05-16 01:45:12,248
TEL ,2019-05-16 02:45:07,248
TEL ,2019-05-16 03:45:00,248
TEL ,2019-05-16 04:45:03,248
TEL ,2019-05-16 05:45:09,248
TEL ,2019-05-16 06:45:05,248
TEL ,2019-05-16 07:45:11,248
TEL ,2019-05-16 08:45:10,248
TEL ,2019-05-16 09:45:10,248
TEL ,2019-05-16 10:45:25,248
TEL ,2019-05-16 11:45:05,248
TEL ,2019-05-16 13:08:12,248
TEL ,2019-05-16 13:45:21,248
TEL ,2019-05-16 14:45:05,248
TEL ,2019-05-16 15:45:04,249
TEL ,2019-05-16 16:45:11,249
TEL ,2019-05-16 17:45:05,249
TEL ,2019-05-16 18:45:08,247
TEL ,2019-05-16 19:45:09,247
TEL ,2019-05-16 20:45:04,247
TEL ,2019-05-16 21:45:09,247
TEL ,2019-05-16 22:45:10,247
TEL ,2019-05-16 23:45:06,247
TEL ,2019-05-17 00:45:20,247
TEL ,2019-05-17 01:45:10,247
TEL ,2019-05-17 02:45:06,247
TEL ,2019-05-17 03:45:04,247
TEL ,2019-05-17 04:45:05,247
TEL ,2019-05-17 05:45:06,247
TEL ,2019-05-17 06:45:13,247
TEL ,2019-05-17 07:45:07,247
TEL ,2019-05-17 08:45:15,247
TEL ,2019-05-17 09:45:13,247
TEL ,2019-05-17 10:45:05,247
TEL ,2019-05-17 11:45:11,247
TEL ,2019-05-17 13:09:41,247
TEL ,2019-05-17 13:45:21,247
TEL ,2019-05-17 14:45:07,248
TEL ,2019-05-17 15:45:04,248
TEL ,2019-05-17 16:45:09,248
TEL ,2019-05-17 17:45:05,248
TEL ,2019-05-17 18:45:05,248
TEL ,2019-05-17 19:45:11,250
TEL ,2019-05-17 20:45:03,250
TEL ,2019-05-17 21:45:04,250
TEL ,2019-05-17 22:45:05,250
TEL ,2019-05-17 23:45:05,250
TEL ,2019-05-18 00:45:04,250
TEL ,2019-05-18 01:45:08,250
TEL ,2019-05-18 02:45:07,250
TEL ,2019-05-18 04:45:01,250
TEL ,2019-05-18 05:44:55,250
TEL ,2019-05-18 06:44:59,250
TEL ,2019-05-18 07:44:56,250
TEL ,2019-05-18 08:44:56,250
TEL ,2019-05-18 09:44:55,250
TEL ,2019-05-18 10:44:55,250
TEL ,2019-05-18 11:45:00,250
TEL ,2019-05-18 12:44:55,250
TEL ,2019-05-18 13:44:58,250
TEL ,2019-05-18 14:44:56,250
TEL ,2019-05-18 15:45:01,250
TEL ,2019-05-18 16:44:55,250
TEL ,2019-05-18 17:44:58,250
TEL ,2019-05-18 18:44:55,250
TEL ,2019-05-18 19:44:56,250
TEL ,2019-05-18 20:44:55,250
TEL ,2019-05-18 21:44:56,250
TEL ,2019-05-18 22:44:56,250
TEL ,2019-05-18 23:44:54,250
TEL ,2019-05-19 00:44:54,250
TEL ,2019-05-19 01:44:55,250
TEL ,2019-05-19 02:44:55,250
TEL ,2019-05-19 03:44:54,250
TEL ,2019-05-19 04:44:58,250
TEL ,2019-05-19 05:44:54,250
TEL ,2019-05-19 06:44:55,250
TEL ,2019-05-19 07:44:55,250
TEL ,2019-05-19 08:44:54,250
TEL ,2019-05-19 09:44:54,250
TEL ,2019-05-19 10:44:54,250
TEL ,2019-05-19 11:44:56,250
TEL ,2019-05-19 12:44:57,250
TEL ,2019-05-19 13:44:57,250
TEL ,2019-05-19 14:44:55,250
TEL ,2019-05-19 15:44:55,250
TEL ,2019-05-19 16:44:58,250
TEL ,2019-05-19 17:44:57,250
TEL ,2019-05-19 18:44:55,250
TEL ,2019-05-19 19:44:55,250
TEL ,2019-05-19 20:44:57,250
TEL ,2019-05-19 21:44:57,250
TEL ,2019-05-19 22:44:55,250
TEL ,2019-05-19 23:44:57,250
TEL ,2019-05-20 00:44:56,250
TEL ,2019-05-20 01:44:56,250
TEL ,2019-05-20 02:44:59,250
TEL ,2019-05-20 03:44:56,250
TEL ,2019-05-20 04:44:58,250
TEL ,2019-05-20 05:44:57,250
TEL ,2019-05-20 06:44:56,250
TEL ,2019-05-20 07:44:57,250
TEL ,2019-05-20 08:44:57,250
TEL ,2019-05-20 09:44:57,250
TEL ,2019-05-20 10:44:56,250
TEL ,2019-05-20 11:44:58,250
TEL ,2019-05-20 12:45:01,250
TEL ,2019-05-20 13:44:58,250
TEL ,2019-05-20 14:44:57,249
TEL ,2019-05-20 15:44:55,249
TEL ,2019-05-20 16:44:58,250
TEL ,2019-05-20 17:44:56,250
TEL ,2019-05-20 18:44:54,251
TEL ,2019-05-20 19:44:55,251
TEL ,2019-05-20 20:44:55,251
TEL ,2019-05-20 21:44:55,251
TEL ,2019-05-20 22:44:55,251
TEL ,2019-05-20 23:45:01,251
TEL ,2019-05-21 00:44:55,251
TEL ,2019-05-21 01:44:58,251
TEL ,2019-05-21 02:44:56,251
TEL ,2019-05-21 03:44:56,251
TEL ,2019-05-21 04:44:58,251
TEL ,2019-05-21 05:44:56,251
TEL ,2019-05-21 06:44:54,251
TEL ,2019-05-21 07:44:57,251
TEL ,2019-05-21 08:44:56,251
TEL ,2019-05-21 09:44:53,251
TEL ,2019-05-21 10:44:57,251
TEL ,2019-05-21 11:44:54,251
TEL ,2019-05-21 13:08:58,251
TEL ,2019-05-21 13:44:55,251
TEL ,2019-05-21 14:44:57,251
TEL ,2019-05-21 15:44:54,250
TEL ,2019-05-21 16:44:54,250
TEL ,2019-05-21 17:44:54,250
TEL ,2019-05-21 18:44:56,249
TEL ,2019-05-21 19:44:56,249
TEL ,2019-05-21 20:44:56,249
TEL ,2019-05-21 21:44:55,249
TEL ,2019-05-21 22:44:59,249
TEL ,2019-05-21 23:44:57,249
TEL ,2019-05-22 00:44:55,249
TEL ,2019-05-22 01:44:55,249
TEL ,2019-05-22 02:44:55,249
TEL ,2019-05-22 03:44:55,249
TEL ,2019-05-22 04:44:58,249
TEL ,2019-05-22 05:44:56,249
TEL ,2019-05-22 06:44:55,249
TEL ,2019-05-22 07:44:56,249
TEL ,2019-05-22 08:45:02,249
TEL ,2019-05-22 09:45:02,249
TEL ,2019-05-22 10:44:54,249
TEL ,2019-05-22 11:44:57,249
TEL ,2019-05-22 12:44:56,249
TEL ,2019-05-22 13:44:57,249
TEL ,2019-05-22 14:44:55,249
TEL ,2019-05-22 15:45:00,249
TEL ,2019-05-22 16:44:56,249
TEL ,2019-05-22 17:44:54,249
TEL ,2019-05-22 18:44:56,249
TEL ,2019-05-22 19:44:54,250
TEL ,2019-05-22 20:44:54,251
TEL ,2019-05-22 21:44:55,251
TEL ,2019-05-22 22:44:54,251
TEL ,2019-05-22 23:44:54,251
TEL ,2019-05-23 00:44:56,251
TEL ,2019-05-23 01:44:55,251
TEL ,2019-05-23 02:44:58,251
TEL ,2019-05-23 03:44:56,251
TEL ,2019-05-23 04:44:59,251
TEL ,2019-05-23 05:44:56,251
TEL ,2019-05-23 06:44:56,251
TEL ,2019-05-23 07:44:58,251
TEL ,2019-05-23 08:44:56,251
TEL ,2019-05-23 09:44:56,251
TEL ,2019-05-23 10:44:56,251
TEL ,2019-05-23 11:44:55,251
TEL ,2019-05-23 12:45:00,251
TEL ,2019-05-23 13:44:56,251
TEL ,2019-05-23 14:44:56,250
TEL ,2019-05-23 15:44:54,249
TEL ,2019-05-23 16:44:54,249
TEL ,2019-05-23 17:44:56,249
TEL ,2019-05-23 18:44:55,249
TEL ,2019-05-23 19:44:58,249
TEL ,2019-05-23 20:44:56,250
TEL ,2019-05-23 21:44:56,250
TEL ,2019-05-23 22:44:55,250
TEL ,2019-05-23 23:44:57,250
TEL ,2019-05-24 00:44:57,250
TEL ,2019-05-24 01:44:57,250
TEL ,2019-05-24 02:44:56,250
TEL ,2019-05-24 03:44:56,250
TEL ,2019-05-24 04:44:56,250
TEL ,2019-05-24 05:44:59,250
TEL ,2019-05-24 06:44:55,250
TEL ,2019-05-24 07:44:54,250
TEL ,2019-05-24 08:44:55,250
TEL ,2019-05-24 09:44:57,250
TEL ,2019-05-24 10:44:58,250
TEL ,2019-05-24 11:44:55,250
TEL ,2019-05-24 13:09:00,249
TEL ,2019-05-24 13:44:56,249
TEL ,2019-05-24 14:44:56,249
TEL ,2019-05-24 15:44:55,249
TEL ,2019-05-24 16:44:55,249
TEL ,2019-05-24 17:44:57,250
TEL ,2019-05-24 18:44:58,250
TEL ,2019-05-24 19:44:57,250
TEL ,2019-05-24 20:44:58,250
TEL ,2019-05-24 21:45:00,250
TEL ,2019-05-24 22:44:57,250
TEL ,2019-05-24 23:45:00,250
TEL ,2019-05-25 00:44:58,250
TEL ,2019-05-25 01:44:57,250
TEL ,2019-05-25 04:44:59,250
TEL ,2019-05-26 04:45:01,250
TEL ,2019-05-26 05:44:58,250
TEL ,2019-05-26 06:44:57,250
TEL ,2019-05-26 07:44:59,250
TEL ,2019-05-26 08:44:56,250
TEL ,2019-05-26 09:44:56,250
TEL ,2019-05-26 10:44:57,250
TEL ,2019-05-26 11:44:58,250
TEL ,2019-05-26 12:44:56,250
TEL ,2019-05-26 13:44:56,250
TEL ,2019-05-26 14:44:59,250
TEL ,2019-05-26 15:44:55,250
TEL ,2019-05-26 16:44:56,250
TEL ,2019-05-26 17:45:01,250
TEL ,2019-05-26 18:44:58,250
TEL ,2019-05-26 19:45:41,250
TEL ,2019-05-26 20:44:56,250
TEL ,2019-05-26 21:44:58,250
TEL ,2019-05-26 22:44:58,250
TEL ,2019-05-26 23:44:56,250
TEL ,2019-05-27 00:44:56,250
TEL ,2019-05-27 01:44:57,250
TEL ,2019-05-27 02:44:58,250
TEL ,2019-05-27 03:44:59,250
TEL ,2019-05-27 04:44:59,250
TEL ,2019-05-27 05:44:57,250
TEL ,2019-05-27 06:44:57,250
TEL ,2019-05-27 07:45:03,250
TEL ,2019-05-27 08:45:02,250
TEL ,2019-05-27 09:45:02,250
TEL ,2019-05-27 10:44:59,250
TEL ,2019-05-27 11:44:56,250
TEL ,2019-05-27 12:44:56,250
TEL ,2019-05-27 13:44:58,250
TEL ,2019-05-27 14:44:57,250
TEL ,2019-05-27 15:44:57,250
TEL ,2019-05-27 16:44:57,250
TEL ,2019-05-27 17:45:01,250
TEL ,2019-05-27 18:44:57,250
TEL ,2019-05-27 19:44:55,250
TEL ,2019-05-27 20:44:56,250
TEL ,2019-05-27 21:44:56,250
TEL ,2019-05-27 22:44:55,250
TEL ,2019-05-27 23:44:56,250
TEL ,2019-05-28 00:44:56,250
TEL ,2019-05-28 01:44:57,250
TEL ,2019-05-28 02:44:59,250
TEL ,2019-05-28 03:44:57,250
TEL ,2019-05-28 04:44:57,250
TEL ,2019-05-28 05:44:57,250
TEL ,2019-05-28 06:45:03,250
TEL ,2019-05-28 07:44:59,250
TEL ,2019-05-28 08:44:57,250
TEL ,2019-05-28 09:44:59,250
TEL ,2019-05-28 10:44:56,250
TEL ,2019-05-28 11:44:55,250
TEL ,2019-05-28 12:44:56,250
TEL ,2019-05-28 13:44:58,249
TEL ,2019-05-28 14:44:58,250
TEL ,2019-05-28 15:44:57,248
TEL ,2019-05-28 16:44:58,248
TEL ,2019-05-28 17:45:02,248
TEL ,2019-05-28 18:44:58,248
TEL ,2019-05-28 19:44:57,247
TEL ,2019-05-28 20:44:57,247
TEL ,2019-05-28 21:44:57,247
TEL ,2019-05-28 22:44:58,247
TEL ,2019-05-28 23:44:59,247
TEL ,2019-05-29 00:44:59,247
TEL ,2019-05-29 01:44:57,247
TEL ,2019-05-29 02:44:57,247
TEL ,2019-05-29 03:44:57,247
TEL ,2019-05-29 04:44:56,247
TEL ,2019-05-29 05:44:59,247
TEL ,2019-05-29 06:44:57,247
TEL ,2019-05-29 07:45:00,247
TEL ,2019-05-29 08:44:57,247
TEL ,2019-05-29 09:45:04,247
TEL ,2019-05-29 10:44:57,247
TEL ,2019-05-29 11:44:56,247
TEL ,2019-05-29 13:08:01,247
TEL ,2019-05-29 13:44:59,247
TEL ,2019-05-29 14:44:59,248
TEL ,2019-05-29 15:44:57,248
TEL ,2019-05-29 16:44:57,248
TEL ,2019-05-29 17:44:58,248
TEL ,2019-05-29 18:44:58,248
TEL ,2019-05-29 19:45:00,249
TEL ,2019-05-29 20:44:55,249
TEL ,2019-05-29 21:44:57,249
TEL ,2019-05-29 22:44:57,249
TEL ,2019-05-29 23:44:58,249
TEL ,2019-05-30 00:44:56,249
TEL ,2019-05-30 01:44:58,249
TEL ,2019-05-30 02:44:58,249
TEL ,2019-05-30 03:44:58,249
TEL ,2019-05-30 04:44:58,249
TEL ,2019-05-30 05:45:00,249
TEL ,2019-05-30 06:44:56,249
TEL ,2019-05-30 07:44:56,249
TEL ,2019-05-30 08:45:04,249
TEL ,2019-05-30 09:44:57,249
TEL ,2019-05-30 10:44:56,249
TEL ,2019-05-30 11:44:57,249
TEL ,2019-05-30 12:45:01,249
TEL ,2019-05-30 13:44:56,249
TEL ,2019-05-30 14:45:00,250
TEL ,2019-05-30 15:44:58,250
TEL ,2019-05-30 16:44:56,250
TEL ,2019-05-30 17:44:58,250
TEL ,2019-05-30 18:44:57,250
TEL ,2019-05-30 19:44:57,250
TEL ,2019-05-30 20:44:55,249
TEL ,2019-05-30 21:44:55,249
TEL ,2019-05-30 22:44:59,249
TEL ,2019-05-30 23:44:56,249
TEL ,2019-05-31 00:44:55,249
TEL ,2019-05-31 01:44:57,249
TEL ,2019-05-31 02:44:55,249
TEL ,2019-05-31 03:44:55,249
TEL ,2019-05-31 04:44:56,249
TEL ,2019-05-31 05:44:56,249
TEL ,2019-05-31 06:44:57,249
TEL ,2019-05-31 07:44:55,249
TEL ,2019-05-31 08:44:57,249
TEL ,2019-05-31 09:44:58,249
TEL ,2019-05-31 10:44:56,249
TEL ,2019-05-31 11:44:56,249
TEL ,2019-05-31 12:45:42,249
TEL ,2019-05-31 13:44:58,250
TEL ,2019-05-31 14:44:56,250
TEL ,2019-05-31 15:44:57,251
TEL ,2019-05-31 16:44:56,251
TEL ,2019-05-31 17:45:00,251
TEL ,2019-05-31 18:44:56,251
TEL ,2019-05-31 19:44:55,251
TEL ,2019-05-31 20:44:56,253
TEL ,2019-05-31 21:44:57,253
TEL ,2019-05-31 22:44:54,253
TEL ,2019-05-31 23:44:56,253
TEL ,2019-06-01 00:44:56,253
TEL ,2019-06-01 01:44:56,253
TEL ,2019-06-01 02:44:56,253
TEL ,2019-06-01 03:44:56,253
TEL ,2019-06-01 04:44:56,253
TEL ,2019-06-01 05:44:56,253
TEL ,2019-06-01 06:45:00,253
TEL ,2019-06-01 07:44:55,253
TEL ,2019-06-01 08:44:57,253
TEL ,2019-06-01 09:44:56,253
TEL ,2019-06-01 10:44:58,253
TEL ,2019-06-01 11:44:56,253
TEL ,2019-06-01 12:44:56,253
TEL ,2019-06-01 13:44:55,253
TEL ,2019-06-01 14:45:01,253
TEL ,2019-06-01 15:44:58,253
TEL ,2019-06-01 16:44:56,253
TEL ,2019-06-01 17:44:57,253
TEL ,2019-06-01 18:44:56,253
TEL ,2019-06-01 19:44:58,253
TEL ,2019-06-01 20:44:55,253
TEL ,2019-06-01 21:44:58,253
TEL ,2019-06-01 22:44:57,253
TEL ,2019-06-01 23:44:57,253
TEL ,2019-06-02 00:44:58,253
TEL ,2019-06-02 01:45:02,253
TEL ,2019-06-02 02:44:58,253
TEL ,2019-06-02 03:44:57,253
TEL ,2019-06-02 04:44:56,253
TEL ,2019-06-02 05:45:01,253
TEL ,2019-06-02 06:44:56,253
TEL ,2019-06-02 07:44:56,253
TEL ,2019-06-02 08:44:55,253
TEL ,2019-06-02 09:44:55,253
TEL ,2019-06-02 10:44:56,253
TEL ,2019-06-02 11:44:55,253
TEL ,2019-06-02 12:45:01,253
TEL ,2019-06-02 13:44:56,253
TEL ,2019-06-02 14:44:58,253
TEL ,2019-06-02 15:44:54,253
TEL ,2019-06-02 16:44:55,253
TEL ,2019-06-02 17:44:57,253
TEL ,2019-06-02 18:44:57,253
TEL ,2019-06-02 19:44:57,253
TEL ,2019-06-02 20:44:56,253
TEL ,2019-06-02 21:44:57,253
TEL ,2019-06-02 22:44:56,253
TEL ,2019-06-02 23:44:55,253
TEL ,2019-06-03 00:44:55,253
TEL ,2019-06-03 01:45:00,253
TEL ,2019-06-03 02:44:56,253
TEL ,2019-06-03 03:44:56,253
TEL ,2019-06-03 04:44:55,253
TEL ,2019-06-03 05:44:56,253
TEL ,2019-06-03 06:44:57,253
TEL ,2019-06-03 07:44:56,253
TEL ,2019-06-03 08:44:57,253
TEL ,2019-06-03 09:44:56,253
TEL ,2019-06-03 10:44:59,253
TEL ,2019-06-03 11:44:59,253
TEL ,2019-06-03 12:44:55,253
TEL ,2019-06-03 13:45:00,253
TEL ,2019-06-03 14:45:00,252
TEL ,2019-06-03 15:44:58,252
TEL ,2019-06-03 16:44:57,251
TEL ,2019-06-03 17:44:57,251
TEL ,2019-06-03 18:44:59,251
TEL ,2019-06-03 19:45:00,251
TEL ,2019-06-03 20:44:56,251
TEL ,2019-06-03 21:44:59,251
TEL ,2019-06-03 22:44:57,251
TEL ,2019-06-03 23:45:01,251
TEL ,2019-06-04 00:44:57,251
TEL ,2019-06-04 01:44:58,251
TEL ,2019-06-04 02:44:58,251
TEL ,2019-06-04 03:45:01,251
TEL ,2019-06-04 04:44:59,251
TEL ,2019-06-04 05:44:57,251
TEL ,2019-06-04 06:44:57,251
TEL ,2019-06-04 07:44:56,251
TEL ,2019-06-04 08:45:01,251
TEL ,2019-06-04 09:44:57,251
TEL ,2019-06-04 10:44:59,251
TEL ,2019-06-04 11:44:57,251
TEL ,2019-06-04 13:07:31,251
TEL ,2019-06-04 13:44:58,251
TEL ,2019-06-04 14:45:02,251
TEL ,2019-06-04 15:44:58,250
TEL ,2019-06-04 16:44:58,249
TEL ,2019-06-04 17:45:00,248
TEL ,2019-06-04 18:44:58,249
TEL ,2019-06-04 19:44:58,248
TEL ,2019-06-04 20:44:58,248
TEL ,2019-06-04 21:44:56,248
TEL ,2019-06-04 22:44:58,248
TEL ,2019-06-04 23:45:01,248
TEL ,2019-06-05 00:44:56,248
TEL ,2019-06-05 01:44:58,248
TEL ,2019-06-05 02:45:00,248
TEL ,2019-06-05 03:45:00,248
TEL ,2019-06-05 04:45:02,248
TEL ,2019-06-05 05:44:57,248
TEL ,2019-06-05 06:44:57,248
TEL ,2019-06-05 07:44:57,248
TEL ,2019-06-05 08:45:04,248
TEL ,2019-06-05 09:44:57,248
TEL ,2019-06-05 10:44:57,248
TEL ,2019-06-05 11:45:02,248
TEL ,2019-06-05 13:09:01,248
TEL ,2019-06-05 13:44:57,248
TEL ,2019-06-05 14:44:56,249
TEL ,2019-06-05 15:44:58,248
TEL ,2019-06-05 16:44:57,248
TEL ,2019-06-05 17:44:58,248
TEL ,2019-06-05 18:44:57,248
TEL ,2019-06-05 19:45:02,249
TEL ,2019-06-05 20:44:57,248
TEL ,2019-06-05 21:44:57,248
TEL ,2019-06-05 22:44:57,248
TEL ,2019-06-05 23:44:57,248
TEL ,2019-06-06 00:44:57,248
TEL ,2019-06-06 01:44:56,248
TEL ,2019-06-06 02:44:58,248
TEL ,2019-06-06 03:44:58,248
TEL ,2019-06-06 04:45:04,248
TEL ,2019-06-06 05:44:57,248
TEL ,2019-06-06 06:45:00,248
TEL ,2019-06-06 07:44:57,248
TEL ,2019-06-06 08:45:04,248
TEL ,2019-06-06 09:45:00,248
TEL ,2019-06-06 10:45:04,248
TEL ,2019-06-06 11:44:57,248
TEL ,2019-06-06 13:09:00,248
TEL ,2019-06-06 13:44:58,248
TEL ,2019-06-06 14:44:58,248
TEL ,2019-06-06 15:45:00,248
TEL ,2019-06-06 16:44:58,249
TEL ,2019-06-06 17:45:00,249
TEL ,2019-06-06 18:45:02,248
TEL ,2019-06-06 19:45:00,248
TEL ,2019-06-06 20:44:56,248
TEL ,2019-06-06 21:44:58,248
TEL ,2019-06-06 22:44:56,248
TEL ,2019-06-06 23:44:56,248
TEL ,2019-06-07 00:45:00,248
TEL ,2019-06-07 01:44:59,248
TEL ,2019-06-07 02:45:00,248
TEL ,2019-06-07 03:44:59,248
TEL ,2019-06-07 04:45:02,248
TEL ,2019-06-07 05:44:57,248
TEL ,2019-06-07 06:45:01,248
TEL ,2019-06-07 07:44:58,248
TEL ,2019-06-07 08:44:59,248
TEL ,2019-06-07 09:45:01,248
TEL ,2019-06-07 10:44:58,248
TEL ,2019-06-07 11:44:58,248
TEL ,2019-06-07 13:09:04,248
TEL ,2019-06-07 13:45:01,248
TEL ,2019-06-07 14:45:00,248
TEL ,2019-06-07 15:44:59,248
TEL ,2019-06-07 16:44:59,247
TEL ,2019-06-07 17:44:58,247
TEL ,2019-06-07 18:44:59,247
TEL ,2019-06-07 19:44:57,248
TEL ,2019-06-07 20:44:58,248
TEL ,2019-06-07 21:44:59,248
TEL ,2019-06-07 22:44:56,248
TEL ,2019-06-07 23:45:02,248
TEL ,2019-06-08 00:44:59,248
TEL ,2019-06-08 01:45:03,248
TEL ,2019-06-08 02:45:00,248
TEL ,2019-06-08 03:45:03,248
TEL ,2019-06-08 04:44:59,248
TEL ,2019-06-08 05:45:06,248
TEL ,2019-06-08 06:45:02,248
TEL ,2019-06-08 07:45:03,248
TEL ,2019-06-08 08:44:58,248
TEL ,2019-06-08 09:45:00,248
TEL ,2019-06-08 10:44:59,248
TEL ,2019-06-08 11:45:00,248
TEL ,2019-06-08 12:44:59,248
TEL ,2019-06-08 13:44:57,248
TEL ,2019-06-08 14:44:56,248
TEL ,2019-06-08 15:45:01,248
TEL ,2019-06-08 16:45:00,248
TEL ,2019-06-08 17:44:59,248
TEL ,2019-06-08 18:45:00,248
TEL ,2019-06-08 19:44:57,248
TEL ,2019-06-08 20:44:58,248
TEL ,2019-06-08 21:44:57,248
TEL ,2019-06-08 22:44:57,248
TEL ,2019-06-08 23:45:02,248
TEL ,2019-06-09 00:44:57,248
TEL ,2019-06-09 01:44:58,248
TEL ,2019-06-09 02:45:05,248
TEL ,2019-06-09 03:45:05,248
TEL ,2019-06-09 04:44:57,248
TEL ,2019-06-09 05:45:02,248
TEL ,2019-06-09 06:44:56,248
TEL ,2019-06-09 07:45:02,248
TEL ,2019-06-09 08:44:57,248
TEL ,2019-06-09 09:45:00,248
TEL ,2019-06-09 10:44:58,248
TEL ,2019-06-09 11:44:59,248
TEL ,2019-06-09 12:45:01,248
TEL ,2019-06-09 13:44:58,248
TEL ,2019-06-09 14:44:57,248
TEL ,2019-06-09 15:45:00,248
TEL ,2019-06-09 16:44:58,248
TEL ,2019-06-09 17:45:01,248
TEL ,2019-06-09 18:44:57,248
TEL ,2019-06-09 19:44:58,248
TEL ,2019-06-09 20:44:57,248
TEL ,2019-06-09 21:44:58,248
TEL ,2019-06-09 22:45:03,248
TEL ,2019-06-09 23:44:59,248
TEL ,2019-06-10 00:44:59,248
TEL ,2019-06-10 01:45:02,248
TEL ,2019-06-10 02:44:58,248
TEL ,2019-06-10 03:45:02,248
TEL ,2019-06-10 04:44:59,248
TEL ,2019-06-10 05:45:02,248
TEL ,2019-06-10 06:44:57,248
TEL ,2019-06-10 07:45:03,248
TEL ,2019-06-10 08:44:58,248
TEL ,2019-06-10 09:44:57,248
TEL ,2019-06-10 10:45:03,248
TEL ,2019-06-10 11:45:00,248
TEL ,2019-06-10 12:45:07,248
TEL ,2019-06-10 13:45:04,248
TEL ,2019-06-10 14:44:59,249
TEL ,2019-06-10 15:45:02,249
TEL ,2019-06-10 16:45:04,248
TEL ,2019-06-10 17:45:01,248
TEL ,2019-06-10 18:45:03,248
TEL ,2019-06-10 19:45:02,248
TEL ,2019-06-10 20:45:01,248
TEL ,2019-06-10 21:45:00,248
TEL ,2019-06-10 22:45:02,248
TEL ,2019-06-10 23:45:01,248
TEL ,2019-06-11 00:45:02,248
TEL ,2019-06-11 01:45:05,248
TEL ,2019-06-11 02:45:03,248
TEL ,2019-06-11 03:45:03,248
TEL ,2019-06-11 04:45:00,248
TEL ,2019-06-11 05:45:02,248
TEL ,2019-06-11 06:45:01,248
TEL ,2019-06-11 07:45:00,248
TEL ,2019-06-11 08:45:00,248
TEL ,2019-06-11 09:45:03,248
TEL ,2019-06-11 10:45:01,248
TEL ,2019-06-11 11:45:02,248
TEL ,2019-06-11 13:08:36,248
TEL ,2019-06-11 13:45:06,248
TEL ,2019-06-11 14:45:01,248
TEL ,2019-06-11 15:45:01,248
TEL ,2019-06-11 16:45:06,248
TEL ,2019-06-11 17:45:01,248
TEL ,2019-06-11 18:45:04,248
TEL ,2019-06-11 19:45:01,248
TEL ,2019-06-11 20:45:03,249
TEL ,2019-06-11 21:45:02,249
TEL ,2019-06-11 22:45:01,249
TEL ,2019-06-11 23:44:59,249
TEL ,2019-06-12 00:45:05,249
TEL ,2019-06-12 01:45:04,249
TEL ,2019-06-12 02:45:04,249
TEL ,2019-06-12 03:45:08,249
TEL ,2019-06-12 04:45:04,249
TEL ,2019-06-12 05:45:03,249
TEL ,2019-06-12 06:45:04,249
TEL ,2019-06-12 07:45:06,249
TEL ,2019-06-12 08:45:04,249
TEL ,2019-06-12 09:45:08,249
TEL ,2019-06-12 10:45:05,249
TEL ,2019-06-12 11:45:06,249
TEL ,2019-06-12 13:08:08,249
TEL ,2019-06-12 13:45:02,249
TEL ,2019-06-12 14:45:01,247
TEL ,2019-06-12 15:45:04,248
TEL ,2019-06-12 16:45:02,248
TEL ,2019-06-12 17:45:01,247
TEL ,2019-06-12 18:45:03,247
TEL ,2019-06-12 19:45:06,247
TEL ,2019-06-12 20:45:05,247
TEL ,2019-06-12 21:45:05,247
TEL ,2019-06-12 22:45:02,247
TEL ,2019-06-12 23:45:02,247
TEL ,2019-06-13 00:45:03,247
TEL ,2019-06-13 01:45:06,247
TEL ,2019-06-13 02:45:21,247
TEL ,2019-06-13 03:45:02,247
TEL ,2019-06-13 04:45:04,247
TEL ,2019-06-13 05:45:07,247
TEL ,2019-06-13 06:45:02,247
TEL ,2019-06-13 07:45:00,247
TEL ,2019-06-13 08:45:01,247
TEL ,2019-06-13 09:45:01,247
TEL ,2019-06-13 10:45:07,247
TEL ,2019-06-13 11:45:00,247
TEL ,2019-06-13 13:09:04,247
TEL ,2019-06-13 13:45:06,247
TEL ,2019-06-13 14:45:04,248
TEL ,2019-06-13 15:45:05,248
TEL ,2019-06-13 16:45:05,248
TEL ,2019-06-13 17:45:01,246
TEL ,2019-06-13 18:45:02,246
TEL ,2019-06-13 19:45:03,245
TEL ,2019-06-13 20:44:59,245
TEL ,2019-06-13 21:45:01,245
TEL ,2019-06-13 22:45:02,245
TEL ,2019-06-13 23:45:02,245
TEL ,2019-06-14 00:45:03,245
TEL ,2019-06-14 01:45:04,245
TEL ,2019-06-14 02:45:06,245
TEL ,2019-06-14 03:45:03,245
TEL ,2019-06-14 04:45:03,245
TEL ,2019-06-14 05:45:04,245
TEL ,2019-06-14 06:45:10,245
TEL ,2019-06-14 07:45:06,245
TEL ,2019-06-14 08:45:05,245
TEL ,2019-06-14 09:45:04,245
TEL ,2019-06-14 10:45:07,245
TEL ,2019-06-14 11:45:06,245
TEL ,2019-06-14 12:45:05,245
TEL ,2019-06-14 13:45:03,245
TEL ,2019-06-14 14:45:05,245
TEL ,2019-06-14 15:45:06,245
TEL ,2019-06-14 16:45:06,246
TEL ,2019-06-14 17:45:03,246
TEL ,2019-06-14 18:45:03,246
TEL ,2019-06-14 19:45:03,246
TEL ,2019-06-14 20:45:02,246
TEL ,2019-06-14 21:45:05,245
TEL ,2019-06-14 22:45:02,245
TEL ,2019-06-14 23:45:04,245
TEL ,2019-06-15 00:45:05,245
TEL ,2019-06-15 01:45:06,245
TEL ,2019-06-15 02:45:03,245
TEL ,2019-06-15 03:45:03,245
TEL ,2019-06-15 04:45:04,245
TEL ,2019-06-15 05:45:07,245
TEL ,2019-06-15 06:45:03,245
TEL ,2019-06-15 07:45:05,245
TEL ,2019-06-15 08:45:04,245
TEL ,2019-06-15 09:45:04,245
TEL ,2019-06-15 10:45:06,245
TEL ,2019-06-15 11:45:04,245
TEL ,2019-06-15 12:45:07,245
TEL ,2019-06-15 13:45:10,245
TEL ,2019-06-15 14:45:03,245
TEL ,2019-06-15 15:45:03,245
TEL ,2019-06-15 16:45:04,245
TEL ,2019-06-15 17:45:03,245
TEL ,2019-06-15 18:45:06,245
TEL ,2019-06-15 19:45:04,245
TEL ,2019-06-15 20:45:04,245
TEL ,2019-06-15 21:45:10,245
TEL ,2019-06-15 22:45:10,245
TEL ,2019-06-15 23:45:04,245
TEL ,2019-06-16 00:45:04,245
TEL ,2019-06-16 01:45:09,245
TEL ,2019-06-16 02:45:06,245
TEL ,2019-06-16 03:45:04,245
TEL ,2019-06-16 04:45:09,245
TEL ,2019-06-16 05:45:05,245
TEL ,2019-06-16 06:45:07,245
TEL ,2019-06-16 07:45:09,245
TEL ,2019-06-16 08:45:04,245
TEL ,2019-06-16 09:45:02,245
TEL ,2019-06-16 10:45:01,245
TEL ,2019-06-16 11:45:02,245
TEL ,2019-06-16 12:45:04,245
TEL ,2019-06-16 13:45:01,245
TEL ,2019-06-16 14:45:04,245
TEL ,2019-06-16 15:45:05,245
TEL ,2019-06-16 16:45:07,245
TEL ,2019-06-16 17:45:07,245
TEL ,2019-06-16 18:45:07,245
TEL ,2019-06-16 19:45:03,245
TEL ,2019-06-16 20:45:03,245
TEL ,2019-06-16 21:45:07,245
TEL ,2019-06-16 22:45:03,245
TEL ,2019-06-16 23:45:07,245
TEL ,2019-06-17 00:45:03,245
TEL ,2019-06-17 01:45:04,245
TEL ,2019-06-17 02:45:08,245
TEL ,2019-06-17 03:45:09,245
TEL ,2019-06-17 04:45:07,245
TEL ,2019-06-17 05:45:05,245
TEL ,2019-06-17 06:45:03,245
TEL ,2019-06-17 07:45:02,245
TEL ,2019-06-17 08:45:05,245
TEL ,2019-06-17 09:45:03,245
TEL ,2019-06-17 10:45:06,245
TEL ,2019-06-17 11:45:05,245
TEL ,2019-06-17 13:09:37,245
TEL ,2019-06-17 13:45:03,245
TEL ,2019-06-17 14:45:05,246
TEL ,2019-06-17 15:45:05,246
TEL ,2019-06-17 16:45:16,246
TEL ,2019-06-17 17:45:08,246
TEL ,2019-06-17 18:45:10,246
TEL ,2019-06-17 19:45:05,246
TEL ,2019-06-17 20:45:07,246
TEL ,2019-06-17 21:45:03,246
TEL ,2019-06-17 22:45:05,245
TEL ,2019-06-17 23:45:02,245
TEL ,2019-06-18 00:45:03,245
TEL ,2019-06-18 01:45:02,245
TEL ,2019-06-18 02:45:16,245
TEL ,2019-06-18 03:45:06,245
TEL ,2019-06-18 04:45:05,245
TEL ,2019-06-18 05:45:06,245
TEL ,2019-06-18 06:45:04,245
TEL ,2019-06-18 07:45:05,245
TEL ,2019-06-18 08:45:15,245
TEL ,2019-06-18 09:45:02,245
TEL ,2019-06-18 10:45:02,245
TEL ,2019-06-18 11:45:03,245
TEL ,2019-06-18 13:07:37,245
TEL ,2019-06-18 13:45:04,245
TEL ,2019-06-18 14:45:04,245
TEL ,2019-06-18 15:45:03,245
TEL ,2019-06-18 16:45:04,243
TEL ,2019-06-18 17:45:02,243
TEL ,2019-06-18 18:45:08,243
TEL ,2019-06-18 19:45:08,243
TEL ,2019-06-18 20:45:03,243
TEL ,2019-06-18 21:45:02,243
TEL ,2019-06-18 22:45:03,243
TEL ,2019-06-18 23:45:05,243
TEL ,2019-06-19 00:45:03,243
TEL ,2019-06-19 01:45:07,243
TEL ,2019-06-19 02:45:07,243
TEL ,2019-06-19 03:45:06,243
TEL ,2019-06-19 04:45:03,243
TEL ,2019-06-19 05:45:22,243
TEL ,2019-06-19 06:45:21,243
TEL ,2019-06-19 07:45:08,243
TEL ,2019-06-19 08:45:10,243
TEL ,2019-06-19 09:45:03,243
TEL ,2019-06-19 10:45:08,243
TEL ,2019-06-19 11:45:06,243
TEL ,2019-06-19 13:07:40,243
TEL ,2019-06-19 13:45:05,243
TEL ,2019-06-19 14:45:06,243
TEL ,2019-06-19 15:45:04,243
TEL ,2019-06-19 16:45:17,243
TEL ,2019-06-19 17:45:06,243
TEL ,2019-06-19 18:45:04,243
TEL ,2019-06-19 19:45:07,243
TEL ,2019-06-19 20:45:05,243
TEL ,2019-06-19 21:45:05,243
TEL ,2019-06-19 22:45:04,243
TEL ,2019-06-19 23:45:04,243
TEL ,2019-06-20 00:45:05,243
TEL ,2019-06-20 01:45:02,243
TEL ,2019-06-20 02:45:02,243
TEL ,2019-06-20 03:45:03,243
TEL ,2019-06-20 04:45:05,243
TEL ,2019-06-20 05:45:02,243
TEL ,2019-06-20 06:45:03,243
TEL ,2019-06-20 07:45:03,243
TEL ,2019-06-20 08:45:04,243
TEL ,2019-06-20 09:45:07,243
TEL ,2019-06-20 10:45:04,243
TEL ,2019-06-20 11:45:02,243
TEL ,2019-06-20 13:09:18,243
TEL ,2019-06-20 13:45:07,243
TEL ,2019-06-20 14:45:04,242
TEL ,2019-06-20 15:45:05,243
TEL ,2019-06-20 16:45:06,243
TEL ,2019-06-20 17:45:06,243
TEL ,2019-06-20 18:45:03,243
TEL ,2019-06-20 19:45:04,243
TEL ,2019-06-20 20:45:20,243
TEL ,2019-06-20 21:45:05,243
TEL ,2019-06-20 22:45:03,243
TEL ,2019-06-20 23:45:05,243
TEL ,2019-06-21 00:45:04,243
TEL ,2019-06-21 01:45:06,243
TEL ,2019-06-21 02:45:05,243
TEL ,2019-06-21 03:45:04,243
TEL ,2019-06-21 04:45:06,243
TEL ,2019-06-21 05:45:06,243
TEL ,2019-06-21 06:45:06,243
TEL ,2019-06-21 07:45:07,243
TEL ,2019-06-21 08:45:04,243
TEL ,2019-06-21 09:45:04,243
TEL ,2019-06-21 10:45:03,243
TEL ,2019-06-21 11:45:02,243
TEL ,2019-06-21 12:45:04,243
TEL ,2019-06-21 13:45:06,243
TEL ,2019-06-21 14:45:04,243
TEL ,2019-06-21 15:45:04,243
TEL ,2019-06-21 16:45:05,245
TEL ,2019-06-21 17:45:04,245
TEL ,2019-06-21 18:45:05,245
TEL ,2019-06-21 19:45:03,245
TEL ,2019-06-21 20:45:03,246
TEL ,2019-06-21 21:45:04,246
TEL ,2019-06-21 22:45:04,246
TEL ,2019-06-21 23:45:33,246
TEL ,2019-06-22 00:45:04,246
TEL ,2019-06-22 01:45:09,246
TEL ,2019-06-22 02:45:07,246
TEL ,2019-06-22 03:45:03,246
TEL ,2019-06-22 04:45:04,246
TEL ,2019-06-22 05:45:06,246
TEL ,2019-06-22 06:45:07,246
TEL ,2019-06-22 07:45:05,246
TEL ,2019-06-22 08:45:05,246
TEL ,2019-06-22 09:45:07,246
TEL ,2019-06-22 10:45:09,246
TEL ,2019-06-22 11:45:03,246
TEL ,2019-06-22 12:45:11,246
TEL ,2019-06-22 13:45:04,246
TEL ,2019-06-22 14:45:09,246
TEL ,2019-06-22 15:45:23,246
TEL ,2019-06-22 16:45:14,246
TEL ,2019-06-22 17:45:05,246
TEL ,2019-06-22 18:45:10,246
TEL ,2019-06-22 19:45:07,246
TEL ,2019-06-22 20:45:06,246
TEL ,2019-06-22 21:45:05,246
TEL ,2019-06-22 22:45:11,246
TEL ,2019-06-22 23:45:06,246
TEL ,2019-06-23 00:45:17,246
TEL ,2019-06-23 01:45:10,246
TEL ,2019-06-23 02:45:10,246
TEL ,2019-06-23 03:45:07,246
TEL ,2019-06-23 04:45:04,246
TEL ,2019-06-23 05:45:10,246
TEL ,2019-06-23 06:45:04,246
TEL ,2019-06-23 07:45:03,246
TEL ,2019-06-23 08:45:05,246
TEL ,2019-06-23 09:45:06,246
TEL ,2019-06-23 10:45:04,246
TEL ,2019-06-23 11:45:05,246
TEL ,2019-06-23 12:45:03,246
TEL ,2019-06-23 13:45:04,246
TEL ,2019-06-23 14:45:03,246
TEL ,2019-06-23 15:45:04,246
TEL ,2019-06-23 16:45:06,246
TEL ,2019-06-23 17:45:07,246
TEL ,2019-06-23 18:45:01,246
TEL ,2019-06-23 19:45:01,246
TEL ,2019-06-23 20:45:06,246
TEL ,2019-06-23 21:45:03,246
TEL ,2019-06-23 22:45:03,246
TEL ,2019-06-23 23:45:03,246
TEL ,2019-06-24 00:45:06,246
TEL ,2019-06-24 01:45:03,246
TEL ,2019-06-24 02:45:05,246
TEL ,2019-06-24 03:45:09,246
TEL ,2019-06-24 04:45:08,246
TEL ,2019-06-24 05:45:07,246
TEL ,2019-06-24 06:45:10,246
TEL ,2019-06-24 07:45:04,246
TEL ,2019-06-24 08:45:05,246
TEL ,2019-06-24 09:45:09,246
TEL ,2019-06-24 10:45:02,246
TEL ,2019-06-24 11:45:10,246
TEL ,2019-06-24 12:45:09,246
TEL ,2019-06-24 13:45:04,246
TEL ,2019-06-24 14:45:07,246
TEL ,2019-06-24 15:45:06,244
TEL ,2019-06-24 16:45:11,244
TEL ,2019-06-24 17:45:10,244
TEL ,2019-06-24 18:45:10,244
TEL ,2019-06-24 19:45:09,243
TEL ,2019-06-24 20:45:08,243
TEL ,2019-06-24 21:45:08,243
TEL ,2019-06-24 22:45:05,243
TEL ,2019-06-24 23:45:06,243
TEL ,2019-06-25 00:45:05,243
TEL ,2019-06-25 01:45:08,243
TEL ,2019-06-25 02:45:07,243
TEL ,2019-06-25 03:45:07,243
TEL ,2019-06-25 04:45:05,243
TEL ,2019-06-25 05:45:06,243
TEL ,2019-06-25 06:45:10,243
TEL ,2019-06-25 07:45:07,243
TEL ,2019-06-25 08:45:05,243
TEL ,2019-06-25 09:45:08,243
TEL ,2019-06-25 10:45:05,243
TEL ,2019-06-25 11:45:02,243
TEL ,2019-06-25 13:08:37,243
TEL ,2019-06-25 13:45:04,243
TEL ,2019-06-25 14:45:07,243
TEL ,2019-06-25 15:45:05,243
TEL ,2019-06-25 16:45:06,243
TEL ,2019-06-25 17:45:08,243
TEL ,2019-06-25 18:45:07,243
TEL ,2019-06-25 19:45:03,243
TEL ,2019-06-25 20:45:05,243
TEL ,2019-06-25 21:45:02,243
TEL ,2019-06-25 22:45:01,243
TEL ,2019-06-25 23:45:08,243
TEL ,2019-06-26 00:45:07,243
TEL ,2019-06-26 01:45:04,243
TEL ,2019-06-26 02:45:05,243
TEL ,2019-06-26 03:45:20,243
TEL ,2019-06-26 04:45:08,243
TEL ,2019-06-26 05:45:05,243
TEL ,2019-06-26 06:45:05,243
TEL ,2019-06-26 07:45:07,243
TEL ,2019-06-26 08:45:03,243
TEL ,2019-06-26 09:45:01,243
TEL ,2019-06-26 10:45:03,243
TEL ,2019-06-26 11:45:03,243
TEL ,2019-06-26 13:07:35,243
TEL ,2019-06-26 13:45:06,243
TEL ,2019-06-26 14:45:05,243
TEL ,2019-06-26 15:45:03,244
TEL ,2019-06-26 16:45:07,244
TEL ,2019-06-26 17:45:03,244
TEL ,2019-06-26 18:45:04,243
TEL ,2019-06-26 19:45:04,243
TEL ,2019-06-26 20:45:03,243
TEL ,2019-06-26 21:45:03,243
TEL ,2019-06-26 22:45:06,243
TEL ,2019-06-26 23:45:03,243
TEL ,2019-06-27 00:45:07,243
TEL ,2019-06-27 01:45:04,243
TEL ,2019-06-27 02:45:07,243
TEL ,2019-06-27 03:45:01,243
TEL ,2019-06-27 04:45:07,243
TEL ,2019-06-27 05:45:04,243
TEL ,2019-06-27 06:45:06,243
TEL ,2019-06-27 07:45:01,243
TEL ,2019-06-27 08:45:02,243
TEL ,2019-06-27 09:45:03,243
TEL ,2019-06-27 10:45:04,243
TEL ,2019-06-27 11:45:01,243
TEL ,2019-06-27 13:07:38,243
TEL ,2019-06-27 13:45:01,243
TEL ,2019-06-27 14:45:02,246
TEL ,2019-06-27 15:45:05,245
TEL ,2019-06-27 16:45:03,242
TEL ,2019-06-27 17:45:01,242
TEL ,2019-06-27 18:45:02,242
TEL ,2019-06-27 19:45:00,242
TEL ,2019-06-27 20:45:06,241
TEL ,2019-06-27 21:45:06,241
TEL ,2019-06-27 22:45:00,241
TEL ,2019-06-27 23:45:24,241
TEL ,2019-06-28 00:45:04,241
TEL ,2019-06-28 01:45:02,241
TEL ,2019-06-28 02:45:02,241
TEL ,2019-06-28 03:45:05,241
TEL ,2019-06-28 04:45:06,241
TEL ,2019-06-28 05:45:03,241
TEL ,2019-06-28 06:45:03,241
TEL ,2019-06-28 07:45:02,241
TEL ,2019-06-28 08:45:01,241
TEL ,2019-06-28 09:45:02,241
TEL ,2019-06-28 10:44:59,241
TEL ,2019-06-28 11:45:02,241
TEL ,2019-06-28 13:08:42,241
TEL ,2019-06-28 13:45:01,241
TEL ,2019-06-28 14:45:01,241
TEL ,2019-06-28 15:45:04,240
TEL ,2019-06-28 16:45:03,241
TEL ,2019-06-28 17:45:02,241
TEL ,2019-06-28 18:45:01,241
TEL ,2019-06-28 19:45:03,241
TEL ,2019-06-28 20:45:03,241
TEL ,2019-06-28 21:45:03,241
TEL ,2019-06-28 22:45:03,241
TEL ,2019-06-28 23:45:01,241
TEL ,2019-06-29 00:45:05,241
TEL ,2019-06-29 01:45:09,241
TEL ,2019-06-29 02:45:04,241
TEL ,2019-06-29 03:45:02,241
TEL ,2019-06-29 04:45:02,241
TEL ,2019-06-29 05:45:03,241
TEL ,2019-06-29 06:45:03,241
TEL ,2019-06-29 07:45:03,241
TEL ,2019-06-29 08:45:03,241
TEL ,2019-06-29 09:45:04,241
TEL ,2019-06-29 10:45:03,241
TEL ,2019-06-29 11:45:07,241
TEL ,2019-06-29 12:45:06,241
TEL ,2019-06-29 13:45:04,241
TEL ,2019-06-29 14:45:04,241
TEL ,2019-06-29 15:45:05,241
TEL ,2019-06-29 16:45:09,241
TEL ,2019-06-29 17:45:03,241
TEL ,2019-06-29 18:45:05,241
TEL ,2019-06-29 19:45:06,241
TEL ,2019-06-29 20:45:04,241
TEL ,2019-06-29 21:45:08,241
TEL ,2019-06-29 22:45:02,241
TEL ,2019-06-29 23:45:07,241
TEL ,2019-06-30 00:45:05,241
TEL ,2019-06-30 01:45:09,241
TEL ,2019-06-30 02:45:06,241
TEL ,2019-06-30 03:45:05,241
TEL ,2019-06-30 04:45:07,241
TEL ,2019-06-30 05:45:05,241
TEL ,2019-06-30 06:45:05,241
TEL ,2019-06-30 07:45:06,241
TEL ,2019-06-30 08:45:06,241
TEL ,2019-06-30 09:45:04,241
TEL ,2019-06-30 10:45:05,241
TEL ,2019-06-30 11:45:05,241
TEL ,2019-06-30 12:45:03,241
TEL ,2019-06-30 13:45:06,241
TEL ,2019-06-30 14:45:03,241
TEL ,2019-06-30 15:45:04,241
TEL ,2019-06-30 16:45:05,241
TEL ,2019-06-30 17:45:04,241
TEL ,2019-06-30 18:45:04,241
TEL ,2019-06-30 19:45:05,241
TEL ,2019-06-30 20:45:05,241
TEL ,2019-06-30 21:45:04,241
TEL ,2019-06-30 22:45:03,241
TEL ,2019-06-30 23:45:05,241
TEL ,2019-07-01 00:45:07,241
TEL ,2019-07-01 01:45:05,241
TEL ,2019-07-01 02:45:07,241
TEL ,2019-07-01 03:45:06,241
TEL ,2019-07-01 04:45:04,241
TEL ,2019-07-01 05:45:09,241
TEL ,2019-07-01 06:45:04,241
TEL ,2019-07-01 07:45:12,241
TEL ,2019-07-01 08:45:18,241
TEL ,2019-07-01 09:45:05,241
TEL ,2019-07-01 10:45:03,241
TEL ,2019-07-01 11:45:07,241
TEL ,2019-07-01 13:08:37,241
TEL ,2019-07-01 13:45:09,241
TEL ,2019-07-01 14:45:28,241
TEL ,2019-07-01 15:45:08,239
TEL ,2019-07-01 16:45:07,237
TEL ,2019-07-01 17:45:06,237
TEL ,2019-07-01 18:45:06,237
TEL ,2019-07-01 19:45:08,237
TEL ,2019-07-01 20:45:07,237
TEL ,2019-07-01 21:45:05,237
TEL ,2019-07-01 22:45:07,237
TEL ,2019-07-01 23:45:06,237
TEL ,2019-07-02 00:45:09,237
TEL ,2019-07-02 01:45:05,237
TEL ,2019-07-02 03:45:20,237
TEL ,2019-07-02 04:45:07,237
TEL ,2019-07-02 05:45:23,237
TEL ,2019-07-02 06:45:07,237
TEL ,2019-07-02 07:45:08,237
TEL ,2019-07-02 08:45:06,237
TEL ,2019-07-02 09:45:03,237
TEL ,2019-07-02 10:45:05,237
TEL ,2019-07-02 11:45:06,237
TEL ,2019-07-02 12:45:09,237
TEL ,2019-07-02 13:45:06,237
TEL ,2019-07-02 14:45:07,237
TEL ,2019-07-02 15:45:05,238
TEL ,2019-07-02 16:45:05,238
TEL ,2019-07-02 17:45:05,238
TEL ,2019-07-02 18:45:06,238
TEL ,2019-07-02 19:45:07,238
TEL ,2019-07-02 20:45:04,238
TEL ,2019-07-02 21:45:06,238
TEL ,2019-07-02 22:45:13,238
TEL ,2019-07-03 00:45:06,238
TEL ,2019-07-03 01:45:04,238
TEL ,2019-07-03 02:45:09,238
TEL ,2019-07-03 03:45:09,238
TEL ,2019-07-03 04:45:08,238
TEL ,2019-07-03 05:45:08,238
TEL ,2019-07-03 06:45:07,238
TEL ,2019-07-03 07:45:06,238
TEL ,2019-07-03 08:45:21,238
TEL ,2019-07-03 09:45:06,238
TEL ,2019-07-03 10:45:11,238
TEL ,2019-07-03 11:45:05,238
TEL ,2019-07-03 13:09:41,238
TEL ,2019-07-03 13:45:06,238
TEL ,2019-07-03 14:45:15,236
TEL ,2019-07-03 15:45:07,237
TEL ,2019-07-03 16:45:26,237
TEL ,2019-07-03 17:45:07,237
TEL ,2019-07-03 18:45:08,237
TEL ,2019-07-03 19:45:05,237
TEL ,2019-07-03 20:45:03,237
TEL ,2019-07-03 21:45:07,237
TEL ,2019-07-03 22:45:05,237
TEL ,2019-07-03 23:45:07,237
TEL ,2019-07-04 00:45:09,237
TEL ,2019-07-04 01:45:05,237
TEL ,2019-07-04 02:45:11,237
TEL ,2019-07-04 03:45:05,237
TEL ,2019-07-04 04:45:05,237
TEL ,2019-07-04 05:45:09,237
TEL ,2019-07-04 06:45:07,237
TEL ,2019-07-04 07:45:04,237
TEL ,2019-07-04 08:45:05,237
TEL ,2019-07-04 09:45:04,237
TEL ,2019-07-04 10:45:07,237
TEL ,2019-07-04 11:45:06,237
TEL ,2019-07-04 12:45:10,237
TEL ,2019-07-04 13:45:11,237
TEL ,2019-07-04 14:45:07,237
TEL ,2019-07-04 15:45:05,237
TEL ,2019-07-04 16:45:06,237
TEL ,2019-07-04 17:45:04,237
TEL ,2019-07-04 18:45:05,237
TEL ,2019-07-04 19:45:05,237
TEL ,2019-07-04 20:45:07,237
TEL ,2019-07-04 21:45:07,237
TEL ,2019-07-04 22:45:11,237
TEL ,2019-07-04 23:45:05,237
TEL ,2019-07-05 00:45:07,237
TEL ,2019-07-05 01:45:04,237
TEL ,2019-07-05 02:45:05,237
TEL ,2019-07-05 03:45:05,237
TEL ,2019-07-05 04:45:04,237
TEL ,2019-07-05 05:45:11,237
TEL ,2019-07-05 06:45:09,237
TEL ,2019-07-05 07:45:06,237
TEL ,2019-07-05 08:45:04,237
TEL ,2019-07-05 09:45:05,237
TEL ,2019-07-05 10:45:19,237
TEL ,2019-07-05 11:45:15,237
TEL ,2019-07-05 12:45:05,237
TEL ,2019-07-05 13:45:15,237
TEL ,2019-07-05 14:45:08,236
TEL ,2019-07-05 15:45:05,236
TEL ,2019-07-05 16:45:17,236
TEL ,2019-07-05 17:45:07,237
TEL ,2019-07-05 18:45:06,237
TEL ,2019-07-05 19:45:06,237
TEL ,2019-07-05 20:45:07,237
TEL ,2019-07-05 21:45:08,237
TEL ,2019-07-05 22:45:09,237
TEL ,2019-07-05 23:45:07,237
TEL ,2019-07-06 00:45:11,237
TEL ,2019-07-06 01:45:11,237
TEL ,2019-07-06 02:45:15,237
TEL ,2019-07-06 03:45:06,237
TEL ,2019-07-06 04:45:05,237
TEL ,2019-07-06 05:45:07,237
TEL ,2019-07-06 06:45:08,237
TEL ,2019-07-06 07:45:03,237
TEL ,2019-07-06 08:45:05,237
TEL ,2019-07-06 09:45:06,237
TEL ,2019-07-06 10:45:06,237
TEL ,2019-07-06 11:45:26,237
TEL ,2019-07-06 12:45:11,237
TEL ,2019-07-06 13:45:07,237
TEL ,2019-07-06 14:45:05,237
TEL ,2019-07-06 15:45:05,237
TEL ,2019-07-06 16:45:09,237
TEL ,2019-07-06 17:45:06,237
TEL ,2019-07-06 18:45:06,237
TEL ,2019-07-06 19:45:10,237
TEL ,2019-07-06 20:45:03,237
TEL ,2019-07-06 21:45:06,237
TEL ,2019-07-06 22:45:05,237
TEL ,2019-07-06 23:45:06,237
TEL ,2019-07-07 00:45:04,237
TEL ,2019-07-07 01:45:05,237
TEL ,2019-07-07 02:45:08,237
TEL ,2019-07-07 03:45:04,237
TEL ,2019-07-07 04:45:05,237
TEL ,2019-07-07 05:45:10,237
TEL ,2019-07-07 06:45:05,237
TEL ,2019-07-07 07:45:06,237
TEL ,2019-07-07 08:45:06,237
TEL ,2019-07-07 09:45:05,237
TEL ,2019-07-07 10:45:06,237
TEL ,2019-07-07 11:45:02,237
TEL ,2019-07-07 12:45:01,237
TEL ,2019-07-07 13:45:02,237
TEL ,2019-07-07 14:45:04,237
TEL ,2019-07-07 15:45:07,237
TEL ,2019-07-07 16:45:07,237
TEL ,2019-07-07 17:45:05,237
TEL ,2019-07-07 18:45:06,237
TEL ,2019-07-07 19:45:02,237
TEL ,2019-07-07 20:45:04,237
TEL ,2019-07-07 21:45:05,237
TEL ,2019-07-07 22:45:06,237
TEL ,2019-07-07 23:45:04,237
TEL ,2019-07-08 00:45:04,237
TEL ,2019-07-08 01:45:07,237
TEL ,2019-07-08 02:45:04,237
TEL ,2019-07-08 03:45:10,237
TEL ,2019-07-08 04:45:03,237
TEL ,2019-07-08 05:45:00,237
TEL ,2019-07-08 06:45:10,237
TEL ,2019-07-08 07:45:12,237
TEL ,2019-07-08 08:45:09,237
TEL ,2019-07-08 09:45:13,237
TEL ,2019-07-08 10:45:13,237
TEL ,2019-07-08 11:45:23,237
TEL ,2019-07-08 12:45:05,236
TEL ,2019-07-08 13:45:03,236
TEL ,2019-07-08 14:45:05,235
TEL ,2019-07-08 15:45:04,234
TEL ,2019-07-08 16:45:05,234
TEL ,2019-07-08 17:45:03,234
TEL ,2019-07-08 18:45:06,234
TEL ,2019-07-08 19:45:03,234
TEL ,2019-07-08 20:45:03,235
TEL ,2019-07-08 21:45:04,235
TEL ,2019-07-08 22:45:04,235
TEL ,2019-07-08 23:45:02,235
TEL ,2019-07-09 00:45:03,235
TEL ,2019-07-09 01:45:02,235
TEL ,2019-07-09 02:45:12,235
TEL ,2019-07-09 03:45:07,235
TEL ,2019-07-09 04:45:06,235
TEL ,2019-07-09 05:45:13,235
TEL ,2019-07-09 06:45:08,235
TEL ,2019-07-09 07:45:09,235
TEL ,2019-07-09 08:45:05,235
TEL ,2019-07-09 09:45:04,235
TEL ,2019-07-09 10:45:01,235
TEL ,2019-07-09 11:45:05,235
TEL ,2019-07-09 13:08:07,235
TEL ,2019-07-09 13:45:01,235
TEL ,2019-07-09 14:45:04,235
TEL ,2019-07-09 15:45:04,235
TEL ,2019-07-09 16:45:02,234
TEL ,2019-07-09 17:45:06,234
TEL ,2019-07-09 18:45:03,234
TEL ,2019-07-09 19:45:04,234
TEL ,2019-07-09 20:45:04,234
TEL ,2019-07-09 21:45:03,234
TEL ,2019-07-09 22:45:01,234
TEL ,2019-07-09 23:45:03,234
TEL ,2019-07-10 00:45:03,234
TEL ,2019-07-10 01:45:04,234
TEL ,2019-07-10 02:45:03,234
TEL ,2019-07-10 03:45:02,234
TEL ,2019-07-10 04:45:02,234
TEL ,2019-07-10 05:45:07,234
TEL ,2019-07-10 06:45:05,234
TEL ,2019-07-10 07:45:00,234
TEL ,2019-07-10 08:45:02,234
TEL ,2019-07-10 09:45:00,234
TEL ,2019-07-10 10:45:01,234
TEL ,2019-07-10 11:45:04,234
TEL ,2019-07-10 12:45:06,234
TEL ,2019-07-10 13:45:04,234
TEL ,2019-07-10 14:45:03,234
TEL ,2019-07-10 15:45:06,234
TEL ,2019-07-10 16:45:18,234
TEL ,2019-07-10 17:45:03,234
TEL ,2019-07-10 18:45:02,234
TEL ,2019-07-10 19:45:03,234
TEL ,2019-07-10 20:45:03,234
TEL ,2019-07-10 21:45:02,234
TEL ,2019-07-10 22:45:09,234
TEL ,2019-07-10 23:45:03,234
TEL ,2019-07-11 00:45:02,234
TEL ,2019-07-11 01:45:05,234
TEL ,2019-07-11 02:45:11,234
TEL ,2019-07-11 03:45:06,234
TEL ,2019-07-11 04:45:10,234
TEL ,2019-07-11 05:45:07,234
TEL ,2019-07-11 06:45:05,234
TEL ,2019-07-11 07:45:04,234
TEL ,2019-07-11 08:45:11,234
TEL ,2019-07-11 09:45:04,234
TEL ,2019-07-11 10:45:06,234
TEL ,2019-07-11 11:45:02,234
TEL ,2019-07-11 12:45:02,234
TEL ,2019-07-11 13:45:03,234
TEL ,2019-07-11 14:45:03,234
TEL ,2019-07-11 15:45:03,234
TEL ,2019-07-11 16:45:03,234
TEL ,2019-07-11 17:45:03,233
TEL ,2019-07-11 18:45:04,233
TEL ,2019-07-11 19:45:03,233
TEL ,2019-07-11 20:45:02,233
TEL ,2019-07-11 21:45:08,233
TEL ,2019-07-11 22:45:05,233
TEL ,2019-07-11 23:45:03,233
TEL ,2019-07-12 00:45:02,233
TEL ,2019-07-12 01:45:04,233
TEL ,2019-07-12 02:45:02,233
TEL ,2019-07-12 03:45:02,233
TEL ,2019-07-12 04:45:01,233
TEL ,2019-07-12 05:45:08,233
TEL ,2019-07-12 06:45:10,233
TEL ,2019-07-12 07:45:03,233
TEL ,2019-07-12 08:45:03,233
TEL ,2019-07-12 09:45:14,233
TEL ,2019-07-12 10:45:05,233
TEL ,2019-07-12 11:45:04,233
TEL ,2019-07-12 13:08:37,233
TEL ,2019-07-12 13:45:05,233
TEL ,2019-07-12 14:45:05,232
TEL ,2019-07-12 15:45:25,232
TEL ,2019-07-12 16:45:08,233
TEL ,2019-07-12 17:45:09,233
TEL ,2019-07-12 18:45:04,232
TEL ,2019-07-12 19:45:01,232
TEL ,2019-07-12 20:45:01,231
TEL ,2019-07-12 21:45:03,231
TEL ,2019-07-12 22:45:10,231
TEL ,2019-07-12 23:45:02,231
TEL ,2019-07-13 00:45:03,231
TEL ,2019-07-13 01:45:05,231
TEL ,2019-07-13 02:45:08,231
TEL ,2019-07-13 03:45:01,231
TEL ,2019-07-13 04:45:03,231
TEL ,2019-07-13 05:45:03,231
TEL ,2019-07-13 06:45:03,231
TEL ,2019-07-13 07:45:04,231
TEL ,2019-07-13 08:45:01,231
TEL ,2019-07-13 09:45:02,231
TEL ,2019-07-13 10:45:03,231
TEL ,2019-07-13 11:45:06,231
TEL ,2019-07-13 12:45:07,231
TEL ,2019-07-13 13:45:03,231
TEL ,2019-07-13 14:45:02,231
TEL ,2019-07-13 15:45:05,231
TEL ,2019-07-13 16:45:34,231
TEL ,2019-07-13 17:45:07,231
TEL ,2019-07-13 18:45:09,231
TEL ,2019-07-13 19:45:07,231
TEL ,2019-07-13 20:45:08,231
TEL ,2019-07-13 21:45:07,231
TEL ,2019-07-13 22:45:03,231
TEL ,2019-07-13 23:45:03,231
TEL ,2019-07-14 00:45:03,231
TEL ,2019-07-14 01:45:12,231
TEL ,2019-07-14 02:45:04,231
TEL ,2019-07-14 03:45:06,231
TEL ,2019-07-14 04:45:04,231
TEL ,2019-07-14 05:45:07,231
TEL ,2019-07-14 06:45:06,231
TEL ,2019-07-14 07:45:02,231
TEL ,2019-07-14 08:45:03,231
TEL ,2019-07-14 09:44:59,231
TEL ,2019-07-14 10:45:03,231
TEL ,2019-07-14 11:45:06,231
TEL ,2019-07-14 12:45:03,231
TEL ,2019-07-14 13:45:05,231
TEL ,2019-07-14 14:45:03,231
TEL ,2019-07-14 15:45:05,231
TEL ,2019-07-14 16:45:07,231
TEL ,2019-07-14 17:45:04,231
TEL ,2019-07-14 18:45:03,231
TEL ,2019-07-14 19:45:02,231
TEL ,2019-07-14 20:45:11,231
TEL ,2019-07-14 21:45:02,231
TEL ,2019-07-14 22:45:02,231
TEL ,2019-07-14 23:45:02,231
TEL ,2019-07-15 00:45:04,231
TEL ,2019-07-15 01:45:02,231
TEL ,2019-07-15 02:45:03,231
TEL ,2019-07-15 03:45:01,231
TEL ,2019-07-15 04:45:01,231
TEL ,2019-07-15 05:45:10,231
TEL ,2019-07-15 06:45:15,231
TEL ,2019-07-15 07:45:03,231
TEL ,2019-07-15 08:45:01,231
TEL ,2019-07-15 09:45:02,231
TEL ,2019-07-15 10:45:04,231
TEL ,2019-07-15 11:45:01,231
TEL ,2019-07-15 13:09:09,231
TEL ,2019-07-15 13:45:06,231
TEL ,2019-07-15 14:45:04,233
TEL ,2019-07-15 15:45:01,235
TEL ,2019-07-15 16:45:18,235
TEL ,2019-07-15 17:45:03,235
TEL ,2019-07-15 18:45:02,236
TEL ,2019-07-15 19:45:03,236
TEL ,2019-07-15 20:45:05,236
TEL ,2019-07-15 21:45:02,236
TEL ,2019-07-15 22:45:08,236
TEL ,2019-07-15 23:45:03,236
TEL ,2019-07-16 00:45:02,236
TEL ,2019-07-16 01:45:03,236
TEL ,2019-07-16 02:45:09,236
TEL ,2019-07-16 03:45:03,236
TEL ,2019-07-16 04:45:02,236
TEL ,2019-07-16 05:45:11,236
TEL ,2019-07-16 06:45:17,236
TEL ,2019-07-16 07:45:02,236
TEL ,2019-07-16 08:45:03,236
TEL ,2019-07-16 09:45:03,236
TEL ,2019-07-16 10:45:05,236
TEL ,2019-07-16 11:45:01,236
TEL ,2019-07-16 13:09:07,236
TEL ,2019-07-16 13:45:06,236
TEL ,2019-07-16 14:45:03,237
TEL ,2019-07-16 15:45:13,240
TEL ,2019-07-16 16:45:06,242
TEL ,2019-07-16 17:45:07,242
TEL ,2019-07-16 18:45:05,243
TEL ,2019-07-16 19:45:03,244
TEL ,2019-07-16 20:45:35,257
TEL ,2019-07-16 21:45:05,258
TEL ,2019-07-16 22:45:05,258
TEL ,2019-07-16 23:45:04,258
TEL ,2019-07-17 00:45:04,258
TEL ,2019-07-17 01:45:04,258
TEL ,2019-07-17 02:45:06,258
TEL ,2019-07-17 03:45:06,258
TEL ,2019-07-17 04:45:06,258
TEL ,2019-07-17 05:45:19,258
TEL ,2019-07-17 06:45:09,258
TEL ,2019-07-17 07:45:09,258
TEL ,2019-07-17 08:45:06,258
TEL ,2019-07-17 09:45:06,258
TEL ,2019-07-17 10:45:06,258
TEL ,2019-07-17 11:45:03,258
TEL ,2019-07-17 13:08:39,259
TEL ,2019-07-17 13:45:05,259
TEL ,2019-07-17 14:45:07,273
TEL ,2019-07-17 15:45:14,276
TEL ,2019-07-17 16:45:12,278
TEL ,2019-07-17 17:45:03,281
TEL ,2019-07-17 18:45:05,281
TEL ,2019-07-17 19:45:03,281
TEL ,2019-07-17 20:45:04,281
TEL ,2019-07-17 21:45:04,282
TEL ,2019-07-17 22:45:06,282
TEL ,2019-07-17 23:45:04,282
TEL ,2019-07-18 00:45:03,282
TEL ,2019-07-18 01:45:13,282
TEL ,2019-07-18 02:45:06,282
TEL ,2019-07-18 03:45:05,282
TEL ,2019-07-18 04:45:03,282
TEL ,2019-07-18 05:45:09,282
TEL ,2019-07-18 06:45:07,282
TEL ,2019-07-18 07:45:02,282
TEL ,2019-07-18 08:45:09,282
TEL ,2019-07-18 09:45:03,282
TEL ,2019-07-18 10:45:05,282
TEL ,2019-07-18 11:45:02,282
TEL ,2019-07-18 13:09:12,282
TEL ,2019-07-18 13:45:03,282
TEL ,2019-07-18 14:45:04,278
TEL ,2019-07-18 15:45:03,282
TEL ,2019-07-18 16:45:15,283
TEL ,2019-07-18 17:45:05,283
TEL ,2019-07-18 18:45:05,282
TEL ,2019-07-18 19:45:07,282
TEL ,2019-07-18 20:45:05,282
TEL ,2019-07-18 21:45:04,282
TEL ,2019-07-18 22:45:05,282
TEL ,2019-07-18 23:45:10,282
TEL ,2019-07-19 00:45:06,282
TEL ,2019-07-19 01:45:06,282
TEL ,2019-07-19 02:45:08,282
TEL ,2019-07-19 03:45:05,282
TEL ,2019-07-19 04:45:08,282
TEL ,2019-07-19 05:45:21,282
TEL ,2019-07-19 06:45:07,282
TEL ,2019-07-19 07:45:11,282
TEL ,2019-07-19 08:45:04,282
TEL ,2019-07-19 09:45:04,282
TEL ,2019-07-19 10:45:04,282
TEL ,2019-07-19 11:45:04,282
TEL ,2019-07-19 13:08:37,282
TEL ,2019-07-19 13:45:04,282
TEL ,2019-07-19 14:45:03,283
TEL ,2019-07-19 15:45:04,283
TEL ,2019-07-19 16:45:04,285
TEL ,2019-07-19 17:45:07,286
TEL ,2019-07-19 18:45:05,286
TEL ,2019-07-19 19:45:04,287
TEL ,2019-07-19 20:45:04,287
TEL ,2019-07-19 21:45:02,287
TEL ,2019-07-19 22:45:05,287
TEL ,2019-07-19 23:45:03,287
TEL ,2019-07-20 00:45:04,287
TEL ,2019-07-20 01:45:13,287
TEL ,2019-07-20 02:45:14,287
TEL ,2019-07-20 03:45:06,287
TEL ,2019-07-20 04:45:13,287
TEL ,2019-07-20 05:45:09,287
TEL ,2019-07-20 06:45:03,287
TEL ,2019-07-20 07:45:02,287
TEL ,2019-07-20 08:45:04,287
TEL ,2019-07-20 09:45:01,287
TEL ,2019-07-20 10:45:01,287
TEL ,2019-07-20 11:45:03,287
TEL ,2019-07-20 12:45:04,287
TEL ,2019-07-20 13:45:03,287
TEL ,2019-07-20 14:45:03,287
TEL ,2019-07-20 15:45:03,287
TEL ,2019-07-20 16:45:06,287
TEL ,2019-07-20 17:45:03,287
TEL ,2019-07-20 18:45:04,287
TEL ,2019-07-20 19:45:04,287
TEL ,2019-07-20 20:45:02,287
TEL ,2019-07-20 21:45:05,287
TEL ,2019-07-20 22:45:01,287
TEL ,2019-07-20 23:45:02,287
TEL ,2019-07-21 00:45:04,287
TEL ,2019-07-21 01:45:03,287
TEL ,2019-07-21 02:45:06,287
TEL ,2019-07-21 03:45:02,287
TEL ,2019-07-21 04:45:03,287
TEL ,2019-07-21 05:45:12,287
TEL ,2019-07-21 06:45:15,287
TEL ,2019-07-21 07:45:01,287
TEL ,2019-07-21 08:45:03,287
TEL ,2019-07-21 09:45:05,287
TEL ,2019-07-21 10:45:12,287
TEL ,2019-07-21 11:45:03,287
TEL ,2019-07-21 12:45:02,287
TEL ,2019-07-21 13:45:04,287
TEL ,2019-07-21 14:45:03,287
TEL ,2019-07-21 15:45:03,287
TEL ,2019-07-21 16:45:03,287
TEL ,2019-07-21 17:45:04,287
TEL ,2019-07-21 18:45:04,287
TEL ,2019-07-21 19:45:04,287
TEL ,2019-07-21 20:45:04,287
TEL ,2019-07-21 21:45:05,287
TEL ,2019-07-21 22:45:02,287
TEL ,2019-07-21 23:45:03,287
TEL ,2019-07-22 00:45:02,287
TEL ,2019-07-22 01:45:04,287
TEL ,2019-07-22 02:45:03,287
TEL ,2019-07-22 03:45:03,287
TEL ,2019-07-22 04:45:03,287
TEL ,2019-07-22 05:45:07,287
TEL ,2019-07-22 06:45:13,287
TEL ,2019-07-22 07:45:03,287
TEL ,2019-07-22 08:45:05,287
TEL ,2019-07-22 09:45:02,287
TEL ,2019-07-22 10:45:03,287
TEL ,2019-07-22 11:45:19,287
TEL ,2019-07-22 12:45:09,287
TEL ,2019-07-22 13:45:03,287
TEL ,2019-07-22 14:45:05,287
TEL ,2019-07-22 15:45:03,287
TEL ,2019-07-22 16:45:06,288
TEL ,2019-07-22 17:45:05,288
TEL ,2019-07-22 18:45:12,288
TEL ,2019-07-22 19:45:09,288
TEL ,2019-07-22 20:45:07,290
TEL ,2019-07-22 21:45:09,290
TEL ,2019-07-22 22:45:03,290
TEL ,2019-07-22 23:45:03,290
TEL ,2019-07-23 00:45:03,290
TEL ,2019-07-23 01:45:02,290
TEL ,2019-07-23 02:45:09,290
TEL ,2019-07-23 03:45:06,290
TEL ,2019-07-23 04:45:06,290
TEL ,2019-07-23 05:45:08,290
TEL ,2019-07-23 06:45:11,290
TEL ,2019-07-23 07:45:10,290
TEL ,2019-07-23 08:45:03,290
TEL ,2019-07-23 09:45:07,290
TEL ,2019-07-23 10:45:05,290
TEL ,2019-07-23 11:45:03,290
TEL ,2019-07-23 13:08:11,290
TEL ,2019-07-23 13:45:04,290
TEL ,2019-07-23 14:45:06,290
TEL ,2019-07-23 15:45:10,290
TEL ,2019-07-23 16:45:07,295
TEL ,2019-07-23 17:45:02,295
TEL ,2019-07-23 18:45:05,295
TEL ,2019-07-23 19:45:05,296
TEL ,2019-07-23 20:45:05,300
TEL ,2019-07-23 21:45:05,300
TEL ,2019-07-23 22:45:09,300
TEL ,2019-07-23 23:45:06,300
TEL ,2019-07-24 00:45:05,300
TEL ,2019-07-24 01:45:05,300
TEL ,2019-07-24 02:45:11,300
TEL ,2019-07-24 03:45:04,300
TEL ,2019-07-24 04:45:04,300
TEL ,2019-07-24 05:45:06,300
TEL ,2019-07-24 06:45:02,300
TEL ,2019-07-24 07:45:02,300
TEL ,2019-07-24 08:45:08,300
TEL ,2019-07-24 09:45:06,300
TEL ,2019-07-24 10:45:06,300
TEL ,2019-07-24 11:45:02,300
TEL ,2019-07-24 13:07:39,300
TEL ,2019-07-24 13:45:07,300
TEL ,2019-07-24 14:45:04,299
TEL ,2019-07-24 15:45:07,296
TEL ,2019-07-24 16:45:06,294
TEL ,2019-07-24 17:45:04,292
TEL ,2019-07-24 18:45:09,290
TEL ,2019-07-24 19:45:05,289
TEL ,2019-07-24 20:45:06,286
TEL ,2019-07-24 21:45:05,286
TEL ,2019-07-24 22:45:04,286
TEL ,2019-07-24 23:45:06,286
TEL ,2019-07-25 00:45:05,286
TEL ,2019-07-25 01:45:12,286
TEL ,2019-07-25 02:45:21,286
TEL ,2019-07-25 03:45:05,286
TEL ,2019-07-25 04:45:06,286
TEL ,2019-07-25 05:45:12,286
TEL ,2019-07-25 06:45:11,286
TEL ,2019-07-25 07:45:05,286
TEL ,2019-07-25 08:45:08,286
TEL ,2019-07-25 09:45:05,286
TEL ,2019-07-25 10:45:16,286
TEL ,2019-07-25 11:45:05,286
TEL ,2019-07-25 13:08:10,286
TEL ,2019-07-25 13:45:10,286
TEL ,2019-07-25 14:45:08,282
TEL ,2019-07-25 15:45:06,284
TEL ,2019-07-25 16:45:08,284
TEL ,2019-07-25 17:45:08,284
TEL ,2019-07-25 18:45:14,285
TEL ,2019-07-25 19:45:42,284
TEL ,2019-07-25 20:45:11,284
TEL ,2019-07-25 21:45:12,284
TEL ,2019-07-25 22:45:11,284
TEL ,2019-07-25 23:45:06,284
TEL ,2019-07-26 00:45:22,284
TEL ,2019-07-26 01:45:08,284
TEL ,2019-07-26 02:45:09,284
TEL ,2019-07-26 03:45:10,284
TEL ,2019-07-26 04:45:11,284
TEL ,2019-07-26 05:45:15,284
TEL ,2019-07-26 06:45:27,284
TEL ,2019-07-26 07:45:17,284
TEL ,2019-07-26 08:45:04,284
TEL ,2019-07-26 09:45:06,284
TEL ,2019-07-26 10:45:08,284
TEL ,2019-07-26 11:45:10,284
TEL ,2019-07-26 13:10:10,284
TEL ,2019-07-26 13:45:07,284
TEL ,2019-07-26 14:45:07,287
TEL ,2019-07-26 15:45:06,286
TEL ,2019-07-26 16:45:09,284
TEL ,2019-07-26 17:45:09,284
TEL ,2019-07-26 18:45:09,282
TEL ,2019-07-26 19:45:06,283
TEL ,2019-07-26 20:45:06,282
TEL ,2019-07-26 22:45:04,282
TEL ,2019-07-26 23:45:03,282
TEL ,2019-07-27 00:45:04,282
TEL ,2019-07-27 01:45:05,282
TEL ,2019-07-27 02:45:08,282
TEL ,2019-07-27 03:45:05,282
TEL ,2019-07-27 04:45:05,282
TEL ,2019-07-27 05:45:05,282
TEL ,2019-07-27 06:45:05,282
TEL ,2019-07-27 07:45:04,282
TEL ,2019-07-27 08:45:04,282
TEL ,2019-07-27 09:45:03,282
TEL ,2019-07-27 10:45:05,282
TEL ,2019-07-27 11:45:03,282
TEL ,2019-07-27 12:45:05,282
TEL ,2019-07-27 13:45:03,282
TEL ,2019-07-27 14:45:04,282
TEL ,2019-07-27 15:45:08,282
TEL ,2019-07-27 16:45:14,282
TEL ,2019-07-27 17:45:11,282
TEL ,2019-07-27 18:45:08,282
TEL ,2019-07-27 19:45:06,282
TEL ,2019-07-27 20:45:09,282
TEL ,2019-07-27 21:45:05,282
TEL ,2019-07-27 22:45:06,282
TEL ,2019-07-27 23:45:04,282
TEL ,2019-07-28 00:45:04,282
TEL ,2019-07-28 01:45:04,282
TEL ,2019-07-28 02:45:04,282
TEL ,2019-07-28 03:45:02,282
TEL ,2019-07-28 04:45:04,282
TEL ,2019-07-28 05:45:03,282
TEL ,2019-07-28 06:45:03,282
TEL ,2019-07-28 07:45:05,282
TEL ,2019-07-28 08:45:03,282
TEL ,2019-07-28 09:45:01,282
TEL ,2019-07-28 10:45:01,282
TEL ,2019-07-28 11:45:01,282
TEL ,2019-07-28 12:45:03,282
TEL ,2019-07-28 13:45:03,282
TEL ,2019-07-28 14:45:04,282
TEL ,2019-07-28 15:45:03,282
TEL ,2019-07-28 16:45:05,282
TEL ,2019-07-28 17:45:05,282
TEL ,2019-07-28 18:45:04,282
TEL ,2019-07-28 19:45:04,282
TEL ,2019-07-28 20:45:03,282
TEL ,2019-07-28 21:45:03,282
TEL ,2019-07-28 22:45:06,282
TEL ,2019-07-28 23:45:06,282
TEL ,2019-07-29 00:45:04,282
TEL ,2019-07-29 01:45:04,282
TEL ,2019-07-29 02:45:04,282
TEL ,2019-07-29 03:45:06,282
TEL ,2019-07-29 04:45:06,282
TEL ,2019-07-29 05:45:11,282
TEL ,2019-07-29 06:45:17,282
TEL ,2019-07-29 07:45:05,282
TEL ,2019-07-29 08:45:04,282
TEL ,2019-07-29 09:45:05,282
TEL ,2019-07-29 10:45:05,282
TEL ,2019-07-29 11:45:05,282
TEL ,2019-07-29 13:09:08,282
TEL ,2019-07-29 13:45:08,282
TEL ,2019-07-29 14:45:05,285
TEL ,2019-07-29 15:45:05,286
TEL ,2019-07-29 16:45:04,286
TEL ,2019-07-29 17:45:04,286
TEL ,2019-07-29 18:45:05,285
TEL ,2019-07-29 19:45:04,287
TEL ,2019-07-29 20:45:04,286
TEL ,2019-07-29 21:45:03,286
TEL ,2019-07-29 22:45:05,286
TEL ,2019-07-29 23:45:04,286
TEL ,2019-07-30 00:45:04,286
TEL ,2019-07-30 01:45:05,286
TEL ,2019-07-30 02:45:06,286
TEL ,2019-07-30 03:45:04,286
TEL ,2019-07-30 04:45:03,286
TEL ,2019-07-30 05:45:05,286
TEL ,2019-07-30 06:45:05,286
TEL ,2019-07-30 07:45:13,286
TEL ,2019-07-30 08:45:06,286
TEL ,2019-07-30 09:45:04,286
TEL ,2019-07-30 10:45:02,286
TEL ,2019-07-30 11:45:06,286
TEL ,2019-07-30 12:45:05,286
TEL ,2019-07-30 13:45:06,286
TEL ,2019-07-30 14:45:07,286
TEL ,2019-07-30 15:45:07,288
TEL ,2019-07-30 16:45:07,286
TEL ,2019-07-30 17:45:13,287
TEL ,2019-07-30 18:45:09,285
TEL ,2019-07-30 19:45:10,285
TEL ,2019-07-30 20:45:07,272
TEL ,2019-07-30 21:45:06,272
TEL ,2019-07-30 22:45:08,272
TEL ,2019-07-30 23:45:05,272
TEL ,2019-07-31 00:45:39,272
TEL ,2019-07-31 01:45:05,272
TEL ,2019-07-31 02:45:05,272
TEL ,2019-07-31 03:45:08,272
TEL ,2019-07-31 04:45:07,272
TEL ,2019-07-31 05:45:18,272
TEL ,2019-07-31 06:45:07,272
TEL ,2019-07-31 07:45:06,272
TEL ,2019-07-31 08:45:06,272
TEL ,2019-07-31 09:45:08,272
TEL ,2019-07-31 10:45:05,272
TEL ,2019-07-31 11:45:03,272
TEL ,2019-07-31 13:09:12,272
TEL ,2019-07-31 13:45:05,272
TEL ,2019-07-31 14:45:07,272
TEL ,2019-07-31 15:45:08,271
TEL ,2019-07-31 16:45:11,273
TEL ,2019-07-31 17:45:06,271
TEL ,2019-07-31 18:45:05,271
TEL ,2019-07-31 19:45:05,264
TEL ,2019-07-31 20:45:08,264
TEL ,2019-07-31 21:45:07,264
TEL ,2019-07-31 22:45:06,264
TEL ,2019-07-31 23:45:06,264
TEL ,2019-08-01 00:45:07,264
TEL ,2019-08-01 01:45:21,264
TEL ,2019-08-01 02:45:09,264
TEL ,2019-08-01 03:45:06,264
TEL ,2019-08-01 04:45:05,264
TEL ,2019-08-01 05:45:10,264
TEL ,2019-08-01 06:45:06,264
TEL ,2019-08-01 07:45:13,264
TEL ,2019-08-01 08:45:05,264
TEL ,2019-08-01 09:45:08,264
TEL ,2019-08-01 10:45:06,264
TEL ,2019-08-01 11:45:04,264
TEL ,2019-08-01 13:07:39,264
TEL ,2019-08-01 13:45:07,264
TEL ,2019-08-01 14:45:07,264
TEL ,2019-08-01 15:45:13,264
TEL ,2019-08-01 16:45:10,265
TEL ,2019-08-01 17:45:09,266
TEL ,2019-08-01 18:45:05,266
TEL ,2019-08-01 19:45:06,266
TEL ,2019-08-01 20:45:05,266
TEL ,2019-08-01 21:45:06,267
TEL ,2019-08-01 22:45:04,267
TEL ,2019-08-01 23:45:07,267
TEL ,2019-08-02 00:45:05,267
TEL ,2019-08-02 01:45:06,267
TEL ,2019-08-02 02:45:05,267
TEL ,2019-08-02 03:45:06,267
TEL ,2019-08-02 04:45:05,267
TEL ,2019-08-02 05:45:08,267
TEL ,2019-08-02 06:45:05,267
TEL ,2019-08-02 07:45:03,267
TEL ,2019-08-02 08:45:07,267
TEL ,2019-08-02 09:45:08,267
TEL ,2019-08-02 10:45:17,267
TEL ,2019-08-02 11:45:05,267
TEL ,2019-08-02 13:09:13,267
TEL ,2019-08-02 13:45:09,267
TEL ,2019-08-02 14:45:08,268
TEL ,2019-08-02 15:45:08,268
TEL ,2019-08-02 16:45:10,268
TEL ,2019-08-02 17:45:06,268
TEL ,2019-08-02 18:45:08,268
TEL ,2019-08-02 19:45:08,268
TEL ,2019-08-02 20:45:08,268
TEL ,2019-08-02 21:45:07,268
TEL ,2019-08-02 22:45:05,268
TEL ,2019-08-02 23:45:07,268
TEL ,2019-08-03 00:45:06,268
TEL ,2019-08-03 01:45:05,268
TEL ,2019-08-03 02:45:17,268
TEL ,2019-08-03 03:45:06,268
TEL ,2019-08-03 04:45:05,268
TEL ,2019-08-03 05:45:13,268
TEL ,2019-08-03 06:45:07,268
TEL ,2019-08-03 07:45:03,268
TEL ,2019-08-03 08:45:08,268
TEL ,2019-08-03 09:45:06,268
TEL ,2019-08-03 10:45:06,268
TEL ,2019-08-03 11:45:05,268
TEL ,2019-08-03 12:45:07,268
TEL ,2019-08-03 13:45:07,268
TEL ,2019-08-03 14:45:07,268
TEL ,2019-08-03 15:45:04,268
TEL ,2019-08-03 16:45:07,268
TEL ,2019-08-03 17:45:07,268
TEL ,2019-08-03 18:45:06,268
TEL ,2019-08-03 19:45:05,268
TEL ,2019-08-03 20:45:04,268
TEL ,2019-08-03 21:45:04,268
TEL ,2019-08-03 22:45:05,268
TEL ,2019-08-03 23:45:05,268
TEL ,2019-08-04 00:45:06,268
TEL ,2019-08-04 01:45:05,268
TEL ,2019-08-04 02:45:12,268
TEL ,2019-08-04 03:45:08,268
TEL ,2019-08-04 04:45:05,268
TEL ,2019-08-04 05:45:12,268
TEL ,2019-08-04 06:45:05,268
TEL ,2019-08-04 07:45:06,268
TEL ,2019-08-04 08:45:08,268
TEL ,2019-08-04 09:45:05,268
TEL ,2019-08-04 10:45:04,268
TEL ,2019-08-04 11:45:02,268
TEL ,2019-08-04 12:45:05,268
TEL ,2019-08-04 13:45:06,268
TEL ,2019-08-04 14:45:04,268
TEL ,2019-08-04 15:45:05,268
TEL ,2019-08-04 16:45:07,268
TEL ,2019-08-04 17:45:06,268
TEL ,2019-08-04 18:45:06,268
TEL ,2019-08-04 19:45:05,268
TEL ,2019-08-04 20:45:06,268
TEL ,2019-08-04 21:45:06,268
TEL ,2019-08-04 22:45:06,268
TEL ,2019-08-04 23:45:05,268
TEL ,2019-08-05 00:45:05,268
TEL ,2019-08-05 01:45:07,268
TEL ,2019-08-05 02:45:08,268
TEL ,2019-08-05 03:45:06,268
TEL ,2019-08-05 04:45:06,268
TEL ,2019-08-05 05:45:09,268
TEL ,2019-08-05 06:45:05,268
TEL ,2019-08-05 07:45:11,268
TEL ,2019-08-05 08:45:08,268
TEL ,2019-08-05 09:45:08,268
TEL ,2019-08-05 10:45:06,268
TEL ,2019-08-05 11:45:05,268
TEL ,2019-08-05 13:09:42,268
TEL ,2019-08-05 13:45:10,268
TEL ,2019-08-05 14:45:09,263
TEL ,2019-08-05 15:45:06,263
TEL ,2019-08-05 16:45:08,263
TEL ,2019-08-05 17:45:09,262
TEL ,2019-08-05 18:45:10,262
TEL ,2019-08-05 19:45:08,262
TEL ,2019-08-05 20:45:06,261
TEL ,2019-08-05 21:45:07,261
TEL ,2019-08-05 22:45:08,261
TEL ,2019-08-05 23:45:09,261
TEL ,2019-08-06 00:45:20,261
TEL ,2019-08-06 01:45:13,261
TEL ,2019-08-06 02:45:07,261
TEL ,2019-08-06 03:45:06,261
TEL ,2019-08-06 04:45:08,261
TEL ,2019-08-06 05:45:09,261
TEL ,2019-08-06 06:45:06,261
TEL ,2019-08-06 07:45:07,261
TEL ,2019-08-06 08:45:05,261
TEL ,2019-08-06 09:45:13,261
TEL ,2019-08-06 10:45:05,261
TEL ,2019-08-06 11:45:05,261
TEL ,2019-08-06 12:45:06,261
TEL ,2019-08-06 13:45:09,261
TEL ,2019-08-06 14:45:05,259
TEL ,2019-08-06 15:45:07,260
TEL ,2019-08-06 16:45:09,260
TEL ,2019-08-06 17:45:07,260
TEL ,2019-08-06 18:45:06,260
TEL ,2019-08-06 19:45:07,261
TEL ,2019-08-06 20:45:08,262
TEL ,2019-08-06 21:45:06,262
TEL ,2019-08-06 23:45:06,262
TEL ,2019-08-07 00:45:08,262
TEL ,2019-08-07 01:45:08,262
TEL ,2019-08-07 02:45:10,262
TEL ,2019-08-07 03:45:07,262
TEL ,2019-08-07 04:45:06,262
TEL ,2019-08-07 05:45:10,262
TEL ,2019-08-07 06:45:13,262
TEL ,2019-08-07 07:45:05,262
TEL ,2019-08-07 08:45:07,262
TEL ,2019-08-07 09:45:05,262
TEL ,2019-08-07 10:45:14,262
TEL ,2019-08-07 11:45:06,262
TEL ,2019-08-07 12:45:09,262
TEL ,2019-08-07 13:45:10,262
TEL ,2019-08-07 14:45:08,260
TEL ,2019-08-07 15:45:07,260
TEL ,2019-08-07 16:45:08,260
TEL ,2019-08-07 17:45:07,261
TEL ,2019-08-07 18:45:07,261
TEL ,2019-08-07 19:45:06,260
TEL ,2019-08-07 20:45:06,260
TEL ,2019-08-07 21:45:06,260
TEL ,2019-08-07 22:45:05,260
TEL ,2019-08-07 23:45:07,260
TEL ,2019-08-08 00:45:09,260
TEL ,2019-08-08 01:45:06,260
TEL ,2019-08-08 02:45:13,260
TEL ,2019-08-08 03:45:05,260
TEL ,2019-08-08 04:45:05,260
TEL ,2019-08-08 05:45:07,260
TEL ,2019-08-08 06:45:10,260
TEL ,2019-08-08 07:45:06,260
TEL ,2019-08-08 08:45:05,260
TEL ,2019-08-08 09:45:05,260
TEL ,2019-08-08 10:45:11,260
TEL ,2019-08-08 11:45:05,260
TEL ,2019-08-08 12:45:08,260
TEL ,2019-08-08 13:45:08,260
TEL ,2019-08-08 14:45:06,260
TEL ,2019-08-08 15:45:09,260
TEL ,2019-08-08 16:45:09,260
TEL ,2019-08-08 17:45:07,260
TEL ,2019-08-08 18:45:09,260
TEL ,2019-08-08 19:45:07,260
TEL ,2019-08-08 20:45:10,260
TEL ,2019-08-08 21:45:11,260
TEL ,2019-08-08 22:45:09,260
TEL ,2019-08-08 23:45:10,260
TEL ,2019-08-09 00:45:12,260
TEL ,2019-08-09 01:45:12,260
TEL ,2019-08-09 02:45:13,260
TEL ,2019-08-09 03:45:12,260
TEL ,2019-08-09 04:45:12,260
TEL ,2019-08-09 05:45:17,260
TEL ,2019-08-09 06:45:12,260
TEL ,2019-08-09 07:45:27,260
TEL ,2019-08-09 08:45:11,260
TEL ,2019-08-09 09:45:18,260
TEL ,2019-08-09 10:45:12,260
TEL ,2019-08-09 11:45:12,260
TEL ,2019-08-09 13:09:17,260
TEL ,2019-08-09 13:45:11,260
TEL ,2019-08-09 14:45:20,260
TEL ,2019-08-09 15:45:12,260
TEL ,2019-08-09 16:45:20,259
TEL ,2019-08-09 17:45:11,259
TEL ,2019-08-09 18:45:11,258
TEL ,2019-08-09 19:45:11,258
TEL ,2019-08-09 20:45:09,258
TEL ,2019-08-09 21:45:13,258
TEL ,2019-08-09 22:45:11,258
TEL ,2019-08-09 23:45:13,258
TEL ,2019-08-10 00:45:12,258
TEL ,2019-08-10 01:45:11,258
TEL ,2019-08-10 02:45:29,258
TEL ,2019-08-10 03:45:10,258
TEL ,2019-08-10 04:45:12,258
TEL ,2019-08-10 05:45:16,258
TEL ,2019-08-10 06:45:11,258
TEL ,2019-08-10 07:45:10,258
TEL ,2019-08-10 08:45:10,258
TEL ,2019-08-10 09:45:13,258
TEL ,2019-08-10 10:45:13,258
TEL ,2019-08-10 11:45:10,258
TEL ,2019-08-10 12:45:14,258
TEL ,2019-08-10 13:45:13,258
TEL ,2019-08-10 14:45:10,258
TEL ,2019-08-10 15:45:09,258
TEL ,2019-08-10 16:45:19,258
TEL ,2019-08-10 17:45:11,258
TEL ,2019-08-10 18:45:10,258
TEL ,2019-08-10 19:45:11,258
TEL ,2019-08-10 20:45:11,258
TEL ,2019-08-10 21:45:08,258
TEL ,2019-08-10 22:45:10,258
TEL ,2019-08-10 23:45:11,258
TEL ,2019-08-11 00:45:08,258
TEL ,2019-08-11 01:45:10,258
TEL ,2019-08-11 02:45:19,258
TEL ,2019-08-11 03:45:13,258
TEL ,2019-08-11 04:45:10,258
TEL ,2019-08-11 05:45:20,258
TEL ,2019-08-11 06:45:10,258
TEL ,2019-08-11 07:45:11,258
TEL ,2019-08-11 08:45:09,258
TEL ,2019-08-11 09:45:08,258
TEL ,2019-08-11 10:45:08,258
TEL ,2019-08-11 11:45:10,258
TEL ,2019-08-11 12:45:11,258
TEL ,2019-08-11 13:45:13,258
TEL ,2019-08-11 14:45:11,258
TEL ,2019-08-11 15:45:11,258
TEL ,2019-08-11 16:45:11,258
TEL ,2019-08-11 17:45:10,258
TEL ,2019-08-11 18:45:10,258
TEL ,2019-08-11 19:45:12,258
TEL ,2019-08-11 20:45:14,258
TEL ,2019-08-11 21:45:14,258
TEL ,2019-08-11 22:45:13,258
TEL ,2019-08-11 23:45:15,258
TEL ,2019-08-12 00:45:14,258
TEL ,2019-08-12 01:45:13,258
TEL ,2019-08-12 02:45:21,258
TEL ,2019-08-12 03:45:14,258
TEL ,2019-08-12 04:45:13,258
TEL ,2019-08-12 05:45:18,258
TEL ,2019-08-12 06:45:20,258
TEL ,2019-08-12 07:45:10,258
TEL ,2019-08-12 08:45:14,258
TEL ,2019-08-12 09:45:12,258
TEL ,2019-08-12 10:45:17,258
TEL ,2019-08-12 11:45:11,258
TEL ,2019-08-12 12:45:16,258
TEL ,2019-08-12 13:45:23,258
TEL ,2019-08-12 14:45:12,257
TEL ,2019-08-12 15:45:13,258
TEL ,2019-08-12 16:45:21,259
TEL ,2019-08-12 17:45:10,259
TEL ,2019-08-12 18:45:08,259
TEL ,2019-08-12 19:45:08,259
TEL ,2019-08-12 20:45:10,260
TEL ,2019-08-12 21:45:08,259
TEL ,2019-08-12 22:45:09,259
TEL ,2019-08-12 23:45:10,259
TEL ,2019-08-13 00:45:08,259
TEL ,2019-08-13 01:45:10,259
TEL ,2019-08-13 02:45:15,259
TEL ,2019-08-13 03:45:11,259
TEL ,2019-08-13 04:45:07,259
TEL ,2019-08-13 05:45:13,259
TEL ,2019-08-13 06:45:12,259
TEL ,2019-08-13 07:45:09,259
TEL ,2019-08-13 08:45:08,259
TEL ,2019-08-13 09:45:12,259
TEL ,2019-08-13 10:45:16,259
TEL ,2019-08-13 11:45:13,259
TEL ,2019-08-13 12:45:13,259
TEL ,2019-08-13 13:45:13,259
TEL ,2019-08-13 14:45:11,259
TEL ,2019-08-13 15:45:15,258
TEL ,2019-08-13 16:45:13,258
TEL ,2019-08-13 17:45:11,258
TEL ,2019-08-13 18:45:11,258
TEL ,2019-08-13 19:45:11,258
TEL ,2019-08-13 20:45:09,258
TEL ,2019-08-13 21:45:13,258
TEL ,2019-08-13 22:45:18,258
TEL ,2019-08-13 23:45:12,258
TEL ,2019-08-14 00:45:13,258
TEL ,2019-08-14 01:45:12,258
TEL ,2019-08-14 02:45:13,258
TEL ,2019-08-14 03:45:10,258
TEL ,2019-08-14 04:45:09,258
TEL ,2019-08-14 05:45:28,258
TEL ,2019-08-14 06:45:10,258
TEL ,2019-08-14 07:45:08,258
TEL ,2019-08-14 08:45:08,258
TEL ,2019-08-14 09:45:13,258
TEL ,2019-08-14 10:45:06,258
TEL ,2019-08-14 11:45:07,258
TEL ,2019-08-14 13:08:17,258
TEL ,2019-08-14 13:45:12,258
TEL ,2019-08-14 14:45:12,258
TEL ,2019-08-14 15:45:13,257
TEL ,2019-08-14 16:45:10,257
TEL ,2019-08-14 17:45:07,257
TEL ,2019-08-14 18:45:14,257
TEL ,2019-08-14 19:45:13,257
TEL ,2019-08-14 20:45:11,257
TEL ,2019-08-14 21:45:21,257
TEL ,2019-08-14 22:45:09,257
TEL ,2019-08-14 23:45:08,257
TEL ,2019-08-15 00:45:39,257
TEL ,2019-08-15 01:45:12,257
TEL ,2019-08-15 02:45:13,257
TEL ,2019-08-15 03:45:10,257
TEL ,2019-08-15 04:45:11,257
TEL ,2019-08-15 05:45:17,257
TEL ,2019-08-15 06:45:09,257
TEL ,2019-08-15 07:45:07,257
TEL ,2019-08-15 08:45:22,257
TEL ,2019-08-15 09:45:09,257
TEL ,2019-08-15 10:45:09,257
TEL ,2019-08-15 11:45:09,257
TEL ,2019-08-15 13:08:15,257
TEL ,2019-08-15 13:45:17,257
TEL ,2019-08-15 14:45:12,256
TEL ,2019-08-15 15:45:06,256
TEL ,2019-08-15 16:45:26,256
TEL ,2019-08-15 17:45:05,255
TEL ,2019-08-15 18:45:09,253
TEL ,2019-08-15 19:45:08,253
TEL ,2019-08-15 20:45:10,253
TEL ,2019-08-15 21:45:06,253
TEL ,2019-08-15 22:45:06,253
TEL ,2019-08-15 23:45:19,253
TEL ,2019-08-16 00:45:20,253
TEL ,2019-08-16 01:45:24,253
TEL ,2019-08-16 02:45:09,253
TEL ,2019-08-16 03:45:10,253
TEL ,2019-08-16 04:45:05,253
TEL ,2019-08-16 05:45:25,253
TEL ,2019-08-16 06:45:06,253
TEL ,2019-08-16 07:45:08,253
TEL ,2019-08-16 08:45:08,253
TEL ,2019-08-16 09:45:10,253
TEL ,2019-08-16 10:45:06,253
TEL ,2019-08-16 11:45:05,253
TEL ,2019-08-16 12:45:07,253
TEL ,2019-08-16 13:45:12,253
TEL ,2019-08-16 14:45:08,253
TEL ,2019-08-16 15:45:09,254
TEL ,2019-08-16 16:45:23,254
TEL ,2019-08-16 19:45:13,254
TEL ,2019-08-16 20:45:18,253
TEL ,2019-08-16 21:45:13,253
TEL ,2019-08-16 22:45:14,253
TEL ,2019-08-16 23:45:14,253
TEL ,2019-08-17 00:45:14,253
TEL ,2019-08-17 01:45:19,253
TEL ,2019-08-17 02:45:29,253
TEL ,2019-08-17 03:45:15,253
TEL ,2019-08-17 04:45:14,253
TEL ,2019-08-17 05:45:16,253
TEL ,2019-08-17 06:45:13,253
TEL ,2019-08-17 07:45:13,253
TEL ,2019-08-17 08:45:14,253
TEL ,2019-08-17 09:45:13,253
TEL ,2019-08-17 10:45:11,253
TEL ,2019-08-17 11:45:12,253
TEL ,2019-08-17 12:45:11,253
TEL ,2019-08-17 13:45:13,253
TEL ,2019-08-17 14:45:50,253
TEL ,2019-08-17 15:45:12,253
TEL ,2019-08-17 16:45:12,253
TEL ,2019-08-17 17:45:10,253
TEL ,2019-08-17 18:45:11,253
TEL ,2019-08-17 19:45:11,253
TEL ,2019-08-17 20:45:13,253
TEL ,2019-08-17 21:45:11,253
TEL ,2019-08-17 22:45:10,253
TEL ,2019-08-17 23:45:10,253
TEL ,2019-08-18 00:45:11,253
TEL ,2019-08-18 01:45:10,253
TEL ,2019-08-18 02:45:14,253
TEL ,2019-08-18 03:45:11,253
TEL ,2019-08-18 04:45:10,253
TEL ,2019-08-18 05:45:36,253
TEL ,2019-08-18 06:45:31,253
TEL ,2019-08-18 07:45:14,253
TEL ,2019-08-18 08:45:16,253
TEL ,2019-08-18 09:45:16,253
TEL ,2019-08-18 10:45:11,253
TEL ,2019-08-18 11:45:12,253
TEL ,2019-08-18 12:45:13,253
TEL ,2019-08-18 13:45:15,253
TEL ,2019-08-18 14:45:13,253
TEL ,2019-08-18 15:45:14,253
TEL ,2019-08-18 16:45:18,253
TEL ,2019-08-18 17:45:12,253
TEL ,2019-08-18 18:45:13,253
TEL ,2019-08-18 19:45:14,253
TEL ,2019-08-18 20:45:15,253
TEL ,2019-08-18 21:45:21,253
TEL ,2019-08-18 22:45:14,253
TEL ,2019-08-18 23:45:13,253
TEL ,2019-08-19 00:45:14,253
TEL ,2019-08-19 01:45:18,253
TEL ,2019-08-19 02:45:16,253
TEL ,2019-08-19 03:45:12,253
TEL ,2019-08-19 04:45:12,253
TEL ,2019-08-19 05:45:19,253
TEL ,2019-08-19 06:45:16,253
TEL ,2019-08-19 07:45:25,253
TEL ,2019-08-19 08:45:13,253
TEL ,2019-08-19 09:45:20,253
TEL ,2019-08-19 10:45:14,253
TEL ,2019-08-19 11:45:13,253
TEL ,2019-08-19 12:45:19,253
TEL ,2019-08-19 13:45:15,253
TEL ,2019-08-19 14:45:08,252
TEL ,2019-08-19 15:45:10,250
TEL ,2019-08-19 16:45:08,251
TEL ,2019-08-19 17:45:08,251
TEL ,2019-08-19 18:45:11,251
TEL ,2019-08-19 19:45:09,251
TEL ,2019-08-19 20:45:08,251
TEL ,2019-08-19 21:45:09,251
TEL ,2019-08-19 22:45:07,251
TEL ,2019-08-19 23:45:09,251
TEL ,2019-08-20 00:45:12,251
TEL ,2019-08-20 01:45:08,251
TEL ,2019-08-20 02:45:12,251
TEL ,2019-08-20 03:45:09,251
TEL ,2019-08-20 04:45:08,251
TEL ,2019-08-20 05:45:26,251
TEL ,2019-08-20 06:45:13,251
TEL ,2019-08-20 07:45:07,251
TEL ,2019-08-20 08:45:08,251
TEL ,2019-08-20 09:45:07,251
TEL ,2019-08-20 10:45:30,251
TEL ,2019-08-20 11:45:06,251
TEL ,2019-08-20 13:07:14,251
TEL ,2019-08-20 13:45:19,251
TEL ,2019-08-20 14:45:10,250
TEL ,2019-08-20 15:45:09,249
TEL ,2019-08-20 16:45:10,249
TEL ,2019-08-20 17:45:10,249
TEL ,2019-08-20 18:45:10,249
TEL ,2019-08-20 19:45:10,250
TEL ,2019-08-20 20:45:11,251
TEL ,2019-08-20 21:45:12,252
TEL ,2019-08-20 22:45:10,252
TEL ,2019-08-20 23:45:09,252
TEL ,2019-08-21 00:45:12,252
TEL ,2019-08-21 01:45:15,252
TEL ,2019-08-21 02:45:17,252
TEL ,2019-08-21 03:45:15,252
TEL ,2019-08-21 04:45:10,252
TEL ,2019-08-21 05:45:14,252
TEL ,2019-08-21 06:45:18,252
TEL ,2019-08-21 07:45:11,252
TEL ,2019-08-21 08:45:13,252
TEL ,2019-08-21 09:45:11,252
TEL ,2019-08-21 10:45:08,252
TEL ,2019-08-21 11:45:09,252
TEL ,2019-08-21 12:45:09,252
TEL ,2019-08-21 13:45:14,252
TEL ,2019-08-21 14:45:12,251
TEL ,2019-08-21 15:45:14,253
TEL ,2019-08-21 16:45:27,253
TEL ,2019-08-21 17:45:11,253
TEL ,2019-08-21 18:45:12,253
TEL ,2019-08-21 19:45:12,252
TEL ,2019-08-21 20:45:12,255
TEL ,2019-08-21 21:45:13,255
TEL ,2019-08-21 22:45:14,255
TEL ,2019-08-21 23:45:11,255
TEL ,2019-08-22 00:45:13,255
TEL ,2019-08-22 01:45:10,255
TEL ,2019-08-22 02:45:18,255
TEL ,2019-08-22 03:45:11,255
TEL ,2019-08-22 04:45:10,255
TEL ,2019-08-22 05:45:15,255
TEL ,2019-08-22 06:45:10,255
TEL ,2019-08-22 07:45:13,255
TEL ,2019-08-22 08:45:11,255
TEL ,2019-08-22 09:45:11,255
TEL ,2019-08-22 10:45:13,255
TEL ,2019-08-22 11:45:13,255
TEL ,2019-08-22 12:45:14,255
TEL ,2019-08-22 13:45:15,255
TEL ,2019-08-22 14:45:16,251
TEL ,2019-08-22 15:45:17,250
TEL ,2019-08-22 16:45:21,250
TEL ,2019-08-22 17:45:16,250
TEL ,2019-08-22 18:45:17,250
TEL ,2019-08-22 19:45:14,250
TEL ,2019-08-22 20:45:16,250
TEL ,2019-08-22 21:45:18,250
TEL ,2019-08-22 22:45:15,250
TEL ,2019-08-22 23:45:16,250
TEL ,2019-08-23 00:45:17,250
TEL ,2019-08-23 01:45:19,250
TEL ,2019-08-23 02:45:21,250
TEL ,2019-08-23 03:45:13,250
TEL ,2019-08-23 04:45:13,250
TEL ,2019-08-23 05:45:15,250
TEL ,2019-08-23 06:45:14,250
TEL ,2019-08-23 07:45:12,250
TEL ,2019-08-23 08:45:14,250
TEL ,2019-08-23 09:45:12,250
TEL ,2019-08-23 10:45:17,250
TEL ,2019-08-23 11:45:11,250
TEL ,2019-08-23 12:45:17,250
TEL ,2019-08-23 13:45:18,250
TEL ,2019-08-23 14:45:14,250
TEL ,2019-08-23 15:45:15,251
TEL ,2019-08-23 16:45:17,251
TEL ,2019-08-23 17:45:12,251
TEL ,2019-08-23 18:45:18,251
TEL ,2019-08-23 19:45:14,251
TEL ,2019-08-23 20:45:10,251
TEL ,2019-08-23 21:45:12,251
TEL ,2019-08-23 22:45:54,251
TEL ,2019-08-23 23:45:12,251
TEL ,2019-08-24 00:45:13,251
TEL ,2019-08-24 01:45:11,251
TEL ,2019-08-24 02:45:34,251
TEL ,2019-08-24 03:45:10,251
TEL ,2019-08-24 04:45:09,251
TEL ,2019-08-24 05:45:14,251
TEL ,2019-08-24 06:45:14,251
TEL ,2019-08-24 07:45:16,251
TEL ,2019-08-24 08:45:14,251
TEL ,2019-08-24 09:45:13,251
TEL ,2019-08-24 10:45:12,251
TEL ,2019-08-24 11:45:10,251
TEL ,2019-08-24 12:45:14,251
TEL ,2019-08-24 13:45:11,251
TEL ,2019-08-24 14:45:12,251
TEL ,2019-08-24 15:45:14,251
TEL ,2019-08-24 16:45:26,251
TEL ,2019-08-24 17:45:13,251
TEL ,2019-08-24 18:45:16,251
TEL ,2019-08-24 19:45:12,251
TEL ,2019-08-24 20:45:12,251
TEL ,2019-08-24 21:45:12,251
TEL ,2019-08-24 22:45:12,251
TEL ,2019-08-24 23:45:10,251
TEL ,2019-08-25 00:45:09,251
TEL ,2019-08-25 01:45:15,251
TEL ,2019-08-25 02:45:25,251
TEL ,2019-08-25 03:45:11,251
TEL ,2019-08-25 04:45:10,251
TEL ,2019-08-25 05:45:10,251
TEL ,2019-08-25 06:45:10,251
TEL ,2019-08-25 07:45:11,251
TEL ,2019-08-25 08:45:14,251
TEL ,2019-08-25 09:45:10,251
TEL ,2019-08-25 10:45:10,251
TEL ,2019-08-25 11:45:15,251
TEL ,2019-08-25 12:45:11,251
TEL ,2019-08-25 13:45:13,251
TEL ,2019-08-25 14:45:11,251
TEL ,2019-08-25 15:45:13,251
TEL ,2019-08-25 16:45:16,251
TEL ,2019-08-25 17:45:10,251
TEL ,2019-08-25 18:45:10,251
TEL ,2019-08-25 19:45:13,251
TEL ,2019-08-25 20:45:12,251
TEL ,2019-08-25 21:45:12,251
TEL ,2019-08-25 22:45:11,251
TEL ,2019-08-25 23:45:12,251
TEL ,2019-08-26 00:45:09,251
TEL ,2019-08-26 01:45:08,251
TEL ,2019-08-26 02:45:15,251
TEL ,2019-08-26 03:45:10,251
TEL ,2019-08-26 04:45:12,251
TEL ,2019-08-26 05:45:15,251
TEL ,2019-08-26 06:45:11,251
TEL ,2019-08-26 07:45:16,251
TEL ,2019-08-26 08:45:11,251
TEL ,2019-08-26 09:45:10,251
TEL ,2019-08-26 10:45:13,251
TEL ,2019-08-26 11:45:11,251
TEL ,2019-08-26 12:45:14,251
TEL ,2019-08-26 13:45:13,251
TEL ,2019-08-26 14:45:11,252
TEL ,2019-08-26 15:45:14,253
TEL ,2019-08-26 16:45:22,253
TEL ,2019-08-26 17:45:11,253
TEL ,2019-08-26 18:45:12,253
TEL ,2019-08-26 19:45:15,254
TEL ,2019-08-26 20:45:16,254
TEL ,2019-08-26 21:45:13,254
TEL ,2019-08-26 22:45:11,254
TEL ,2019-08-26 23:45:11,254
TEL ,2019-08-27 00:45:14,254
TEL ,2019-08-27 01:45:13,254
TEL ,2019-08-27 02:45:18,254
TEL ,2019-08-27 03:45:12,254
TEL ,2019-08-27 04:45:11,254
TEL ,2019-08-27 05:45:17,254
TEL ,2019-08-27 06:45:19,254
TEL ,2019-08-27 07:45:11,254
TEL ,2019-08-27 08:45:15,254
TEL ,2019-08-27 09:45:11,254
TEL ,2019-08-27 10:45:09,254
TEL ,2019-08-27 11:45:16,254
TEL ,2019-08-27 12:45:17,254
TEL ,2019-08-27 13:45:32,254
TEL ,2019-08-27 14:45:12,252
TEL ,2019-08-27 15:45:15,252
TEL ,2019-08-27 16:45:20,252
TEL ,2019-08-27 17:45:12,252
TEL ,2019-08-27 18:45:12,252
TEL ,2019-08-27 19:45:14,252
TEL ,2019-08-27 20:45:12,252
TEL ,2019-08-27 21:45:14,252
TEL ,2019-08-27 22:45:13,252
TEL ,2019-08-27 23:45:18,252
TEL ,2019-08-28 00:45:18,252
TEL ,2019-08-28 01:45:15,252
TEL ,2019-08-28 02:45:20,252
TEL ,2019-08-28 03:45:22,252
TEL ,2019-08-28 04:45:16,252
TEL ,2019-08-28 05:45:19,252
TEL ,2019-08-28 06:45:18,252
TEL ,2019-08-28 07:45:17,252
TEL ,2019-08-28 08:45:14,252
TEL ,2019-08-28 09:45:17,252
TEL ,2019-08-28 10:45:14,252
TEL ,2019-08-28 11:45:19,252
TEL ,2019-08-28 12:45:14,252
TEL ,2019-08-28 13:45:12,252
TEL ,2019-08-28 14:45:10,253
TEL ,2019-08-28 15:45:15,254
TEL ,2019-08-28 16:45:30,254
TEL ,2019-08-28 17:45:10,254
TEL ,2019-08-28 18:45:12,254
TEL ,2019-08-28 19:45:12,254
TEL ,2019-08-28 20:45:15,254
TEL ,2019-08-28 21:45:14,254
TEL ,2019-08-28 22:45:11,254
TEL ,2019-08-28 23:45:18,254
TEL ,2019-08-29 00:45:10,254
TEL ,2019-08-29 01:45:13,254
TEL ,2019-08-29 02:45:14,254
TEL ,2019-08-29 03:45:11,254
TEL ,2019-08-29 04:45:12,254
TEL ,2019-08-29 05:45:25,254
TEL ,2019-08-29 06:45:09,254
TEL ,2019-08-29 07:45:14,254
TEL ,2019-08-29 08:45:11,254
TEL ,2019-08-29 09:45:12,254
TEL ,2019-08-29 10:45:08,254
TEL ,2019-08-29 11:45:09,254
TEL ,2019-08-29 12:45:14,254
TEL ,2019-08-29 13:45:12,254
TEL ,2019-08-29 14:45:10,254
TEL ,2019-08-29 15:45:10,254
TEL ,2019-08-29 16:45:18,255
TEL ,2019-08-29 17:45:10,254
TEL ,2019-08-29 18:45:09,254
TEL ,2019-08-29 19:45:07,253
TEL ,2019-08-29 20:45:10,253
TEL ,2019-08-29 21:45:10,253
TEL ,2019-08-29 22:45:08,253
TEL ,2019-08-29 23:45:09,253
TEL ,2019-08-30 00:45:12,253
TEL ,2019-08-30 01:45:17,253
TEL ,2019-08-30 02:45:11,253
TEL ,2019-08-30 03:45:12,253
TEL ,2019-08-30 04:45:11,253
TEL ,2019-08-30 05:45:20,253
TEL ,2019-08-30 06:45:06,253
TEL ,2019-08-30 07:45:07,253
TEL ,2019-08-30 08:45:06,253
TEL ,2019-08-30 09:45:08,253
TEL ,2019-08-30 10:45:06,253
TEL ,2019-08-30 11:45:06,253
TEL ,2019-08-30 12:45:09,253
TEL ,2019-08-30 13:45:08,253
TEL ,2019-08-30 14:45:08,253
TEL ,2019-08-30 15:45:08,252
TEL ,2019-08-30 16:45:10,253
TEL ,2019-08-30 17:45:10,253
TEL ,2019-08-30 18:45:07,254
TEL ,2019-08-30 20:45:24,254
TEL ,2019-08-30 21:45:19,254
TEL ,2019-08-30 22:45:22,254
TEL ,2019-08-30 23:45:20,254
TEL ,2019-08-31 00:45:20,254
TEL ,2019-08-31 01:45:24,254
TEL ,2019-08-31 02:45:21,254
TEL ,2019-08-31 03:45:21,254
TEL ,2019-08-31 04:45:20,254
TEL ,2019-08-31 23:45:47,254
TEL ,2019-09-01 00:45:24,254
TEL ,2019-09-01 01:45:21,254
TEL ,2019-09-01 02:45:22,254
TEL ,2019-09-01 03:45:22,254
TEL ,2019-09-01 04:45:20,254
TEL ,2019-09-01 05:45:21,254
TEL ,2019-09-01 06:45:20,254
TEL ,2019-09-01 07:45:17,254
TEL ,2019-09-01 08:45:20,254
TEL ,2019-09-01 09:45:19,254
TEL ,2019-09-01 10:45:20,254
TEL ,2019-09-01 11:45:18,254
TEL ,2019-09-01 12:45:22,254
TEL ,2019-09-01 13:45:21,254
TEL ,2019-09-01 14:45:20,254
TEL ,2019-09-01 15:45:20,254
TEL ,2019-09-01 16:45:27,254
TEL ,2019-09-01 17:45:24,254
TEL ,2019-09-01 18:45:20,254
TEL ,2019-09-01 19:45:18,254
TEL ,2019-09-01 20:45:20,254
TEL ,2019-09-01 21:45:20,254
TEL ,2019-09-01 22:45:22,254
TEL ,2019-09-01 23:45:22,254
TEL ,2019-09-02 00:45:19,254
TEL ,2019-09-02 01:45:17,254
TEL ,2019-09-02 02:45:18,254
TEL ,2019-09-02 03:45:21,254
TEL ,2019-09-02 04:45:23,254
TEL ,2019-09-02 05:45:34,254
TEL ,2019-09-02 06:45:23,254
TEL ,2019-09-02 07:45:22,254
TEL ,2019-09-02 08:45:21,254
TEL ,2019-09-02 09:45:27,254
TEL ,2019-09-02 10:45:28,254
TEL ,2019-09-02 11:45:21,254
TEL ,2019-09-02 12:45:18,254
TEL ,2019-09-02 13:45:21,254
TEL ,2019-09-02 14:45:20,254
TEL ,2019-09-02 15:45:20,254
TEL ,2019-09-02 16:45:32,254
TEL ,2019-09-02 17:45:20,254
TEL ,2019-09-02 18:45:23,254
TEL ,2019-09-02 19:45:21,254
TEL ,2019-09-02 20:45:20,254
TEL ,2019-09-02 21:45:23,254
TEL ,2019-09-02 22:45:22,254
TEL ,2019-09-02 23:45:23,254
TEL ,2019-09-03 00:45:22,254
TEL ,2019-09-03 01:45:23,254
TEL ,2019-09-03 02:45:25,254
TEL ,2019-09-03 03:45:21,254
TEL ,2019-09-03 04:45:19,254
TEL ,2019-09-03 05:45:32,254
TEL ,2019-09-03 06:45:24,254
TEL ,2019-09-03 07:45:20,254
TEL ,2019-09-03 08:45:28,254
TEL ,2019-09-03 09:45:20,254
TEL ,2019-09-03 10:45:25,254
TEL ,2019-09-03 11:45:20,254
TEL ,2019-09-03 13:09:35,254
TEL ,2019-09-03 13:45:30,254
TEL ,2019-09-03 14:45:24,255
TEL ,2019-09-03 15:45:23,255
TEL ,2019-09-03 16:45:27,255
TEL ,2019-09-03 17:45:24,255
TEL ,2019-09-03 18:45:21,255
TEL ,2019-09-03 19:45:21,255
TEL ,2019-09-03 20:45:23,255
TEL ,2019-09-03 21:45:21,255
TEL ,2019-09-03 22:45:31,255
TEL ,2019-09-03 23:45:22,255
TEL ,2019-09-04 00:45:25,255
TEL ,2019-09-04 01:45:24,255
TEL ,2019-09-04 02:45:23,255
TEL ,2019-09-04 03:45:22,255
TEL ,2019-09-04 04:45:20,255
TEL ,2019-09-04 05:45:34,255
TEL ,2019-09-04 06:45:23,255
TEL ,2019-09-04 07:45:21,255
TEL ,2019-09-04 08:45:22,255
TEL ,2019-09-04 09:45:24,255
TEL ,2019-09-04 10:45:22,255
TEL ,2019-09-04 11:45:22,255
TEL ,2019-09-04 13:08:29,255
TEL ,2019-09-04 13:45:23,255
TEL ,2019-09-04 14:45:22,254
TEL ,2019-09-04 15:45:23,254
TEL ,2019-09-04 16:45:35,254
TEL ,2019-09-04 17:45:21,255
TEL ,2019-09-04 18:45:23,255
TEL ,2019-09-04 19:45:22,255
TEL ,2019-09-04 20:45:23,254
TEL ,2019-09-04 21:45:21,254
TEL ,2019-09-04 22:45:21,254
TEL ,2019-09-04 23:45:27,254
TEL ,2019-09-05 01:45:22,254
TEL ,2019-09-05 02:45:29,254
TEL ,2019-09-05 03:45:20,254
TEL ,2019-09-05 04:45:22,254
TEL ,2019-09-05 05:45:33,254
TEL ,2019-09-05 06:45:19,254
TEL ,2019-09-05 07:45:25,254
TEL ,2019-09-05 08:45:22,254
TEL ,2019-09-05 09:45:19,254
TEL ,2019-09-05 10:45:28,254
TEL ,2019-09-05 11:45:21,254
TEL ,2019-09-05 13:09:26,254
TEL ,2019-09-05 13:45:22,254
TEL ,2019-09-05 14:45:27,253
TEL ,2019-09-05 15:45:23,251
TEL ,2019-09-05 16:45:35,249
TEL ,2019-09-05 17:45:25,249
TEL ,2019-09-05 18:45:21,249
TEL ,2019-09-05 19:45:21,249
TEL ,2019-09-05 20:45:23,249
TEL ,2019-09-05 21:45:21,249
TEL ,2019-09-05 22:45:23,249
TEL ,2019-09-05 23:45:24,249
TEL ,2019-09-06 00:45:24,249
TEL ,2019-09-06 01:45:24,249
TEL ,2019-09-06 02:45:22,249
TEL ,2019-09-06 03:45:19,249
TEL ,2019-09-06 04:45:21,249
TEL ,2019-09-06 05:45:35,249
TEL ,2019-09-06 06:45:23,249
TEL ,2019-09-06 07:45:25,249
TEL ,2019-09-06 08:45:21,249
TEL ,2019-09-06 09:45:23,249
TEL ,2019-09-06 10:45:22,249
TEL ,2019-09-06 11:45:42,249
TEL ,2019-09-06 13:08:27,249
TEL ,2019-09-06 13:45:24,249
TEL ,2019-09-06 14:45:21,249
TEL ,2019-09-06 15:45:21,250
TEL ,2019-09-06 16:45:33,251
TEL ,2019-09-06 17:45:22,250
TEL ,2019-09-06 18:45:25,249
TEL ,2019-09-06 19:45:21,249
TEL ,2019-09-06 20:45:22,249
TEL ,2019-09-06 21:45:23,249
TEL ,2019-09-06 22:45:21,249
TEL ,2019-09-06 23:45:21,249
TEL ,2019-09-07 01:45:23,249
TEL ,2019-09-07 02:45:25,249
TEL ,2019-09-07 03:45:25,249
TEL ,2019-09-07 04:45:23,249
TEL ,2019-09-07 05:45:49,249
TEL ,2019-09-07 06:45:22,249
TEL ,2019-09-07 07:45:19,249
TEL ,2019-09-07 08:45:20,249
TEL ,2019-09-07 09:45:22,249
TEL ,2019-09-07 10:45:23,249
TEL ,2019-09-07 11:45:20,249
TEL ,2019-09-07 12:45:21,249
TEL ,2019-09-07 13:45:25,249
TEL ,2019-09-07 14:45:23,249
TEL ,2019-09-07 15:45:23,249
TEL ,2019-09-07 16:45:22,249
TEL ,2019-09-07 17:45:23,249
TEL ,2019-09-07 18:45:21,249
TEL ,2019-09-07 19:45:20,249
TEL ,2019-09-07 20:45:22,249
TEL ,2019-09-07 22:45:19,249
TEL ,2019-09-07 23:45:23,249
TEL ,2019-09-08 00:45:23,249
TEL ,2019-09-08 01:45:26,249
TEL ,2019-09-08 02:45:29,249
TEL ,2019-09-08 03:45:24,249
TEL ,2019-09-08 04:45:22,249
TEL ,2019-09-08 05:45:28,249
TEL ,2019-09-08 06:45:22,249
TEL ,2019-09-08 07:45:21,249
TEL ,2019-09-08 08:45:22,249
TEL ,2019-09-08 09:45:20,249
TEL ,2019-09-08 10:45:24,249
TEL ,2019-09-08 11:45:20,249
TEL ,2019-09-08 12:45:22,249
TEL ,2019-09-08 13:45:22,249
TEL ,2019-09-08 14:45:22,249
TEL ,2019-09-08 15:45:20,249
TEL ,2019-09-08 16:45:30,249
TEL ,2019-09-08 17:45:22,249
TEL ,2019-09-08 18:45:21,249
TEL ,2019-09-08 19:45:29,249
TEL ,2019-09-08 20:45:25,249
TEL ,2019-09-08 21:45:23,249
TEL ,2019-09-08 22:45:20,249
TEL ,2019-09-08 23:45:21,249
TEL ,2019-09-09 00:45:21,249
TEL ,2019-09-09 01:45:23,249
TEL ,2019-09-09 02:45:23,249
TEL ,2019-09-09 03:45:22,249
TEL ,2019-09-09 04:45:20,249
TEL ,2019-09-09 05:45:37,249
TEL ,2019-09-09 06:45:20,249
TEL ,2019-09-09 07:45:21,249
TEL ,2019-09-09 08:45:21,249
TEL ,2019-09-09 09:45:18,249
TEL ,2019-09-09 10:45:20,249
TEL ,2019-09-09 11:45:22,249
TEL ,2019-09-09 13:08:27,249
TEL ,2019-09-09 13:45:27,249
TEL ,2019-09-09 14:45:30,249
TEL ,2019-09-09 15:45:23,248
TEL ,2019-09-09 16:45:39,246
TEL ,2019-09-09 17:45:21,246
TEL ,2019-09-09 18:45:22,245
TEL ,2019-09-09 19:45:22,245
TEL ,2019-09-09 20:45:21,245
TEL ,2019-09-09 21:45:22,245
TEL ,2019-09-09 22:45:21,245
TEL ,2019-09-09 23:45:22,245
TEL ,2019-09-10 00:45:23,245
TEL ,2019-09-10 01:45:22,245
TEL ,2019-09-10 02:45:29,245
TEL ,2019-09-10 03:45:24,245
TEL ,2019-09-10 04:45:23,245
TEL ,2019-09-10 05:45:28,245
TEL ,2019-09-10 06:45:22,245
TEL ,2019-09-10 07:45:20,245
TEL ,2019-09-10 08:45:24,245
TEL ,2019-09-10 09:45:35,245
TEL ,2019-09-10 10:45:22,245
TEL ,2019-09-10 11:45:21,245
TEL ,2019-09-10 12:45:24,245
TEL ,2019-09-10 13:45:22,245
TEL ,2019-09-10 14:45:21,245
TEL ,2019-09-10 15:45:21,244
TEL ,2019-09-10 16:45:33,245
TEL ,2019-09-10 17:45:21,245
TEL ,2019-09-10 18:45:23,245
TEL ,2019-09-10 19:45:29,243
TEL ,2019-09-10 20:45:20,242
TEL ,2019-09-10 21:45:23,242
TEL ,2019-09-10 22:45:21,242
TEL ,2019-09-10 23:45:21,242
TEL ,2019-09-11 00:45:22,242
TEL ,2019-09-11 01:45:22,242
TEL ,2019-09-11 02:45:20,242
TEL ,2019-09-11 03:45:20,242
TEL ,2019-09-11 04:45:20,242
TEL ,2019-09-11 05:45:31,242
TEL ,2019-09-11 06:45:22,242
TEL ,2019-09-11 07:45:17,242
TEL ,2019-09-11 08:45:20,242
TEL ,2019-09-11 09:45:25,242
TEL ,2019-09-11 10:45:34,242
TEL ,2019-09-11 11:45:29,242
TEL ,2019-09-11 12:45:21,242
TEL ,2019-09-11 13:45:25,242
TEL ,2019-09-11 14:45:22,242
TEL ,2019-09-11 15:45:21,242
TEL ,2019-09-11 16:45:26,242
TEL ,2019-09-11 17:45:20,242
TEL ,2019-09-11 18:45:22,242
TEL ,2019-09-11 19:45:21,242
TEL ,2019-09-11 20:45:21,240
TEL ,2019-09-11 21:45:27,240
TEL ,2019-09-11 22:45:21,240
TEL ,2019-09-11 23:45:20,240
TEL ,2019-09-12 00:45:23,240
TEL ,2019-09-12 01:45:21,240
TEL ,2019-09-12 02:45:29,240
TEL ,2019-09-12 03:45:21,240
TEL ,2019-09-12 04:45:18,240
TEL ,2019-09-12 05:45:31,240
TEL ,2019-09-12 06:45:21,240
TEL ,2019-09-12 07:45:20,240
TEL ,2019-09-12 08:45:18,240
TEL ,2019-09-12 09:45:19,240
TEL ,2019-09-12 10:45:36,240
TEL ,2019-09-12 11:45:23,240
TEL ,2019-09-12 13:09:29,240
TEL ,2019-09-12 13:45:24,240
TEL ,2019-09-12 14:45:27,240
TEL ,2019-09-12 15:45:23,237
TEL ,2019-09-12 16:45:23,236
TEL ,2019-09-12 17:45:21,236
TEL ,2019-09-12 18:45:20,238
TEL ,2019-09-12 19:45:21,238
TEL ,2019-09-12 20:45:19,238
TEL ,2019-09-12 21:45:18,238
TEL ,2019-09-12 22:45:21,238
TEL ,2019-09-12 23:45:21,238
TEL ,2019-09-13 00:45:20,238
TEL ,2019-09-13 01:45:24,238
TEL ,2019-09-13 02:45:21,238
TEL ,2019-09-13 03:45:22,238
TEL ,2019-09-13 04:45:19,238
TEL ,2019-09-13 05:45:21,238
TEL ,2019-09-13 06:45:22,238
TEL ,2019-09-13 07:45:19,238
TEL ,2019-09-13 08:45:21,238
TEL ,2019-09-13 09:45:20,238
TEL ,2019-09-13 10:45:20,238
TEL ,2019-09-13 11:45:20,238
TEL ,2019-09-13 13:09:23,237
TEL ,2019-09-13 14:10:25,237
TEL ,2019-09-13 14:45:22,237
TEL ,2019-09-13 15:45:20,237
TEL ,2019-09-13 16:45:21,236
TEL ,2019-09-13 17:45:20,235
TEL ,2019-09-13 18:45:19,236
TEL ,2019-09-13 19:45:20,236
TEL ,2019-09-13 20:45:16,236
TEL ,2019-09-13 21:45:24,236
TEL ,2019-09-13 22:45:17,236
TEL ,2019-09-13 23:45:21,236
TEL ,2019-09-14 00:45:22,236
TEL ,2019-09-14 01:45:16,236
TEL ,2019-09-14 02:45:20,236
TEL ,2019-09-14 03:45:20,236
TEL ,2019-09-14 04:45:18,236
TEL ,2019-09-14 05:45:20,236
TEL ,2019-09-14 06:45:19,236
TEL ,2019-09-14 07:45:19,236
TEL ,2019-09-14 08:45:19,236
TEL ,2019-09-14 09:45:18,236
TEL ,2019-09-14 10:45:19,236
TEL ,2019-09-14 11:45:15,236
TEL ,2019-09-14 12:45:20,236
TEL ,2019-09-14 13:45:17,236
TEL ,2019-09-14 14:45:19,236
TEL ,2019-09-14 15:45:15,236
TEL ,2019-09-14 16:45:21,236
TEL ,2019-09-14 17:45:20,236
TEL ,2019-09-14 18:45:16,236
TEL ,2019-09-14 19:45:17,236
TEL ,2019-09-14 20:45:16,236
TEL ,2019-09-14 21:45:21,236
TEL ,2019-09-14 22:45:18,236
TEL ,2019-09-14 23:45:21,236
TEL ,2019-09-15 00:45:20,236
TEL ,2019-09-15 01:45:16,236
TEL ,2019-09-15 02:45:22,236
TEL ,2019-09-15 03:45:21,236
TEL ,2019-09-15 04:45:19,236
TEL ,2019-09-15 05:45:16,236
TEL ,2019-09-15 06:45:22,236
TEL ,2019-09-15 07:45:21,236
TEL ,2019-09-15 08:45:22,236
TEL ,2019-09-15 09:45:18,236
TEL ,2019-09-15 10:45:18,236
TEL ,2019-09-15 11:45:20,236
TEL ,2019-09-15 12:45:21,236
TEL ,2019-09-15 13:45:21,236
TEL ,2019-09-15 14:45:19,236
TEL ,2019-09-15 15:45:16,236
TEL ,2019-09-15 16:45:21,236
TEL ,2019-09-15 17:45:15,236
TEL ,2019-09-15 18:45:18,236
TEL ,2019-09-15 19:45:18,236
TEL ,2019-09-15 20:45:17,236
TEL ,2019-09-15 21:45:22,236
TEL ,2019-09-15 22:45:18,236
TEL ,2019-09-15 23:45:17,236
TEL ,2019-09-16 00:45:20,236
TEL ,2019-09-16 01:45:18,236
TEL ,2019-09-16 02:45:22,236
TEL ,2019-09-16 03:45:21,236
TEL ,2019-09-16 04:45:17,236
TEL ,2019-09-16 05:45:21,236
TEL ,2019-09-16 06:45:21,236
TEL ,2019-09-16 07:45:17,236
TEL ,2019-09-16 08:45:21,236
TEL ,2019-09-16 09:45:19,236
TEL ,2019-09-16 10:45:18,236
TEL ,2019-09-16 11:45:15,236
TEL ,2019-09-16 13:08:55,236
TEL ,2019-09-16 13:45:20,236
TEL ,2019-09-16 14:45:26,234
TEL ,2019-09-16 15:45:22,234
TEL ,2019-09-16 16:45:24,234
TEL ,2019-09-16 17:45:20,234
TEL ,2019-09-16 18:45:23,233
TEL ,2019-09-16 19:45:29,233
TEL ,2019-09-16 20:45:28,233
TEL ,2019-09-16 21:45:23,233
TEL ,2019-09-16 22:45:25,233
TEL ,2019-09-16 23:45:24,233
TEL ,2019-09-17 00:45:23,233
TEL ,2019-09-17 01:45:20,233
TEL ,2019-09-17 02:45:23,233
TEL ,2019-09-17 03:45:23,233
TEL ,2019-09-17 04:45:21,233
TEL ,2019-09-17 05:45:20,233
TEL ,2019-09-17 06:45:18,233
TEL ,2019-09-17 07:45:21,233
TEL ,2019-09-17 08:45:19,233
TEL ,2019-09-17 09:45:24,233
TEL ,2019-09-17 10:45:24,233
TEL ,2019-09-17 11:45:22,233
TEL ,2019-09-17 12:45:21,233
TEL ,2019-09-17 13:45:25,233
TEL ,2019-09-17 14:45:21,233
TEL ,2019-09-17 15:45:22,233
TEL ,2019-09-17 16:45:25,233
TEL ,2019-09-17 17:45:20,233
TEL ,2019-09-17 18:45:21,233
TEL ,2019-09-17 19:45:21,233
TEL ,2019-09-17 20:45:21,233
TEL ,2019-09-17 21:45:21,233
TEL ,2019-09-17 22:45:23,233
TEL ,2019-09-17 23:45:21,233
TEL ,2019-09-18 00:45:22,233
TEL ,2019-09-18 01:45:21,233
TEL ,2019-09-18 02:45:19,233
TEL ,2019-09-18 03:45:20,233
TEL ,2019-09-18 04:45:28,233
TEL ,2019-09-18 05:45:21,233
TEL ,2019-09-18 06:45:23,233
TEL ,2019-09-18 07:45:20,233
TEL ,2019-09-18 08:45:23,233
TEL ,2019-09-18 09:45:22,233
TEL ,2019-09-18 10:45:20,233
TEL ,2019-09-18 11:45:20,233
TEL ,2019-09-18 13:40:31,233
TEL ,2019-09-18 13:47:45,233
TEL ,2019-09-18 14:45:23,233
TEL ,2019-09-18 15:45:25,233
TEL ,2019-09-18 16:45:25,233
TEL ,2019-09-18 17:45:20,233
TEL ,2019-09-18 18:45:18,233
TEL ,2019-09-18 19:45:23,231
TEL ,2019-09-18 20:45:20,231
TEL ,2019-09-18 21:45:20,231
TEL ,2019-09-18 22:45:22,231
TEL ,2019-09-18 23:45:25,231
TEL ,2019-09-19 00:45:18,231
TEL ,2019-09-19 01:45:21,231
TEL ,2019-09-19 02:45:24,231
TEL ,2019-09-19 03:45:23,231
TEL ,2019-09-19 04:45:19,231
TEL ,2019-09-19 05:45:23,231
TEL ,2019-09-19 06:45:24,231
TEL ,2019-09-19 07:45:18,231
TEL ,2019-09-19 08:45:21,231
TEL ,2019-09-19 09:45:21,231
TEL ,2019-09-19 10:45:20,231
TEL ,2019-09-19 11:45:17,231
TEL ,2019-09-19 13:08:57,231
TEL ,2019-09-19 13:45:26,231
TEL ,2019-09-19 14:45:19,231
TEL ,2019-09-19 15:45:21,231
TEL ,2019-09-19 16:45:29,231
TEL ,2019-09-19 17:45:23,230
TEL ,2019-09-19 18:45:23,230
TEL ,2019-09-19 19:45:17,230
TEL ,2019-09-19 20:45:24,230
TEL ,2019-09-19 21:45:18,230
TEL ,2019-09-19 22:45:24,230
TEL ,2019-09-19 23:45:19,230
TEL ,2019-09-20 00:45:25,230
TEL ,2019-09-20 01:45:28,230
TEL ,2019-09-20 02:45:18,230
TEL ,2019-09-20 03:45:23,230
TEL ,2019-09-20 04:45:22,230
TEL ,2019-09-20 05:45:24,230
TEL ,2019-09-20 06:45:20,230
TEL ,2019-09-20 07:45:20,230
TEL ,2019-09-20 08:45:24,230
TEL ,2019-09-20 09:45:19,230
TEL ,2019-09-20 10:45:18,230
TEL ,2019-09-20 11:45:23,230
TEL ,2019-09-20 12:45:23,230
TEL ,2019-09-20 13:45:17,230
TEL ,2019-09-20 14:45:21,229
TEL ,2019-09-20 15:45:22,229
TEL ,2019-09-20 16:45:21,229
TEL ,2019-09-20 17:45:25,228
TEL ,2019-09-20 18:45:18,227
TEL ,2019-09-20 19:45:23,227
TEL ,2019-09-20 20:45:16,227
TEL ,2019-09-20 21:45:18,227
TEL ,2019-09-20 22:45:22,227
TEL ,2019-09-20 23:45:16,227
TEL ,2019-09-21 00:45:16,227
TEL ,2019-09-21 01:45:16,227
TEL ,2019-09-21 02:45:20,227
TEL ,2019-09-21 03:45:22,227
TEL ,2019-09-21 04:45:15,227
TEL ,2019-09-21 05:45:20,227
TEL ,2019-09-21 06:45:20,227
TEL ,2019-09-21 07:45:16,227
TEL ,2019-09-21 08:45:16,227
TEL ,2019-09-21 09:45:20,227
TEL ,2019-09-21 10:45:15,227
TEL ,2019-09-21 11:45:18,227
TEL ,2019-09-21 12:45:21,227
TEL ,2019-09-21 13:45:21,227
TEL ,2019-09-21 14:45:18,227
TEL ,2019-09-21 15:45:16,227
TEL ,2019-09-21 16:45:22,227
TEL ,2019-09-21 17:45:19,227
TEL ,2019-09-21 18:45:17,227
TEL ,2019-09-21 19:45:18,227
TEL ,2019-09-21 20:45:16,227
TEL ,2019-09-21 21:45:17,227
TEL ,2019-09-21 22:45:17,227
TEL ,2019-09-21 23:45:20,227
TEL ,2019-09-22 00:45:16,227
TEL ,2019-09-22 01:45:18,227
TEL ,2019-09-22 02:45:19,227
TEL ,2019-09-22 03:45:17,227
TEL ,2019-09-22 04:45:20,227
TEL ,2019-09-22 05:45:17,227
TEL ,2019-09-22 06:45:21,227
TEL ,2019-09-22 07:45:20,227
TEL ,2019-09-22 08:45:17,227
TEL ,2019-09-22 09:45:20,227
TEL ,2019-09-22 10:45:17,227
TEL ,2019-09-22 11:45:15,227
TEL ,2019-09-22 12:45:18,227
TEL ,2019-09-22 13:45:17,227
TEL ,2019-09-22 14:45:21,227
TEL ,2019-09-22 15:45:16,227
TEL ,2019-09-22 16:45:21,227
TEL ,2019-09-22 17:45:17,227
TEL ,2019-09-22 18:45:17,227
TEL ,2019-09-22 19:45:22,227
TEL ,2019-09-22 20:45:17,227
TEL ,2019-09-22 21:45:18,227
TEL ,2019-09-22 22:45:16,227
TEL ,2019-09-22 23:45:17,227
TEL ,2019-09-23 00:45:20,227
TEL ,2019-09-23 01:45:17,227
TEL ,2019-09-23 02:45:16,227
TEL ,2019-09-23 03:45:21,227
TEL ,2019-09-23 04:45:19,227
TEL ,2019-09-23 05:45:17,227
TEL ,2019-09-23 06:45:19,227
TEL ,2019-09-23 07:45:17,227
TEL ,2019-09-23 08:45:20,227
TEL ,2019-09-23 09:45:18,227
TEL ,2019-09-23 10:45:20,227
TEL ,2019-09-23 11:45:22,227
TEL ,2019-09-23 12:45:20,227
TEL ,2019-09-23 13:45:17,227
TEL ,2019-09-23 14:45:22,226
TEL ,2019-09-23 15:45:16,226
TEL ,2019-09-23 16:45:21,227
TEL ,2019-09-23 17:45:17,227
TEL ,2019-09-23 18:45:23,227
TEL ,2019-09-23 19:45:17,227
TEL ,2019-09-23 20:45:17,227
TEL ,2019-09-23 21:45:19,227
TEL ,2019-09-23 22:45:21,227
TEL ,2019-09-23 23:45:16,227
TEL ,2019-09-24 00:45:20,227
TEL ,2019-09-24 01:45:17,227
TEL ,2019-09-24 03:45:22,227
TEL ,2019-09-24 04:45:17,227
TEL ,2019-09-24 05:45:24,227
TEL ,2019-09-24 06:45:18,227
TEL ,2019-09-24 07:45:18,227
TEL ,2019-09-24 08:45:20,227
TEL ,2019-09-24 09:45:16,227
TEL ,2019-09-24 10:45:19,227
TEL ,2019-09-24 11:45:20,227
TEL ,2019-09-24 12:45:21,227
TEL ,2019-09-24 13:45:18,227
TEL ,2019-09-24 14:45:20,227
TEL ,2019-09-24 15:45:23,227
TEL ,2019-09-24 16:45:21,227
TEL ,2019-09-24 17:45:20,227
TEL ,2019-09-24 18:45:22,228
TEL ,2019-09-24 19:45:17,229
TEL ,2019-09-24 20:45:19,229
TEL ,2019-09-24 21:45:21,229
TEL ,2019-09-24 22:45:17,229
TEL ,2019-09-24 23:45:16,229
TEL ,2019-09-25 00:45:19,229
TEL ,2019-09-25 01:45:23,229
TEL ,2019-09-25 02:45:15,229
TEL ,2019-09-25 03:45:24,229
TEL ,2019-09-25 04:45:21,229
TEL ,2019-09-25 05:45:17,229
TEL ,2019-09-25 06:45:20,229
TEL ,2019-09-25 07:45:24,229
TEL ,2019-09-25 08:45:20,229
TEL ,2019-09-25 09:45:21,229
TEL ,2019-09-25 10:45:21,229
TEL ,2019-09-25 11:45:18,229
TEL ,2019-09-25 12:45:22,229
TEL ,2019-09-25 13:45:23,229
TEL ,2019-09-25 14:45:23,231
TEL ,2019-09-25 15:45:23,231
TEL ,2019-09-25 16:45:22,231
TEL ,2019-09-25 17:45:21,231
TEL ,2019-09-25 18:45:20,231
TEL ,2019-09-25 19:45:25,231
TEL ,2019-09-25 20:45:17,231
TEL ,2019-09-25 21:45:20,231
TEL ,2019-09-25 22:45:17,231
TEL ,2019-09-25 23:45:21,231
TEL ,2019-09-26 00:45:20,231
TEL ,2019-09-26 01:45:18,231
TEL ,2019-09-26 02:45:22,231
TEL ,2019-09-26 03:45:19,231
TEL ,2019-09-26 04:45:24,231
TEL ,2019-09-26 05:45:21,231
TEL ,2019-09-26 06:45:20,231
TEL ,2019-09-26 07:45:17,231
TEL ,2019-09-26 08:45:21,231
TEL ,2019-09-26 09:45:20,231
TEL ,2019-09-26 10:45:18,231
TEL ,2019-09-26 11:45:17,231
TEL ,2019-09-26 13:08:25,231
TEL ,2019-09-26 13:45:26,231
TEL ,2019-09-26 14:45:22,232
TEL ,2019-09-26 15:45:23,231
TEL ,2019-09-26 16:45:24,231
TEL ,2019-09-26 17:45:24,231
TEL ,2019-09-26 18:45:28,231
TEL ,2019-09-26 19:45:21,230
TEL ,2019-09-26 20:45:19,230
TEL ,2019-09-26 21:45:23,230
TEL ,2019-09-26 22:45:23,230
TEL ,2019-09-26 23:45:21,230
TEL ,2019-09-27 00:45:21,230
TEL ,2019-09-27 01:45:18,230
TEL ,2019-09-27 02:45:33,230
TEL ,2019-09-27 03:45:21,230
TEL ,2019-09-27 04:45:18,230
TEL ,2019-09-27 05:45:21,230
TEL ,2019-09-27 06:45:22,230
TEL ,2019-09-27 07:45:26,230
TEL ,2019-09-27 08:45:20,230
TEL ,2019-09-27 09:45:20,230
TEL ,2019-09-27 10:45:22,230
TEL ,2019-09-27 11:45:20,230
TEL ,2019-09-27 13:09:26,230
TEL ,2019-09-27 13:45:25,230
TEL ,2019-09-27 14:45:23,230
TEL ,2019-09-27 15:45:22,230
TEL ,2019-09-27 16:45:22,230
TEL ,2019-09-27 17:45:21,229
TEL ,2019-09-27 18:45:17,229
TEL ,2019-09-27 19:45:22,227
TEL ,2019-09-27 20:45:15,228
TEL ,2019-09-27 21:45:18,228
TEL ,2019-09-27 22:45:24,228
TEL ,2019-09-27 23:45:18,228
TEL ,2019-09-28 00:45:18,228
TEL ,2019-09-28 01:45:22,228
TEL ,2019-09-28 02:45:20,228
TEL ,2019-09-28 03:45:20,228
TEL ,2019-09-28 04:45:19,228
TEL ,2019-09-28 05:45:23,228
TEL ,2019-09-28 06:45:16,228
TEL ,2019-09-28 07:45:23,228
TEL ,2019-09-28 08:45:18,228
TEL ,2019-09-28 09:45:20,228
TEL ,2019-09-28 10:45:15,228
TEL ,2019-09-28 11:45:19,228
TEL ,2019-09-28 12:45:21,228
TEL ,2019-09-28 13:45:23,228
TEL ,2019-09-28 14:45:17,228
TEL ,2019-09-28 15:45:16,228
TEL ,2019-09-28 16:45:22,228
TEL ,2019-09-28 17:45:22,228
TEL ,2019-09-28 18:45:16,228
TEL ,2019-09-28 19:45:17,228
TEL ,2019-09-28 20:45:21,228
TEL ,2019-09-28 21:45:18,228
TEL ,2019-09-28 22:45:20,228
TEL ,2019-09-28 23:45:17,228
TEL ,2019-09-29 00:45:17,228
TEL ,2019-09-29 01:45:20,228
TEL ,2019-09-29 02:45:20,228
TEL ,2019-09-29 03:45:21,228
TEL ,2019-09-29 04:45:18,228
TEL ,2019-09-29 05:45:21,228
TEL ,2019-09-29 06:45:16,228
TEL ,2019-09-29 07:45:19,228
TEL ,2019-09-29 08:45:17,228
TEL ,2019-09-29 09:45:19,228
TEL ,2019-09-29 10:45:16,228
TEL ,2019-09-29 11:45:19,228
TEL ,2019-09-29 12:45:17,228
TEL ,2019-09-29 13:45:16,228
TEL ,2019-09-29 14:45:19,228
TEL ,2019-09-29 15:45:16,228
TEL ,2019-09-29 16:45:20,228
TEL ,2019-09-29 17:45:24,228
TEL ,2019-09-29 18:45:17,228
TEL ,2019-09-29 19:45:26,228
TEL ,2019-09-29 20:45:21,228
TEL ,2019-09-29 21:45:18,228
TEL ,2019-09-29 22:45:20,228
TEL ,2019-09-29 23:45:21,228
TEL ,2019-09-30 00:45:15,228
TEL ,2019-09-30 01:45:20,228
TEL ,2019-09-30 02:45:17,228
TEL ,2019-09-30 03:45:21,228
TEL ,2019-09-30 04:45:19,228
TEL ,2019-09-30 05:45:20,228
TEL ,2019-09-30 06:45:18,228
TEL ,2019-09-30 07:45:23,228
TEL ,2019-09-30 08:45:19,228
TEL ,2019-09-30 09:45:22,228
TEL ,2019-09-30 10:45:16,228
TEL ,2019-09-30 11:45:17,228
TEL ,2019-09-30 12:45:22,228
TEL ,2019-09-30 13:45:18,228
TEL ,2019-09-30 14:45:24,227
TEL ,2019-09-30 15:45:21,227
TEL ,2019-09-30 16:45:28,228
TEL ,2019-09-30 17:45:21,227
TEL ,2019-09-30 18:45:25,227
TEL ,2019-09-30 19:45:19,227
TEL ,2019-09-30 20:45:17,227
TEL ,2019-09-30 21:45:20,227
TEL ,2019-09-30 22:45:17,227
TEL ,2019-09-30 23:45:21,227
TEL ,2019-10-01 00:45:19,227
TEL ,2019-10-01 01:45:18,227
TEL ,2019-10-01 02:45:20,227
TEL ,2019-10-01 03:45:22,227
TEL ,2019-10-01 04:45:16,227
TEL ,2019-10-01 05:45:17,227
TEL ,2019-10-01 06:45:19,227
TEL ,2019-10-01 07:45:23,227
TEL ,2019-10-01 08:45:17,227
TEL ,2019-10-01 09:45:24,227
TEL ,2019-10-01 10:45:19,227
TEL ,2019-10-01 11:45:18,227
TEL ,2019-10-01 13:08:24,227
TEL ,2019-10-01 13:45:23,227
TEL ,2019-10-01 14:45:19,227
TEL ,2019-10-01 15:45:18,227
TEL ,2019-10-01 16:45:23,226
TEL ,2019-10-01 17:45:17,227
TEL ,2019-10-01 18:45:22,227
TEL ,2019-10-01 19:45:21,227
TEL ,2019-10-01 20:45:17,227
TEL ,2019-10-01 21:45:18,227
TEL ,2019-10-01 22:45:21,227
TEL ,2019-10-01 23:45:19,227
TEL ,2019-10-02 00:45:37,227
TEL ,2019-10-02 01:45:18,227
TEL ,2019-10-02 02:45:17,227
TEL ,2019-10-02 03:45:19,227
TEL ,2019-10-02 04:45:24,227
TEL ,2019-10-02 05:45:22,227
TEL ,2019-10-02 06:45:17,227
TEL ,2019-10-02 07:45:17,227
TEL ,2019-10-02 08:45:17,227
TEL ,2019-10-02 09:45:21,227
TEL ,2019-10-02 10:45:16,227
TEL ,2019-10-02 11:45:16,227
TEL ,2019-10-02 13:08:53,227
TEL ,2019-10-02 13:45:20,227
TEL ,2019-10-02 14:45:19,227
TEL ,2019-10-02 15:45:21,228
TEL ,2019-10-02 16:45:16,228
TEL ,2019-10-02 17:45:17,229
TEL ,2019-10-02 18:45:18,229
TEL ,2019-10-02 19:45:18,229
TEL ,2019-10-02 20:45:18,229
TEL ,2019-10-02 21:45:18,229
TEL ,2019-10-02 22:45:21,229
TEL ,2019-10-02 23:45:16,229
TEL ,2019-10-03 00:45:16,229
TEL ,2019-10-03 01:45:17,229
TEL ,2019-10-03 02:45:17,229
TEL ,2019-10-03 03:45:19,229
TEL ,2019-10-03 04:45:18,229
TEL ,2019-10-03 06:45:17,229
TEL ,2019-10-03 07:45:20,229
TEL ,2019-10-03 08:45:19,229
TEL ,2019-10-03 09:45:17,229
TEL ,2019-10-03 10:45:21,229
TEL ,2019-10-03 11:45:16,229
TEL ,2019-10-03 13:08:49,229
TEL ,2019-10-03 13:46:33,229
TEL ,2019-10-03 14:45:21,229
TEL ,2019-10-03 15:45:16,229
TEL ,2019-10-03 16:45:17,229
TEL ,2019-10-03 17:45:18,229
TEL ,2019-10-03 18:45:19,229
TEL ,2019-10-03 19:45:18,229
TEL ,2019-10-03 20:45:17,229
TEL ,2019-10-03 21:45:17,229
TEL ,2019-10-03 22:45:17,229
TEL ,2019-10-03 23:45:21,229
TEL ,2019-10-04 00:45:16,229
TEL ,2019-10-04 01:45:17,229
TEL ,2019-10-04 02:45:16,229
TEL ,2019-10-04 03:45:18,229
TEL ,2019-10-04 04:45:18,229
TEL ,2019-10-04 05:45:22,229
TEL ,2019-10-04 06:45:21,229
TEL ,2019-10-04 07:45:17,229
TEL ,2019-10-04 08:45:18,229
TEL ,2019-10-04 09:45:17,229
TEL ,2019-10-04 10:45:19,229
TEL ,2019-10-04 11:45:16,229
TEL ,2019-10-04 12:45:18,229
TEL ,2019-10-04 13:45:21,229
TEL ,2019-10-04 14:45:16,229
TEL ,2019-10-04 15:45:18,229
TEL ,2019-10-04 16:45:21,229
TEL ,2019-10-04 17:45:16,229
TEL ,2019-10-04 18:45:19,229
TEL ,2019-10-04 19:45:18,229
TEL ,2019-10-04 20:45:18,229
TEL ,2019-10-04 21:45:20,229
TEL ,2019-10-04 22:45:16,229
TEL ,2019-10-04 23:45:16,229
TEL ,2019-10-05 00:45:20,229
TEL ,2019-10-05 01:45:17,229
TEL ,2019-10-05 02:45:17,229
TEL ,2019-10-05 03:45:16,229
TEL ,2019-10-05 04:45:16,229
TEL ,2019-10-05 05:45:22,229
TEL ,2019-10-05 06:45:15,229
TEL ,2019-10-05 07:45:16,229
TEL ,2019-10-05 08:45:19,229
TEL ,2019-10-05 09:45:16,229
TEL ,2019-10-05 10:45:17,229
TEL ,2019-10-05 11:45:18,229
TEL ,2019-10-05 12:45:18,229
TEL ,2019-10-05 13:45:18,229
TEL ,2019-10-05 14:45:17,229
TEL ,2019-10-05 15:45:16,229
TEL ,2019-10-05 16:45:18,229
TEL ,2019-10-05 17:45:23,229
TEL ,2019-10-05 18:45:18,229
TEL ,2019-10-05 19:45:17,229
TEL ,2019-10-05 20:45:19,229
TEL ,2019-10-05 21:45:17,229
TEL ,2019-10-05 22:45:17,229
TEL ,2019-10-05 23:45:18,229
TEL ,2019-10-06 00:45:17,229
TEL ,2019-10-06 01:45:18,229
TEL ,2019-10-06 02:45:26,229
TEL ,2019-10-06 03:45:20,229
TEL ,2019-10-06 04:45:17,229
TEL ,2019-10-06 05:45:17,229
TEL ,2019-10-06 06:45:22,229
TEL ,2019-10-06 07:45:17,229
TEL ,2019-10-06 08:45:21,229
TEL ,2019-10-06 09:45:19,229
TEL ,2019-10-06 10:45:17,229
TEL ,2019-10-06 11:45:19,229
TEL ,2019-10-06 12:45:19,229
TEL ,2019-10-06 13:45:16,229
TEL ,2019-10-06 14:45:18,229
TEL ,2019-10-06 15:45:16,229
TEL ,2019-10-06 16:45:17,229
TEL ,2019-10-06 17:45:16,229
TEL ,2019-10-06 18:45:21,229
TEL ,2019-10-06 19:45:20,229
TEL ,2019-10-06 20:45:16,229
TEL ,2019-10-06 21:45:15,229
TEL ,2019-10-06 22:45:15,229
TEL ,2019-10-06 23:45:16,229
TEL ,2019-10-07 00:45:17,229
TEL ,2019-10-07 01:45:18,229
TEL ,2019-10-07 02:45:19,229
TEL ,2019-10-07 03:45:18,229
TEL ,2019-10-07 04:45:18,229
TEL ,2019-10-07 05:45:17,229
TEL ,2019-10-07 06:45:18,229
TEL ,2019-10-07 07:45:17,229
TEL ,2019-10-07 08:45:16,229
TEL ,2019-10-07 09:45:24,229
TEL ,2019-10-07 10:45:17,229
TEL ,2019-10-07 11:45:17,229
TEL ,2019-10-07 12:45:27,229
TEL ,2019-10-07 13:45:20,229
TEL ,2019-10-07 14:45:17,231
TEL ,2019-10-07 15:45:18,230
TEL ,2019-10-07 16:45:20,231
TEL ,2019-10-07 17:45:17,231
TEL ,2019-10-07 18:45:18,231
TEL ,2019-10-07 19:45:20,232
TEL ,2019-10-07 20:45:16,232
TEL ,2019-10-07 21:45:16,232
TEL ,2019-10-07 22:45:16,232
TEL ,2019-10-07 23:45:21,232
TEL ,2019-10-08 00:45:16,232
TEL ,2019-10-08 01:45:16,232
TEL ,2019-10-08 02:45:16,232
TEL ,2019-10-08 03:45:20,232
TEL ,2019-10-08 04:45:18,232
TEL ,2019-10-08 05:45:16,232
TEL ,2019-10-08 06:45:19,232
TEL ,2019-10-08 07:45:17,232
TEL ,2019-10-08 08:45:17,232
TEL ,2019-10-08 09:45:18,232
TEL ,2019-10-08 10:45:19,232
TEL ,2019-10-08 11:45:16,232
TEL ,2019-10-08 12:45:19,232
TEL ,2019-10-08 13:45:18,232
TEL ,2019-10-08 14:45:16,231
TEL ,2019-10-08 15:45:17,230
TEL ,2019-10-08 16:45:21,231
TEL ,2019-10-08 17:45:20,231
TEL ,2019-10-08 18:45:19,231
TEL ,2019-10-08 19:45:20,232
TEL ,2019-10-08 20:45:16,232
TEL ,2019-10-08 21:45:17,232
TEL ,2019-10-08 22:45:19,232
TEL ,2019-10-08 23:45:17,232
TEL ,2019-10-09 00:45:17,232
TEL ,2019-10-09 01:45:18,232
TEL ,2019-10-09 02:45:18,232
TEL ,2019-10-09 03:45:16,232
TEL ,2019-10-09 04:45:20,232
TEL ,2019-10-09 05:45:17,232
TEL ,2019-10-09 06:45:17,232
TEL ,2019-10-09 07:45:23,232
TEL ,2019-10-09 08:45:18,232
TEL ,2019-10-09 09:45:16,232
TEL ,2019-10-09 10:45:19,232
TEL ,2019-10-09 11:45:16,232
TEL ,2019-10-09 12:45:23,232
TEL ,2019-10-09 13:45:18,232
TEL ,2019-10-09 14:45:19,232
TEL ,2019-10-09 15:45:25,244
TEL ,2019-10-09 16:45:19,248
TEL ,2019-10-09 17:45:28,252
TEL ,2019-10-09 18:45:22,253
TEL ,2019-10-09 19:45:24,253
TEL ,2019-10-09 20:45:18,254
TEL ,2019-10-09 21:45:16,254
TEL ,2019-10-09 22:45:18,254
TEL ,2019-10-09 23:45:18,254
TEL ,2019-10-10 00:45:22,254
TEL ,2019-10-10 01:45:17,254
TEL ,2019-10-10 02:45:20,254
TEL ,2019-10-10 03:45:17,254
TEL ,2019-10-10 04:45:17,254
TEL ,2019-10-10 05:45:24,254
TEL ,2019-10-10 06:45:19,254
TEL ,2019-10-10 07:45:21,254
TEL ,2019-10-10 08:45:18,254
TEL ,2019-10-10 09:45:16,254
TEL ,2019-10-10 10:45:16,254
TEL ,2019-10-10 11:45:20,254
TEL ,2019-10-10 13:08:27,254
TEL ,2019-10-10 13:45:22,254
TEL ,2019-10-10 14:45:18,255
TEL ,2019-10-10 15:45:20,256
TEL ,2019-10-10 16:45:18,247
TEL ,2019-10-10 17:45:18,246
TEL ,2019-10-10 18:45:17,245
TEL ,2019-10-10 19:45:19,245
TEL ,2019-10-10 20:45:19,244
TEL ,2019-10-10 21:45:19,244
TEL ,2019-10-10 22:45:19,244
TEL ,2019-10-10 23:45:32,244
TEL ,2019-10-11 00:45:19,244
TEL ,2019-10-11 01:45:19,244
TEL ,2019-10-11 02:45:19,244
TEL ,2019-10-11 03:45:25,244
TEL ,2019-10-11 04:45:18,244
TEL ,2019-10-11 05:45:17,244
TEL ,2019-10-11 06:45:21,244
TEL ,2019-10-11 07:45:20,244
TEL ,2019-10-11 08:45:18,244
TEL ,2019-10-11 09:45:23,244
TEL ,2019-10-11 10:45:18,244
TEL ,2019-10-11 11:45:19,244
TEL ,2019-10-11 13:08:55,244
TEL ,2019-10-11 13:45:22,244
TEL ,2019-10-11 14:45:18,240
TEL ,2019-10-11 15:45:28,238
TEL ,2019-10-11 16:45:20,237
TEL ,2019-10-11 17:45:19,237
TEL ,2019-10-11 18:45:21,237
TEL ,2019-10-11 19:45:20,238
TEL ,2019-10-11 20:45:18,238
TEL ,2019-10-11 21:45:18,238
TEL ,2019-10-11 22:45:17,238
TEL ,2019-10-11 23:45:18,238
TEL ,2019-10-12 00:45:23,238
TEL ,2019-10-12 01:45:17,238
TEL ,2019-10-12 02:45:19,238
TEL ,2019-10-12 03:45:22,238
TEL ,2019-10-12 04:45:18,238
TEL ,2019-10-12 05:45:23,238
TEL ,2019-10-12 06:45:25,238
TEL ,2019-10-12 07:45:17,238
TEL ,2019-10-12 08:45:18,238
TEL ,2019-10-12 09:45:22,238
TEL ,2019-10-12 10:45:17,238
TEL ,2019-10-12 11:45:16,238
TEL ,2019-10-12 12:45:24,238
TEL ,2019-10-12 13:45:18,238
TEL ,2019-10-12 14:45:19,238
TEL ,2019-10-12 15:45:18,238
TEL ,2019-10-12 16:45:22,238
TEL ,2019-10-12 17:45:22,238
TEL ,2019-10-12 18:45:18,238
TEL ,2019-10-12 19:45:19,238
TEL ,2019-10-12 20:45:20,238
TEL ,2019-10-12 21:45:17,238
TEL ,2019-10-12 22:45:19,238
TEL ,2019-10-12 23:45:18,238
TEL ,2019-10-13 00:45:22,238
TEL ,2019-10-13 01:45:18,238
TEL ,2019-10-13 02:45:18,238
TEL ,2019-10-13 03:45:22,238
TEL ,2019-10-13 04:45:17,238
TEL ,2019-10-13 05:45:17,238
TEL ,2019-10-13 06:45:20,238
TEL ,2019-10-13 07:45:18,238
TEL ,2019-10-13 08:45:23,238
TEL ,2019-10-13 09:45:21,238
TEL ,2019-10-13 10:45:16,238
TEL ,2019-10-13 11:45:22,238
TEL ,2019-10-13 12:45:17,238
TEL ,2019-10-13 13:45:22,238
TEL ,2019-10-13 14:45:21,238
TEL ,2019-10-13 15:45:18,238
TEL ,2019-10-13 16:45:26,238
TEL ,2019-10-13 17:45:18,238
TEL ,2019-10-13 18:45:20,238
TEL ,2019-10-13 19:45:20,238
TEL ,2019-10-13 20:45:24,238
TEL ,2019-10-13 21:45:22,238
TEL ,2019-10-13 22:45:22,238
TEL ,2019-10-13 23:45:26,238
TEL ,2019-10-14 00:45:18,238
TEL ,2019-10-14 01:45:21,238
TEL ,2019-10-14 02:45:19,238
TEL ,2019-10-14 03:45:21,238
TEL ,2019-10-14 04:45:20,238
TEL ,2019-10-14 05:45:19,238
TEL ,2019-10-14 06:45:22,238
TEL ,2019-10-14 07:45:18,238
TEL ,2019-10-14 08:45:18,238
TEL ,2019-10-14 09:45:23,238
TEL ,2019-10-14 10:45:20,238
TEL ,2019-10-14 11:45:22,238
TEL ,2019-10-14 12:45:23,238
TEL ,2019-10-14 13:45:21,238
TEL ,2019-10-14 14:45:20,238
TEL ,2019-10-14 15:45:19,239
TEL ,2019-10-14 16:45:25,239
TEL ,2019-10-14 17:45:18,238
TEL ,2019-10-14 18:45:23,238
TEL ,2019-10-14 19:45:18,238
TEL ,2019-10-14 20:45:20,238
TEL ,2019-10-14 21:45:20,238
TEL ,2019-10-14 22:45:23,238
TEL ,2019-10-14 23:45:29,238
TEL ,2019-10-15 00:45:19,238
TEL ,2019-10-15 02:45:25,238
TEL ,2019-10-15 03:45:18,238
TEL ,2019-10-15 04:45:18,238
TEL ,2019-10-15 05:45:23,238
TEL ,2019-10-15 06:45:22,238
TEL ,2019-10-15 07:45:26,238
TEL ,2019-10-15 08:45:21,238
TEL ,2019-10-15 09:45:19,238
TEL ,2019-10-15 10:45:20,238
TEL ,2019-10-15 11:45:24,238
TEL ,2019-10-15 12:45:20,238
TEL ,2019-10-15 13:45:26,238
TEL ,2019-10-15 14:45:18,237
TEL ,2019-10-15 15:45:18,237
TEL ,2019-10-15 16:45:20,237
TEL ,2019-10-15 17:45:23,236
TEL ,2019-10-15 18:45:25,236
TEL ,2019-10-15 19:45:24,235
TEL ,2019-10-15 20:45:27,235
TEL ,2019-10-15 21:45:21,235
TEL ,2019-10-15 22:45:18,235
TEL ,2019-10-15 23:45:18,235
TEL ,2019-10-16 00:45:19,235
TEL ,2019-10-16 01:45:18,235
TEL ,2019-10-16 02:45:20,235
TEL ,2019-10-16 03:45:26,235
TEL ,2019-10-16 04:45:20,235
TEL ,2019-10-16 05:45:19,235
TEL ,2019-10-16 06:45:20,235
TEL ,2019-10-16 07:45:27,235
TEL ,2019-10-16 08:45:29,235
TEL ,2019-10-16 09:45:19,235
TEL ,2019-10-16 10:45:22,235
TEL ,2019-10-16 11:45:17,235
TEL ,2019-10-16 12:45:20,235
TEL ,2019-10-16 13:45:26,235
TEL ,2019-10-16 14:45:19,234
TEL ,2019-10-16 15:45:29,235
TEL ,2019-10-16 16:45:19,235
TEL ,2019-10-16 17:45:18,235
TEL ,2019-10-16 18:45:21,234
TEL ,2019-10-16 19:45:17,234
TEL ,2019-10-16 20:45:19,234
TEL ,2019-10-16 21:45:21,234
TEL ,2019-10-16 22:45:17,234
TEL ,2019-10-16 23:45:19,234
TEL ,2019-10-17 00:45:18,234
TEL ,2019-10-17 01:45:20,234
TEL ,2019-10-17 02:45:19,234
TEL ,2019-10-17 04:45:22,234
TEL ,2019-10-17 05:45:18,234
TEL ,2019-10-17 06:45:18,234
TEL ,2019-10-17 07:45:23,234
TEL ,2019-10-17 08:45:19,234
TEL ,2019-10-17 09:45:17,234
TEL ,2019-10-17 10:45:16,234
TEL ,2019-10-17 11:45:23,234
TEL ,2019-10-17 12:45:20,234
TEL ,2019-10-17 13:45:22,234
TEL ,2019-10-17 14:45:24,234
TEL ,2019-10-17 15:45:18,234
TEL ,2019-10-17 16:45:17,235
TEL ,2019-10-17 17:45:20,236
TEL ,2019-10-17 18:45:19,236
TEL ,2019-10-17 19:45:23,236
TEL ,2019-10-17 20:45:19,236
TEL ,2019-10-17 21:45:18,236
TEL ,2019-10-17 22:45:19,236
TEL ,2019-10-17 23:45:19,236
TEL ,2019-10-18 00:45:18,236
TEL ,2019-10-18 01:45:20,236
TEL ,2019-10-18 02:45:19,236
TEL ,2019-10-18 03:45:25,236
TEL ,2019-10-18 04:45:18,236
TEL ,2019-10-18 05:45:19,236
TEL ,2019-10-18 06:45:25,236
TEL ,2019-10-18 07:45:19,236
TEL ,2019-10-18 08:45:21,236
TEL ,2019-10-18 09:45:20,236
TEL ,2019-10-18 10:45:24,236
TEL ,2019-10-18 11:45:19,236
TEL ,2019-10-18 13:07:55,236
TEL ,2019-10-18 13:45:18,236
TEL ,2019-10-18 14:45:19,236
TEL ,2019-10-18 15:45:24,236
TEL ,2019-10-18 16:45:18,236
TEL ,2019-10-18 17:45:22,236
TEL ,2019-10-18 18:45:19,235
TEL ,2019-10-18 19:45:20,235
TEL ,2019-10-18 20:45:23,235
TEL ,2019-10-18 21:45:19,235
TEL ,2019-10-18 22:45:19,235
TEL ,2019-10-18 23:45:20,235
TEL ,2019-10-19 00:45:19,235
TEL ,2019-10-19 01:45:24,235
TEL ,2019-10-19 02:45:19,235
TEL ,2019-10-19 03:45:19,235
TEL ,2019-10-19 04:45:22,235
TEL ,2019-10-19 05:45:18,235
TEL ,2019-10-19 06:45:23,235
TEL ,2019-10-19 07:45:21,235
TEL ,2019-10-19 08:45:20,235
TEL ,2019-10-19 09:45:21,235
TEL ,2019-10-19 10:45:22,235
TEL ,2019-10-19 11:45:18,235
TEL ,2019-10-19 12:45:24,235
TEL ,2019-10-19 13:45:18,235
TEL ,2019-10-19 14:45:20,235
TEL ,2019-10-19 15:45:20,235
TEL ,2019-10-19 16:45:24,235
TEL ,2019-10-19 17:45:19,235
TEL ,2019-10-19 18:45:18,235
TEL ,2019-10-19 19:45:23,235
TEL ,2019-10-19 20:45:20,235
TEL ,2019-10-19 21:45:18,235
TEL ,2019-10-19 22:45:19,235
TEL ,2019-10-19 23:45:18,235
TEL ,2019-10-20 00:45:19,235
TEL ,2019-10-20 01:45:19,235
TEL ,2019-10-20 02:45:23,235
TEL ,2019-10-20 03:45:19,235
TEL ,2019-10-20 04:45:20,235
TEL ,2019-10-20 05:45:23,235
TEL ,2019-10-20 06:45:21,235
TEL ,2019-10-20 07:45:24,235
TEL ,2019-10-20 08:45:20,235
TEL ,2019-10-20 09:45:19,235
TEL ,2019-10-20 10:45:23,235
TEL ,2019-10-20 11:45:20,235
TEL ,2019-10-20 12:45:24,235
TEL ,2019-10-20 13:45:19,235
TEL ,2019-10-20 14:45:18,235
TEL ,2019-10-20 16:45:23,235
TEL ,2019-10-20 17:45:18,235
TEL ,2019-10-20 18:45:20,235
TEL ,2019-10-20 19:45:17,235
TEL ,2019-10-20 20:45:17,235
TEL ,2019-10-20 21:45:18,235
TEL ,2019-10-20 22:45:19,235
TEL ,2019-10-20 23:45:19,235
TEL ,2019-10-21 00:45:20,235
TEL ,2019-10-21 01:45:22,235
TEL ,2019-10-21 02:45:20,235
TEL ,2019-10-21 03:45:19,235
TEL ,2019-10-21 04:45:19,235
TEL ,2019-10-21 05:45:25,235
TEL ,2019-10-21 06:45:19,235
TEL ,2019-10-21 07:45:22,235
TEL ,2019-10-21 08:45:23,235
TEL ,2019-10-21 09:45:20,235
TEL ,2019-10-21 10:45:20,235
TEL ,2019-10-21 11:45:23,235
TEL ,2019-10-21 13:08:51,235
TEL ,2019-10-21 13:45:27,235
TEL ,2019-10-21 14:45:20,234
TEL ,2019-10-21 15:45:22,233
TEL ,2019-10-21 16:45:23,233
TEL ,2019-10-21 17:45:19,232
TEL ,2019-10-21 18:45:20,232
TEL ,2019-10-21 19:45:20,232
TEL ,2019-10-21 20:45:19,231
TEL ,2019-10-21 22:45:25,231
TEL ,2019-10-21 23:45:19,231
TEL ,2019-10-22 00:45:19,231
TEL ,2019-10-22 01:45:20,231
TEL ,2019-10-22 02:45:23,231
TEL ,2019-10-22 03:45:26,231
TEL ,2019-10-22 04:45:24,231
TEL ,2019-10-22 05:45:20,231
TEL ,2019-10-22 06:45:20,231
TEL ,2019-10-22 07:45:26,231
TEL ,2019-10-22 08:45:20,231
TEL ,2019-10-22 09:45:23,231
TEL ,2019-10-22 10:45:19,231
TEL ,2019-10-22 11:45:18,231
TEL ,2019-10-22 12:45:30,231
TEL ,2019-10-22 13:45:20,231
TEL ,2019-10-22 14:45:20,231
TEL ,2019-10-22 15:45:26,231
TEL ,2019-10-22 16:45:24,233
TEL ,2019-10-22 17:45:24,234
TEL ,2019-10-22 18:45:23,234
TEL ,2019-10-22 19:45:19,233
TEL ,2019-10-22 20:45:22,233
TEL ,2019-10-22 21:45:21,233
TEL ,2019-10-22 22:45:22,233
TEL ,2019-10-22 23:45:22,233
TEL ,2019-10-23 00:45:30,233
TEL ,2019-10-23 01:45:24,233
TEL ,2019-10-23 02:45:20,233
TEL ,2019-10-23 03:45:19,233
TEL ,2019-10-23 04:45:26,233
TEL ,2019-10-23 05:45:22,233
TEL ,2019-10-23 06:45:31,233
TEL ,2019-10-23 07:45:23,233
TEL ,2019-10-23 08:45:21,233
TEL ,2019-10-23 09:45:26,233
TEL ,2019-10-23 10:45:22,233
TEL ,2019-10-23 11:45:19,233
TEL ,2019-10-23 12:45:28,233
TEL ,2019-10-23 13:45:27,233
TEL ,2019-10-23 14:45:20,239
TEL ,2019-10-23 15:45:19,239
TEL ,2019-10-23 16:45:23,240
TEL ,2019-10-23 17:45:20,240
TEL ,2019-10-23 18:45:19,239
TEL ,2019-10-23 19:45:19,239
TEL ,2019-10-23 20:45:23,239
TEL ,2019-10-23 21:45:19,239
TEL ,2019-10-23 22:45:20,239
TEL ,2019-10-23 23:45:21,239
TEL ,2019-10-24 00:59:15,239
TEL ,2019-10-24 01:45:22,239
TEL ,2019-10-24 02:45:23,239
TEL ,2019-10-24 03:45:25,239
TEL ,2019-10-24 04:45:21,239
TEL ,2019-10-24 05:45:25,239
TEL ,2019-10-24 06:45:29,239
TEL ,2019-10-24 07:45:21,239
TEL ,2019-10-24 08:45:20,239
TEL ,2019-10-24 09:45:25,239
TEL ,2019-10-24 10:45:19,239
TEL ,2019-10-24 11:45:19,239
TEL ,2019-10-24 13:08:56,239
TEL ,2019-10-24 13:45:21,239
TEL ,2019-10-24 14:45:20,239
TEL ,2019-10-24 15:45:25,239
TEL ,2019-10-24 16:45:21,238
TEL ,2019-10-24 17:45:22,238
TEL ,2019-10-24 18:45:20,237
TEL ,2019-10-24 19:45:25,236
TEL ,2019-10-24 20:45:19,237
TEL ,2019-10-24 21:45:21,237
TEL ,2019-10-24 22:45:20,237
TEL ,2019-10-24 23:45:22,237
TEL ,2019-10-25 00:45:21,237
TEL ,2019-10-25 01:45:21,237
TEL ,2019-10-25 02:45:26,237
TEL ,2019-10-25 03:45:21,237
TEL ,2019-10-25 04:45:19,237
TEL ,2019-10-25 05:45:24,237
TEL ,2019-10-25 06:45:22,237
TEL ,2019-10-25 07:45:23,237
TEL ,2019-10-25 08:45:24,237
TEL ,2019-10-25 09:45:20,237
TEL ,2019-10-25 10:45:19,237
TEL ,2019-10-25 11:45:29,237
TEL ,2019-10-25 13:08:52,237
TEL ,2019-10-25 13:45:25,237
TEL ,2019-10-25 14:45:27,237
TEL ,2019-10-25 15:45:20,237
TEL ,2019-10-25 16:45:27,237
TEL ,2019-10-25 17:45:20,237
TEL ,2019-10-25 18:45:20,238
TEL ,2019-10-25 19:45:19,239
TEL ,2019-10-25 20:45:20,239
TEL ,2019-10-25 21:45:19,239
TEL ,2019-10-25 22:45:20,239
TEL ,2019-10-25 23:45:20,239
TEL ,2019-10-26 00:45:24,239
TEL ,2019-10-26 01:45:26,239
TEL ,2019-10-26 02:45:22,239
TEL ,2019-10-26 03:45:22,239
TEL ,2019-10-26 04:45:25,239
TEL ,2019-10-26 05:45:20,239
TEL ,2019-10-26 06:45:18,239
TEL ,2019-10-26 07:45:27,239
TEL ,2019-10-26 08:45:19,239
TEL ,2019-10-26 09:45:19,239
TEL ,2019-10-26 10:45:18,239
TEL ,2019-10-26 11:45:23,239
TEL ,2019-10-26 12:45:20,239
TEL ,2019-10-26 13:45:23,239
TEL ,2019-10-26 14:45:23,239
TEL ,2019-10-26 15:45:24,239
TEL ,2019-10-26 16:45:22,239
TEL ,2019-10-26 17:45:23,239
TEL ,2019-10-26 18:45:25,239
TEL ,2019-10-26 19:45:23,239
TEL ,2019-10-26 20:45:22,239
TEL ,2019-10-26 21:45:23,239
TEL ,2019-10-26 22:45:22,239
TEL ,2019-10-26 23:45:23,239
TEL ,2019-10-27 00:45:23,239
TEL ,2019-10-27 01:45:20,239
TEL ,2019-10-27 02:45:24,239
TEL ,2019-10-27 03:45:24,239
TEL ,2019-10-27 04:45:19,239
TEL ,2019-10-27 05:45:25,239
TEL ,2019-10-27 06:45:22,239
TEL ,2019-10-27 07:45:19,239
TEL ,2019-10-27 08:45:21,239
TEL ,2019-10-27 09:45:19,239
TEL ,2019-10-27 10:45:18,239
TEL ,2019-10-27 11:45:19,239
TEL ,2019-10-27 12:45:23,239
TEL ,2019-10-27 13:45:20,239
TEL ,2019-10-27 14:45:19,239
TEL ,2019-10-27 15:45:28,239
TEL ,2019-10-27 16:45:20,239
TEL ,2019-10-27 17:45:20,239
TEL ,2019-10-27 18:45:24,239
TEL ,2019-10-27 19:45:22,239
TEL ,2019-10-27 20:45:25,239
TEL ,2019-10-27 21:45:20,239
TEL ,2019-10-27 22:45:19,239
TEL ,2019-10-27 23:45:19,239
TEL ,2019-10-28 00:45:19,239
TEL ,2019-10-28 01:45:21,239
TEL ,2019-10-28 02:45:21,239
TEL ,2019-10-28 03:45:23,239
TEL ,2019-10-28 04:45:19,239
TEL ,2019-10-28 05:45:19,239
TEL ,2019-10-28 06:45:23,239
TEL ,2019-10-28 07:45:22,239
TEL ,2019-10-28 08:45:20,239
TEL ,2019-10-28 09:45:20,239
TEL ,2019-10-28 10:45:26,239
TEL ,2019-10-28 11:45:18,239
TEL ,2019-10-28 12:45:26,239
TEL ,2019-10-28 14:45:24,239
TEL ,2019-10-28 15:45:32,239
TEL ,2019-10-28 16:45:30,239
TEL ,2019-10-28 17:45:24,238
TEL ,2019-10-28 18:45:25,238
TEL ,2019-10-28 19:45:24,238
TEL ,2019-10-28 23:45:22,237
TEL ,2019-10-29 00:45:21,237
TEL ,2019-10-29 01:45:27,237
TEL ,2019-10-29 02:45:24,237
TEL ,2019-10-29 03:45:26,237
TEL ,2019-10-29 04:45:20,237
TEL ,2019-10-29 05:45:23,237
TEL ,2019-10-29 06:45:24,237
TEL ,2019-10-29 07:45:22,237
TEL ,2019-10-29 08:45:22,237
TEL ,2019-10-29 09:45:19,237
TEL ,2019-10-29 10:45:24,237
TEL ,2019-10-29 11:45:20,237
TEL ,2019-10-29 12:45:22,237
TEL ,2019-10-29 13:45:30,237
TEL ,2019-10-29 14:45:22,236
TEL ,2019-10-29 15:45:23,236
TEL ,2019-10-29 16:45:26,236
TEL ,2019-10-29 17:45:20,236
TEL ,2019-10-29 18:45:25,236
TEL ,2019-10-29 19:45:24,235
TEL ,2019-10-29 20:45:21,237
TEL ,2019-10-29 21:45:25,237
TEL ,2019-10-29 22:45:22,237
TEL ,2019-10-29 23:45:22,237
TEL ,2019-10-30 00:45:29,237
TEL ,2019-10-30 01:45:23,237
TEL ,2019-10-30 02:45:21,237
TEL ,2019-10-30 03:45:22,237
TEL ,2019-10-30 04:45:26,237
TEL ,2019-10-30 05:45:28,237
TEL ,2019-10-30 06:45:22,237
TEL ,2019-10-30 07:45:32,237
TEL ,2019-10-30 08:45:22,237
TEL ,2019-10-30 09:45:24,237
TEL ,2019-10-30 10:45:26,237
TEL ,2019-10-30 11:45:19,237
TEL ,2019-10-30 13:45:58,237
TEL ,2019-10-30 14:45:20,234
TEL ,2019-10-30 15:45:19,234
TEL ,2019-10-30 16:45:23,234
TEL ,2019-10-30 17:45:22,236
TEL ,2019-10-30 18:45:20,237
TEL ,2019-10-30 19:45:20,238
TEL ,2019-10-30 20:45:24,237
TEL ,2019-10-30 21:45:21,237
TEL ,2019-10-30 22:45:20,237
TEL ,2019-10-30 23:45:20,237
TEL ,2019-10-31 00:45:21,237
TEL ,2019-10-31 01:45:22,237
TEL ,2019-10-31 02:45:20,237
TEL ,2019-10-31 03:45:24,237
TEL ,2019-10-31 04:45:21,237
TEL ,2019-10-31 05:45:21,237
TEL ,2019-10-31 06:45:25,237
TEL ,2019-10-31 07:45:22,237
TEL ,2019-10-31 08:45:22,237
TEL ,2019-10-31 09:45:26,237
TEL ,2019-10-31 10:45:21,237
TEL ,2019-10-31 11:45:23,237
TEL ,2019-10-31 13:10:27,237
TEL ,2019-10-31 13:45:24,237
TEL ,2019-10-31 14:45:22,236
TEL ,2019-10-31 15:45:25,236
TEL ,2019-10-31 16:45:24,237
TEL ,2019-10-31 17:45:22,237
TEL ,2019-10-31 18:45:21,238
TEL ,2019-10-31 19:45:20,238
TEL ,2019-10-31 20:45:23,238
TEL ,2019-10-31 22:08:26,238
TEL ,2019-10-31 22:45:27,238
TEL ,2019-10-31 23:45:21,238
TEL ,2019-11-01 00:45:21,238
TEL ,2019-11-01 01:45:21,238
TEL ,2019-11-01 02:45:21,238
TEL ,2019-11-01 03:45:26,238
TEL ,2019-11-01 04:45:21,238
TEL ,2019-11-01 05:45:25,238
TEL ,2019-11-01 06:45:19,238
TEL ,2019-11-01 07:45:27,238
TEL ,2019-11-01 08:45:21,238
TEL ,2019-11-01 09:45:24,238
TEL ,2019-11-01 10:45:24,238
TEL ,2019-11-01 11:45:26,238
TEL ,2019-11-01 13:41:33,238
TEL ,2019-11-01 13:50:49,238
TEL ,2019-11-01 14:45:22,238
TEL ,2019-11-01 15:45:20,236
TEL ,2019-11-01 16:45:26,236
TEL ,2019-11-01 17:45:23,236
TEL ,2019-11-01 18:45:28,235
TEL ,2019-11-01 19:45:21,235
TEL ,2019-11-01 20:45:21,235
TEL ,2019-11-01 21:45:20,235
TEL ,2019-11-01 22:45:20,235
TEL ,2019-11-01 23:45:20,235
TEL ,2019-11-02 00:45:25,235
TEL ,2019-11-02 01:45:21,235
TEL ,2019-11-02 02:45:21,235
TEL ,2019-11-02 03:45:26,235
TEL ,2019-11-02 04:45:21,235
TEL ,2019-11-02 05:45:21,235
TEL ,2019-11-02 06:45:24,235
TEL ,2019-11-02 07:45:20,235
TEL ,2019-11-02 08:45:21,235
TEL ,2019-11-02 09:45:19,235
TEL ,2019-11-02 10:45:24,235
TEL ,2019-11-02 11:45:20,235
TEL ,2019-11-02 12:45:27,235
TEL ,2019-11-02 13:45:21,235
TEL ,2019-11-02 14:45:22,235
TEL ,2019-11-02 15:45:25,235
TEL ,2019-11-02 16:45:21,235
TEL ,2019-11-02 17:45:21,235
TEL ,2019-11-02 18:45:22,235
TEL ,2019-11-02 19:45:20,235
TEL ,2019-11-02 20:45:20,235
TEL ,2019-11-02 23:45:23,235
TEL ,2019-11-03 00:45:20,235
TEL ,2019-11-03 01:45:22,235
TEL ,2019-11-03 03:45:23,235
TEL ,2019-11-03 05:45:24,235
TEL ,2019-11-03 06:45:20,235
TEL ,2019-11-03 07:45:21,235
TEL ,2019-11-03 21:45:24,235
TEL ,2019-11-03 22:45:20,235
TEL ,2019-11-03 23:45:25,235
TEL ,2019-11-04 00:45:20,235
TEL ,2019-11-04 01:45:21,235
TEL ,2019-11-04 02:45:20,235
TEL ,2019-11-04 03:45:20,235
TEL ,2019-11-04 04:45:20,235
TEL ,2019-11-04 05:45:24,235
TEL ,2019-11-04 06:45:21,235
TEL ,2019-11-04 07:45:19,235
TEL ,2019-11-04 08:45:20,235
TEL ,2019-11-04 09:45:23,235
TEL ,2019-11-04 10:45:20,235
TEL ,2019-11-04 11:45:19,235
TEL ,2019-11-04 12:45:19,235
TEL ,2019-11-04 14:10:54,234
TEL ,2019-11-04 15:45:20,232
TEL ,2019-11-04 16:45:21,232
TEL ,2019-11-04 17:45:21,232
TEL ,2019-11-04 18:45:21,232
TEL ,2019-11-04 19:45:23,232
TEL ,2019-11-04 20:45:20,232
TEL ,2019-11-04 21:45:21,232
TEL ,2019-11-04 22:45:21,232
TEL ,2019-11-04 23:45:20,232
TEL ,2019-11-05 00:45:21,232
TEL ,2019-11-05 01:45:21,232
TEL ,2019-11-05 02:45:24,232
TEL ,2019-11-05 03:45:21,232
TEL ,2019-11-05 04:45:19,232
TEL ,2019-11-05 05:45:25,232
TEL ,2019-11-05 06:45:22,232
TEL ,2019-11-05 07:45:20,232
TEL ,2019-11-05 08:45:22,232
TEL ,2019-11-05 09:45:24,232
TEL ,2019-11-05 10:45:21,232
TEL ,2019-11-05 11:45:21,232
TEL ,2019-11-05 12:45:21,232
TEL ,2019-11-05 14:10:54,232
TEL ,2019-11-05 14:45:27,232
TEL ,2019-11-05 15:45:21,232
TEL ,2019-11-05 16:45:21,232
TEL ,2019-11-05 17:45:21,231
TEL ,2019-11-05 18:45:20,231
TEL ,2019-11-05 19:45:23,231
TEL ,2019-11-05 20:45:24,231
TEL ,2019-11-05 21:45:21,231
TEL ,2019-11-05 22:45:22,231
TEL ,2019-11-05 23:45:20,231
TEL ,2019-11-06 00:45:21,231
TEL ,2019-11-06 01:45:22,231
TEL ,2019-11-06 02:45:22,231
TEL ,2019-11-06 03:45:22,231
TEL ,2019-11-06 04:45:26,231
TEL ,2019-11-06 05:45:21,231
TEL ,2019-11-06 06:45:27,231
TEL ,2019-11-06 07:45:20,231
TEL ,2019-11-06 08:45:21,231
TEL ,2019-11-06 09:45:23,231
TEL ,2019-11-06 10:45:23,231
TEL ,2019-11-06 11:45:20,231
TEL ,2019-11-06 12:45:20,231
TEL ,2019-11-06 13:45:21,231
TEL ,2019-11-06 14:45:27,231
TEL ,2019-11-06 15:45:23,231
TEL ,2019-11-06 16:45:24,231
TEL ,2019-11-06 17:45:23,231
TEL ,2019-11-06 18:45:24,231
TEL ,2019-11-06 19:45:23,231
TEL ,2019-11-06 20:45:27,232
TEL ,2019-11-06 21:45:24,233
TEL ,2019-11-06 22:45:23,233
TEL ,2019-11-06 23:45:23,233
TEL ,2019-11-07 00:45:22,233
TEL ,2019-11-07 01:45:21,233
TEL ,2019-11-07 02:45:23,233
TEL ,2019-11-07 03:45:22,233
TEL ,2019-11-07 04:45:25,233
TEL ,2019-11-07 05:45:23,233
TEL ,2019-11-07 06:45:21,233
TEL ,2019-11-07 07:45:23,233
TEL ,2019-11-07 08:45:22,233
TEL ,2019-11-07 09:45:23,233
TEL ,2019-11-07 10:45:20,233
TEL ,2019-11-07 11:45:20,233
TEL ,2019-11-07 12:45:21,233
TEL ,2019-11-07 14:09:23,233
TEL ,2019-11-07 14:45:55,233
TEL ,2019-11-07 15:45:25,233
TEL ,2019-11-07 16:45:24,233
TEL ,2019-11-07 17:45:25,233
TEL ,2019-11-07 18:45:24,233
TEL ,2019-11-07 19:45:25,233
TEL ,2019-11-07 21:09:59,233
TEL ,2019-11-07 21:45:27,233
TEL ,2019-11-07 22:45:29,233
TEL ,2019-11-07 23:45:30,234
TEL ,2019-11-08 00:45:33,234
TEL ,2019-11-08 01:45:28,234
TEL ,2019-11-08 02:45:34,234
TEL ,2019-11-08 03:45:31,234
TEL ,2019-11-08 04:45:30,234
TEL ,2019-11-08 05:45:31,234
TEL ,2019-11-08 06:45:26,234
TEL ,2019-11-08 07:45:26,234
TEL ,2019-11-08 08:45:32,234
TEL ,2019-11-08 09:45:28,234
TEL ,2019-11-08 10:45:28,234
TEL ,2019-11-08 11:45:25,234
TEL ,2019-11-08 12:45:26,234
TEL ,2019-11-08 14:11:04,234
TEL ,2019-11-08 14:46:04,234
TEL ,2019-11-08 15:45:28,234
TEL ,2019-11-08 16:45:28,234
TEL ,2019-11-08 17:45:30,234
TEL ,2019-11-08 18:45:29,234
TEL ,2019-11-08 19:45:33,234
TEL ,2019-11-08 20:45:28,234
TEL ,2019-11-08 21:45:30,234
TEL ,2019-11-08 22:45:29,234
TEL ,2019-11-08 23:45:30,234
TEL ,2019-11-09 00:45:31,234
TEL ,2019-11-09 01:45:30,234
TEL ,2019-11-09 02:45:30,234
TEL ,2019-11-09 03:45:29,234
TEL ,2019-11-09 04:45:31,234
TEL ,2019-11-09 05:45:27,234
TEL ,2019-11-09 06:45:28,234
TEL ,2019-11-09 07:45:30,234
TEL ,2019-11-09 08:45:31,234
TEL ,2019-11-09 09:45:29,234
TEL ,2019-11-09 10:45:27,234
TEL ,2019-11-09 11:45:32,234
TEL ,2019-11-09 12:45:29,234
TEL ,2019-11-09 13:45:27,234
TEL ,2019-11-09 14:45:31,234
TEL ,2019-11-09 15:45:33,234
TEL ,2019-11-09 16:45:29,234
TEL ,2019-11-09 17:45:30,234
TEL ,2019-11-09 18:45:27,234
TEL ,2019-11-09 19:45:29,234
TEL ,2019-11-09 20:45:32,234
TEL ,2019-11-09 21:45:28,234
TEL ,2019-11-09 22:45:32,234
TEL ,2019-11-09 23:45:29,234
TEL ,2019-11-10 00:45:28,234
TEL ,2019-11-10 01:45:29,234
TEL ,2019-11-10 02:45:31,234
TEL ,2019-11-10 03:45:27,234
TEL ,2019-11-10 04:45:29,234
TEL ,2019-11-10 05:45:29,234
TEL ,2019-11-10 06:45:27,234
TEL ,2019-11-10 07:45:26,234
TEL ,2019-11-10 08:45:32,234
TEL ,2019-11-10 09:45:31,234
TEL ,2019-11-10 10:45:27,234
TEL ,2019-11-10 11:45:27,234
TEL ,2019-11-10 12:45:29,234
TEL ,2019-11-10 13:45:27,234
TEL ,2019-11-10 14:45:26,234
TEL ,2019-11-10 15:45:31,234
TEL ,2019-11-10 16:45:28,234
TEL ,2019-11-10 17:45:29,234
TEL ,2019-11-10 18:45:30,234
TEL ,2019-11-10 19:45:27,234
TEL ,2019-11-10 20:45:28,234
TEL ,2019-11-10 21:45:26,234
TEL ,2019-11-10 22:45:30,234
TEL ,2019-11-10 23:45:31,234
TEL ,2019-11-11 00:45:29,234
TEL ,2019-11-11 01:45:31,234
TEL ,2019-11-11 02:45:30,234
TEL ,2019-11-11 03:45:30,234
TEL ,2019-11-11 04:45:30,234
TEL ,2019-11-11 05:45:32,234
TEL ,2019-11-11 06:45:28,234
TEL ,2019-11-11 07:45:30,234
TEL ,2019-11-11 08:45:33,234
TEL ,2019-11-11 09:45:31,234
TEL ,2019-11-11 10:45:31,234
TEL ,2019-11-11 11:45:28,234
TEL ,2019-11-11 12:45:31,234
TEL ,2019-11-11 13:45:31,234
TEL ,2019-11-11 14:45:35,234
TEL ,2019-11-11 15:45:35,234
TEL ,2019-11-11 16:45:31,234
TEL ,2019-11-11 17:45:33,233
TEL ,2019-11-11 18:45:35,233
TEL ,2019-11-11 19:45:31,232
TEL ,2019-11-11 21:45:31,232
TEL ,2019-11-11 22:45:28,232
TEL ,2019-11-11 23:45:29,232
TEL ,2019-11-12 00:45:26,232
TEL ,2019-11-12 01:45:28,232
TEL ,2019-11-12 02:45:34,232
TEL ,2019-11-12 03:45:29,232
TEL ,2019-11-12 04:45:27,232
TEL ,2019-11-12 05:45:31,232
TEL ,2019-11-12 06:45:28,232
TEL ,2019-11-12 07:45:31,232
TEL ,2019-11-12 08:45:27,232
TEL ,2019-11-12 09:45:27,232
TEL ,2019-11-12 10:45:26,232
TEL ,2019-11-12 11:45:31,232
TEL ,2019-11-12 12:45:33,232
TEL ,2019-11-12 14:09:32,232
TEL ,2019-11-12 14:45:34,232
TEL ,2019-11-12 15:45:28,231
TEL ,2019-11-12 16:45:30,229
TEL ,2019-11-12 17:45:30,229
TEL ,2019-11-12 18:45:33,229
TEL ,2019-11-12 19:45:27,229
TEL ,2019-11-12 20:45:27,229
TEL ,2019-11-12 21:45:28,229
TEL ,2019-11-12 22:45:32,229
TEL ,2019-11-12 23:45:28,229
TEL ,2019-11-13 00:45:34,229
TEL ,2019-11-13 01:45:28,229
TEL ,2019-11-13 02:45:30,229
TEL ,2019-11-13 03:45:32,229
TEL ,2019-11-13 04:45:29,229
TEL ,2019-11-13 05:45:38,229
TEL ,2019-11-13 06:45:28,229
TEL ,2019-11-13 07:45:35,229
TEL ,2019-11-13 08:45:32,229
TEL ,2019-11-13 09:45:30,229
TEL ,2019-11-13 10:45:29,229
TEL ,2019-11-13 11:45:34,229
TEL ,2019-11-13 12:45:27,229
TEL ,2019-11-13 13:45:27,228
TEL ,2019-11-13 15:45:34,228
TEL ,2019-11-13 16:45:28,228
TEL ,2019-11-13 17:45:29,228
TEL ,2019-11-13 18:45:32,227
TEL ,2019-11-13 19:45:28,227
TEL ,2019-11-13 20:45:27,227
TEL ,2019-11-13 21:45:27,228
TEL ,2019-11-13 22:45:29,228
TEL ,2019-11-13 23:45:29,228
TEL ,2019-11-14 00:45:28,228
TEL ,2019-11-14 01:45:26,228
TEL ,2019-11-14 02:45:34,228
TEL ,2019-11-14 03:45:26,228
TEL ,2019-11-14 04:45:27,228
TEL ,2019-11-14 05:45:33,228
TEL ,2019-11-14 06:45:26,228
TEL ,2019-11-14 07:45:34,228
TEL ,2019-11-14 08:45:31,228
TEL ,2019-11-14 09:45:32,228
TEL ,2019-11-14 10:45:30,228
TEL ,2019-11-14 11:45:34,228
TEL ,2019-11-14 12:45:26,228
TEL ,2019-11-14 14:09:08,228
TEL ,2019-11-14 14:45:32,228
TEL ,2019-11-14 15:45:29,228
TEL ,2019-11-14 17:45:31,228
TEL ,2019-11-14 18:45:28,228
TEL ,2019-11-14 19:45:29,228
TEL ,2019-11-14 20:45:29,228
TEL ,2019-11-14 21:45:35,228
TEL ,2019-11-14 22:45:28,228
TEL ,2019-11-14 23:45:30,228
TEL ,2019-11-15 00:45:29,228
TEL ,2019-11-15 01:45:29,228
TEL ,2019-11-15 02:45:28,228
TEL ,2019-11-15 03:45:29,228
TEL ,2019-11-15 04:45:30,228
TEL ,2019-11-15 05:45:31,228
TEL ,2019-11-15 06:45:31,228
TEL ,2019-11-15 07:45:28,228
TEL ,2019-11-15 08:45:38,228
TEL ,2019-11-15 09:45:28,228
TEL ,2019-11-15 10:45:28,228
TEL ,2019-11-15 11:45:27,228
TEL ,2019-11-15 12:45:33,228
TEL ,2019-11-15 14:12:01,228
TEL ,2019-11-15 15:45:36,228
TEL ,2019-11-15 16:45:28,228
TEL ,2019-11-15 17:45:29,228
TEL ,2019-11-15 18:45:36,228
TEL ,2019-11-15 19:45:31,228
TEL ,2019-11-15 20:45:33,228
TEL ,2019-11-15 21:45:26,228
TEL ,2019-11-15 22:45:30,228
TEL ,2019-11-15 23:45:29,228
TEL ,2019-11-16 00:45:31,228
TEL ,2019-11-16 01:45:27,228
TEL ,2019-11-16 02:45:30,228
TEL ,2019-11-16 03:45:27,228
TEL ,2019-11-16 04:45:30,228
TEL ,2019-11-16 05:45:28,228
TEL ,2019-11-16 06:45:30,228
TEL ,2019-11-16 07:45:28,228
TEL ,2019-11-16 08:45:30,228
TEL ,2019-11-16 09:45:34,228
TEL ,2019-11-16 10:45:26,228
TEL ,2019-11-16 11:45:27,228
TEL ,2019-11-16 12:45:33,228
TEL ,2019-11-16 13:45:31,228
TEL ,2019-11-16 14:45:30,228
TEL ,2019-11-16 15:45:29,228
TEL ,2019-11-16 16:45:28,228
TEL ,2019-11-16 17:45:31,228
TEL ,2019-11-16 18:45:27,228
TEL ,2019-11-16 19:45:27,228
TEL ,2019-11-16 20:45:26,228
TEL ,2019-11-16 21:45:27,228
TEL ,2019-11-16 22:45:27,228
TEL ,2019-11-16 23:45:26,228
TEL ,2019-11-17 00:45:26,228
TEL ,2019-11-17 01:45:25,228
TEL ,2019-11-17 02:45:31,228
TEL ,2019-11-17 03:45:26,228
TEL ,2019-11-17 04:45:28,228
TEL ,2019-11-17 05:45:28,228
TEL ,2019-11-17 06:45:29,228
TEL ,2019-11-17 07:45:30,228
TEL ,2019-11-17 08:45:27,228
TEL ,2019-11-17 10:45:34,228
TEL ,2019-11-17 11:45:31,228
TEL ,2019-11-17 12:45:28,228
TEL ,2019-11-17 13:45:28,228
TEL ,2019-11-17 14:45:26,228
TEL ,2019-11-17 15:45:26,228
TEL ,2019-11-17 16:45:29,228
TEL ,2019-11-17 17:45:25,228
TEL ,2019-11-17 18:45:25,228
TEL ,2019-11-17 19:45:26,228
TEL ,2019-11-17 20:45:30,228
TEL ,2019-11-17 21:45:31,228
TEL ,2019-11-17 22:45:28,228
TEL ,2019-11-17 23:45:31,228
TEL ,2019-11-18 00:45:26,228
TEL ,2019-11-18 01:45:25,228
TEL ,2019-11-18 02:45:28,228
TEL ,2019-11-18 03:45:26,228
TEL ,2019-11-18 04:45:25,228
TEL ,2019-11-18 05:45:29,228
TEL ,2019-11-18 06:45:25,228
TEL ,2019-11-18 07:45:27,228
TEL ,2019-11-18 08:45:33,228
TEL ,2019-11-18 09:45:33,228
TEL ,2019-11-18 10:45:29,228
TEL ,2019-11-18 11:45:26,228
TEL ,2019-11-18 12:45:29,228
TEL ,2019-11-18 14:10:34,228
TEL ,2019-11-18 14:45:28,228
TEL ,2019-11-18 15:45:33,228
TEL ,2019-11-18 16:45:30,229
TEL ,2019-11-18 17:45:32,228
TEL ,2019-11-18 18:45:32,228
TEL ,2019-11-18 19:45:28,229
TEL ,2019-11-18 20:45:32,229
TEL ,2019-11-18 21:45:30,229
TEL ,2019-11-18 22:45:26,229
TEL ,2019-11-18 23:45:30,229
TEL ,2019-11-19 00:45:28,229
TEL ,2019-11-19 01:45:28,229
TEL ,2019-11-19 02:45:27,229
TEL ,2019-11-19 03:45:27,229
TEL ,2019-11-19 04:45:29,229
TEL ,2019-11-19 05:45:26,229
TEL ,2019-11-19 06:45:29,229
TEL ,2019-11-19 07:45:27,229
TEL ,2019-11-19 08:45:28,229
TEL ,2019-11-19 09:45:33,229
TEL ,2019-11-19 10:45:27,229
TEL ,2019-11-19 11:45:26,229
TEL ,2019-11-19 12:45:28,229
TEL ,2019-11-19 14:10:34,229
TEL ,2019-11-19 14:45:30,229
TEL ,2019-11-19 15:45:30,229
TEL ,2019-11-19 16:45:28,229
TEL ,2019-11-19 17:45:35,230
TEL ,2019-11-19 18:45:27,230
TEL ,2019-11-19 19:45:30,230
TEL ,2019-11-19 20:45:30,231
TEL ,2019-11-19 21:45:32,231
TEL ,2019-11-19 22:45:29,231
TEL ,2019-11-19 23:45:29,231
TEL ,2019-11-20 00:45:30,231
TEL ,2019-11-20 01:45:29,231
TEL ,2019-11-20 02:45:31,231
TEL ,2019-11-20 03:45:30,231
TEL ,2019-11-20 04:45:28,231
TEL ,2019-11-20 05:45:30,231
TEL ,2019-11-20 06:45:30,231
TEL ,2019-11-20 07:45:31,231
TEL ,2019-11-20 08:45:35,231
TEL ,2019-11-20 09:45:38,231
TEL ,2019-11-20 10:45:38,231
TEL ,2019-11-20 11:45:36,231
TEL ,2019-11-20 12:45:36,231
TEL ,2019-11-20 14:10:08,231
TEL ,2019-11-20 14:45:37,231
TEL ,2019-11-20 15:45:34,231
TEL ,2019-11-20 16:45:35,232
TEL ,2019-11-20 22:45:33,235
TEL ,2019-11-20 23:45:27,235
TEL ,2019-11-21 00:45:27,235
TEL ,2019-11-21 01:45:27,235
TEL ,2019-11-21 02:45:31,235
TEL ,2019-11-21 03:45:28,235
TEL ,2019-11-21 04:45:26,235
TEL ,2019-11-21 05:45:29,235
TEL ,2019-11-21 06:45:31,235
TEL ,2019-11-21 07:45:26,235
TEL ,2019-11-21 08:45:26,235
TEL ,2019-11-21 09:45:28,235
TEL ,2019-11-21 10:45:29,235
TEL ,2019-11-21 11:45:28,235
TEL ,2019-11-21 12:45:27,235
TEL ,2019-11-21 14:09:30,235
TEL ,2019-11-21 14:45:33,235
TEL ,2019-11-21 15:45:27,232
TEL ,2019-11-21 16:45:28,232
TEL ,2019-11-21 17:45:30,232
TEL ,2019-11-21 18:45:26,231
TEL ,2019-11-21 19:45:26,230
TEL ,2019-11-21 20:45:26,230
TEL ,2019-11-21 21:45:27,230
TEL ,2019-11-21 22:45:27,230
TEL ,2019-11-21 23:45:27,230
TEL ,2019-11-22 00:45:27,230
TEL ,2019-11-22 01:45:31,230
TEL ,2019-11-22 02:45:26,230
TEL ,2019-11-22 03:45:26,230
TEL ,2019-11-22 04:45:25,230
TEL ,2019-11-22 05:45:31,230
TEL ,2019-11-22 06:45:28,230
TEL ,2019-11-22 07:45:31,230
TEL ,2019-11-22 08:45:34,230
TEL ,2019-11-22 09:45:33,230
TEL ,2019-11-22 10:45:32,230
TEL ,2019-11-22 11:45:28,230
TEL ,2019-11-22 12:46:28,230
TEL ,2019-11-22 13:45:26,230
TEL ,2019-11-22 14:45:29,230
TEL ,2019-11-22 15:45:24,230
TEL ,2019-11-22 16:45:25,230
TEL ,2019-11-22 17:45:31,230
TEL ,2019-11-22 18:45:30,230
TEL ,2019-11-22 19:45:26,230
TEL ,2019-11-22 20:45:27,230
TEL ,2019-11-22 21:45:26,230
TEL ,2019-11-22 22:45:26,230
TEL ,2019-11-22 23:45:28,230
TEL ,2019-11-23 00:45:34,230
TEL ,2019-11-23 01:45:26,230
TEL ,2019-11-23 02:45:26,230
TEL ,2019-11-23 03:45:25,230
TEL ,2019-11-23 04:45:31,230
TEL ,2019-11-23 05:45:26,230
TEL ,2019-11-23 06:45:28,230
TEL ,2019-11-23 07:45:28,230
TEL ,2019-11-23 08:45:28,230
TEL ,2019-11-23 09:45:30,230
TEL ,2019-11-23 10:45:29,230
TEL ,2019-11-23 11:45:25,230
TEL ,2019-11-23 12:45:25,230
TEL ,2019-11-23 13:45:26,230
TEL ,2019-11-23 14:45:26,230
TEL ,2019-11-23 15:45:26,230
TEL ,2019-11-23 16:45:26,230
TEL ,2019-11-23 17:45:27,230
TEL ,2019-11-23 18:45:26,230
TEL ,2019-11-23 19:45:28,230
TEL ,2019-11-23 20:45:24,230
TEL ,2019-11-23 21:45:27,230
TEL ,2019-11-23 22:45:24,230
TEL ,2019-11-23 23:45:24,230
TEL ,2019-11-24 00:45:28,230
TEL ,2019-11-24 01:45:24,230
TEL ,2019-11-24 02:45:25,230
TEL ,2019-11-24 03:45:25,230
TEL ,2019-11-24 04:45:23,230
TEL ,2019-11-24 05:45:24,230
TEL ,2019-11-24 06:45:25,230
TEL ,2019-11-24 07:45:23,230
TEL ,2019-11-24 08:45:27,230
TEL ,2019-11-24 09:45:29,230
TEL ,2019-11-24 10:45:28,230
TEL ,2019-11-24 11:45:26,230
TEL ,2019-11-24 12:45:23,230
TEL ,2019-11-24 13:45:23,230
TEL ,2019-11-24 14:45:25,230
TEL ,2019-11-24 15:45:26,230
TEL ,2019-11-24 16:45:25,230
TEL ,2019-11-24 17:45:24,230
TEL ,2019-11-24 18:45:27,230
TEL ,2019-11-24 19:45:25,230
TEL ,2019-11-24 20:45:28,230
TEL ,2019-11-24 21:45:25,230
TEL ,2019-11-24 22:45:29,230
TEL ,2019-11-24 23:45:26,230
TEL ,2019-11-25 00:45:26,230
TEL ,2019-11-25 01:45:29,230
TEL ,2019-11-25 02:45:27,230
TEL ,2019-11-25 04:45:24,230
TEL ,2019-11-25 05:45:26,230
TEL ,2019-11-25 06:45:25,230
TEL ,2019-11-25 07:45:26,230
TEL ,2019-11-25 08:45:32,230
TEL ,2019-11-25 09:45:32,230
TEL ,2019-11-25 10:45:31,230
TEL ,2019-11-25 11:45:29,230
TEL ,2019-11-25 12:45:30,230
TEL ,2019-11-25 13:45:25,230
TEL ,2019-11-25 14:45:27,230
TEL ,2019-11-25 15:45:30,231
TEL ,2019-11-25 16:45:26,229
TEL ,2019-11-25 17:45:31,229
TEL ,2019-11-25 18:45:25,229
TEL ,2019-11-25 19:45:28,230
TEL ,2019-11-25 20:45:28,230
TEL ,2019-11-25 21:45:25,230
TEL ,2019-11-25 22:45:32,230
TEL ,2019-11-25 23:45:27,230
TEL ,2019-11-26 00:45:29,230
TEL ,2019-11-26 01:45:27,230
TEL ,2019-11-26 02:45:29,230
TEL ,2019-11-26 03:45:28,230
TEL ,2019-11-26 04:45:26,230
TEL ,2019-11-26 05:45:32,230
TEL ,2019-11-26 06:45:37,230
TEL ,2019-11-26 07:45:28,230
TEL ,2019-11-26 08:45:31,230
TEL ,2019-11-26 20:45:32,232
TEL ,2019-11-26 21:45:29,232
TEL ,2019-11-26 22:45:33,232
TEL ,2019-11-26 23:45:28,232
TEL ,2019-11-27 00:45:32,232
TEL ,2019-11-27 01:45:28,232
TEL ,2019-11-27 02:45:27,232
TEL ,2019-11-27 03:45:29,232
TEL ,2019-11-27 04:45:27,232
TEL ,2019-11-27 05:45:29,232
TEL ,2019-11-27 06:45:29,232
TEL ,2019-11-27 07:45:28,232
TEL ,2019-11-27 08:45:35,232
TEL ,2019-11-27 09:45:35,232
TEL ,2019-11-27 10:45:26,232
TEL ,2019-11-27 11:45:25,232
TEL ,2019-11-27 12:45:34,232
TEL ,2019-11-27 13:45:27,232
TEL ,2019-11-27 14:45:30,232
TEL ,2019-11-27 15:45:34,232
TEL ,2019-11-27 16:45:30,230
TEL ,2019-11-27 17:45:28,230
TEL ,2019-11-27 18:45:30,230
TEL ,2019-11-27 19:45:30,230
TEL ,2019-11-27 20:45:27,230
TEL ,2019-11-27 21:45:27,229
TEL ,2019-11-27 22:45:30,229
TEL ,2019-11-27 23:45:29,229
TEL ,2019-11-28 00:45:29,229
TEL ,2019-11-28 01:45:30,229
TEL ,2019-11-28 02:45:33,229
TEL ,2019-11-28 03:45:31,229
TEL ,2019-11-28 04:45:30,229
TEL ,2019-11-28 05:45:27,229
TEL ,2019-11-28 06:45:28,229
TEL ,2019-11-28 07:45:31,229
TEL ,2019-11-28 08:45:29,229
TEL ,2019-11-28 09:45:36,229
TEL ,2019-11-28 10:45:32,229
TEL ,2019-11-28 11:45:28,229
TEL ,2019-11-28 12:45:27,229
TEL ,2019-11-28 13:45:26,229
TEL ,2019-11-28 14:45:27,229
TEL ,2019-11-28 15:45:28,229
TEL ,2019-11-28 16:45:27,229
TEL ,2019-11-28 17:45:29,229
TEL ,2019-11-28 18:45:28,229
TEL ,2019-11-28 19:45:27,229
TEL ,2019-11-28 20:45:26,229
TEL ,2019-11-28 21:45:27,229
TEL ,2019-11-28 22:45:26,229
TEL ,2019-11-28 23:45:28,229
TEL ,2019-11-29 00:45:27,229
TEL ,2019-11-29 01:45:27,229
TEL ,2019-11-29 02:45:27,229
TEL ,2019-11-29 04:45:30,229
TEL ,2019-11-29 05:45:30,229
TEL ,2019-11-29 06:45:28,229
TEL ,2019-11-29 07:45:30,229
TEL ,2019-11-29 08:45:39,229
TEL ,2019-11-29 09:45:41,229
TEL ,2019-11-29 10:45:49,229
TEL ,2019-11-29 11:45:34,229
TEL ,2019-11-29 12:45:33,229
TEL ,2019-11-29 13:45:37,229
TEL ,2019-11-29 14:45:38,229
TEL ,2019-11-29 15:45:35,229
TEL ,2019-11-29 16:45:39,230
TEL ,2019-11-29 17:45:40,230
TEL ,2019-11-29 18:45:36,230
TEL ,2019-11-29 20:45:35,230
TEL ,2019-11-29 21:45:27,229
TEL ,2019-11-29 22:45:37,229
TEL ,2019-11-29 23:45:33,229
TEL ,2019-11-30 00:45:29,229
TEL ,2019-11-30 01:45:28,229
TEL ,2019-11-30 02:45:30,229
TEL ,2019-11-30 03:45:32,229
TEL ,2019-11-30 04:45:32,229
TEL ,2019-11-30 05:45:35,229
TEL ,2019-11-30 06:45:32,229
TEL ,2019-11-30 07:45:32,229
TEL ,2019-11-30 08:45:31,229
TEL ,2019-11-30 21:45:56,229
TEL ,2019-11-30 22:45:37,229
TEL ,2019-11-30 23:45:32,229
TEL ,2019-12-01 00:45:34,229
TEL ,2019-12-01 01:45:28,229
TEL ,2019-12-01 02:45:37,229
TEL ,2019-12-01 22:45:41,229
TEL ,2019-12-01 23:45:28,229
TEL ,2019-12-02 00:45:26,229
TEL ,2019-12-02 01:45:33,229
TEL ,2019-12-02 02:45:31,229
TEL ,2019-12-02 06:19:17,229
TEL ,2019-12-02 06:47:52,229
TEL ,2019-12-02 07:47:59,229
TEL ,2019-12-02 08:47:49,229
TEL ,2019-12-02 09:47:49,229
TEL ,2019-12-02 10:47:51,229
TEL ,2019-12-02 11:47:51,229
TEL ,2019-12-02 12:47:47,229
TEL ,2019-12-02 14:10:13,229
TEL ,2019-12-02 14:47:55,229
TEL ,2019-12-02 15:47:59,229
TEL ,2019-12-02 16:47:51,230
TEL ,2019-12-02 17:48:16,230
TEL ,2019-12-02 18:48:13,230
TEL ,2019-12-02 19:48:15,230
TEL ,2019-12-02 20:48:09,230
TEL ,2019-12-02 21:48:13,230
TEL ,2019-12-02 22:48:34,231
TEL ,2019-12-02 23:48:15,231
TEL ,2019-12-03 00:47:58,231
TEL ,2019-12-03 01:48:15,231
TEL ,2019-12-03 02:48:12,231
TEL ,2019-12-03 03:48:13,231
TEL ,2019-12-03 04:48:13,231
TEL ,2019-12-03 05:48:16,231
TEL ,2019-12-03 06:47:52,231
TEL ,2019-12-03 07:47:50,231
TEL ,2019-12-03 08:47:50,231
TEL ,2019-12-03 09:48:08,231
TEL ,2019-12-03 10:48:13,231
TEL ,2019-12-03 11:48:00,231
TEL ,2019-12-03 12:47:47,231
TEL ,2019-12-03 13:47:45,231
TEL ,2019-12-03 14:48:14,231
TEL ,2019-12-03 15:47:49,230
TEL ,2019-12-03 16:48:13,231
TEL ,2019-12-03 17:48:10,231
TEL ,2019-12-03 18:48:09,231
TEL ,2019-12-03 19:48:08,231
TEL ,2019-12-03 20:48:10,232
TEL ,2019-12-03 21:48:40,232
TEL ,2019-12-03 22:48:13,232
TEL ,2019-12-03 23:48:30,232
TEL ,2019-12-04 00:48:47,232
TEL ,2019-12-04 01:48:54,232
TEL ,2019-12-04 02:48:35,232
TEL ,2019-12-04 03:48:21,232
TEL ,2019-12-04 04:48:19,232
TEL ,2019-12-04 06:48:22,232
TEL ,2019-12-04 07:48:19,232
TEL ,2019-12-04 08:47:59,232
TEL ,2019-12-04 09:48:00,232
TEL ,2019-12-04 10:47:56,232
TEL ,2019-12-04 11:48:00,232
TEL ,2019-12-04 12:47:57,232
TEL ,2019-12-04 14:09:44,232
TEL ,2019-12-04 14:48:28,232
TEL ,2019-12-04 15:48:25,232
TEL ,2019-12-04 16:48:18,232
TEL ,2019-12-04 17:48:18,231
TEL ,2019-12-04 18:48:18,231
TEL ,2019-12-04 19:48:20,231
TEL ,2019-12-04 20:48:16,231
TEL ,2019-12-04 21:48:12,231
TEL ,2019-12-04 22:48:12,231
TEL ,2019-12-04 23:48:13,231
TEL ,2019-12-05 00:48:17,231
TEL ,2019-12-05 01:48:17,231
TEL ,2019-12-05 02:48:16,231
TEL ,2019-12-05 03:48:17,231
TEL ,2019-12-05 04:48:15,231
TEL ,2019-12-05 06:48:16,231
TEL ,2019-12-05 07:47:53,231
TEL ,2019-12-05 08:48:14,231
TEL ,2019-12-05 09:47:48,231
TEL ,2019-12-05 10:47:48,231
TEL ,2019-12-05 11:47:49,231
TEL ,2019-12-05 12:47:47,231
TEL ,2019-12-05 13:48:12,231
TEL ,2019-12-05 14:48:19,231
TEL ,2019-12-05 15:48:13,232
TEL ,2019-12-05 16:48:13,232
TEL ,2019-12-05 17:48:13,233
TEL ,2019-12-05 18:48:14,233
TEL ,2019-12-05 20:10:15,234
TEL ,2019-12-05 20:48:25,234
TEL ,2019-12-05 21:48:12,234
TEL ,2019-12-05 22:48:13,234
TEL ,2019-12-05 23:47:54,234
TEL ,2019-12-06 00:48:13,234
TEL ,2019-12-06 01:48:11,234
TEL ,2019-12-06 02:48:19,234
TEL ,2019-12-06 03:48:15,234
TEL ,2019-12-06 04:48:11,234
TEL ,2019-12-06 05:48:27,234
TEL ,2019-12-06 06:48:23,234
TEL ,2019-12-06 07:48:19,234
TEL ,2019-12-06 08:48:15,234
TEL ,2019-12-06 09:48:10,234
TEL ,2019-12-06 10:48:15,234
TEL ,2019-12-06 11:48:09,234
TEL ,2019-12-06 12:47:56,234
TEL ,2019-12-06 13:49:08,234
TEL ,2019-12-06 14:48:22,234
TEL ,2019-12-06 15:48:45,232
TEL ,2019-12-06 16:48:17,233
TEL ,2019-12-06 17:48:12,233
TEL ,2019-12-06 18:48:13,233
TEL ,2019-12-06 19:48:16,233
TEL ,2019-12-06 20:48:13,232
TEL ,2019-12-06 21:47:48,232
TEL ,2019-12-06 22:47:50,232
TEL ,2019-12-06 23:47:54,232
TEL ,2019-12-07 00:48:01,232
TEL ,2019-12-07 01:48:46,232
TEL ,2019-12-07 02:48:17,232
TEL ,2019-12-07 03:48:14,232
TEL ,2019-12-07 04:47:59,232
TEL ,2019-12-07 05:48:43,232
TEL ,2019-12-07 06:47:52,232
TEL ,2019-12-07 07:47:55,232
TEL ,2019-12-07 08:47:52,232
TEL ,2019-12-07 09:47:50,232
TEL ,2019-12-07 10:47:50,232
TEL ,2019-12-07 11:47:49,232
TEL ,2019-12-07 12:48:06,232
TEL ,2019-12-07 13:48:26,232
TEL ,2019-12-07 14:48:18,232
TEL ,2019-12-07 15:48:18,232
TEL ,2019-12-07 16:48:15,232
TEL ,2019-12-07 17:48:19,232
TEL ,2019-12-07 18:48:15,232
TEL ,2019-12-07 19:47:52,232
TEL ,2019-12-07 20:48:15,232
TEL ,2019-12-07 21:48:21,232
TEL ,2019-12-07 22:47:55,232
TEL ,2019-12-07 23:47:52,232
TEL ,2019-12-08 00:48:10,232
TEL ,2019-12-08 01:47:51,232
TEL ,2019-12-08 02:48:18,232
TEL ,2019-12-08 03:48:15,232
TEL ,2019-12-08 04:48:11,232
TEL ,2019-12-08 05:48:18,232
TEL ,2019-12-08 06:48:17,232
TEL ,2019-12-08 07:48:14,232
TEL ,2019-12-08 08:48:14,232
TEL ,2019-12-08 09:48:12,232
TEL ,2019-12-08 10:48:14,232
TEL ,2019-12-08 11:47:50,232
TEL ,2019-12-08 12:47:55,232
TEL ,2019-12-08 13:48:10,232
TEL ,2019-12-08 14:48:09,232
TEL ,2019-12-08 15:47:53,232
TEL ,2019-12-08 16:48:14,232
TEL ,2019-12-08 17:48:18,232
TEL ,2019-12-08 18:47:50,232
TEL ,2019-12-08 19:48:09,232
TEL ,2019-12-08 20:48:10,232
TEL ,2019-12-08 21:48:17,232
TEL ,2019-12-08 22:48:17,232
TEL ,2019-12-08 23:48:15,232
TEL ,2019-12-09 00:48:14,232
TEL ,2019-12-09 01:47:50,232
TEL ,2019-12-09 02:48:07,232
TEL ,2019-12-09 03:48:21,232
TEL ,2019-12-09 04:47:54,232
TEL ,2019-12-09 05:47:59,232
TEL ,2019-12-09 06:48:19,232
TEL ,2019-12-09 07:47:56,232
TEL ,2019-12-09 08:47:55,232
TEL ,2019-12-09 09:47:49,232
TEL ,2019-12-09 10:47:52,232
TEL ,2019-12-09 11:47:47,232
TEL ,2019-12-09 12:47:51,232
TEL ,2019-12-09 14:10:46,232
TEL ,2019-12-09 14:48:04,232
TEL ,2019-12-09 15:48:06,231
TEL ,2019-12-09 16:48:27,231
TEL ,2019-12-09 17:48:36,231
TEL ,2019-12-09 18:48:06,231
TEL ,2019-12-09 19:47:52,231
TEL ,2019-12-09 20:48:25,231
TEL ,2019-12-09 21:48:20,231
TEL ,2019-12-09 22:47:53,231
TEL ,2019-12-09 23:48:12,231
TEL ,2019-12-10 00:48:22,231
TEL ,2019-12-10 01:48:14,231
TEL ,2019-12-10 02:48:19,231
TEL ,2019-12-10 03:48:24,231
TEL ,2019-12-10 04:48:15,231
TEL ,2019-12-10 05:48:26,231
TEL ,2019-12-10 06:48:21,231
TEL ,2019-12-10 07:48:16,231
TEL ,2019-12-10 08:48:21,231
TEL ,2019-12-10 09:47:54,231
TEL ,2019-12-10 10:47:54,231
TEL ,2019-12-10 11:47:52,231
TEL ,2019-12-10 12:48:22,231
TEL ,2019-12-10 13:47:51,231
TEL ,2019-12-10 14:47:58,231
TEL ,2019-12-10 15:47:56,231
TEL ,2019-12-10 16:48:27,231
TEL ,2019-12-10 17:48:15,231
TEL ,2019-12-10 18:48:12,231
TEL ,2019-12-10 19:47:56,231
TEL ,2019-12-10 20:48:15,231
TEL ,2019-12-10 21:48:14,231
TEL ,2019-12-10 22:48:22,231
TEL ,2019-12-10 23:48:28,231
TEL ,2019-12-11 00:48:24,231
TEL ,2019-12-11 01:48:28,231
TEL ,2019-12-11 02:48:39,231
TEL ,2019-12-11 03:48:19,231
TEL ,2019-12-11 04:48:25,231
TEL ,2019-12-11 05:48:26,231
TEL ,2019-12-11 06:48:05,231
TEL ,2019-12-11 07:48:02,231
TEL ,2019-12-11 08:48:15,231
TEL ,2019-12-11 09:48:02,231
TEL ,2019-12-11 10:48:06,231
TEL ,2019-12-11 11:48:08,231
TEL ,2019-12-11 12:48:24,231
TEL ,2019-12-11 13:48:13,231
TEL ,2019-12-11 14:48:46,231
TEL ,2019-12-11 15:48:10,231
TEL ,2019-12-11 16:48:29,232
TEL ,2019-12-11 17:48:34,232
TEL ,2019-12-11 18:48:24,232
TEL ,2019-12-11 19:48:32,232
TEL ,2019-12-11 20:48:26,233
TEL ,2019-12-11 21:48:18,232
TEL ,2019-12-11 22:48:23,232
TEL ,2019-12-11 23:48:23,232
TEL ,2019-12-12 00:48:09,232
TEL ,2019-12-12 01:48:45,232
TEL ,2019-12-12 02:48:28,232
TEL ,2019-12-12 03:48:10,232
TEL ,2019-12-12 04:48:25,232
TEL ,2019-12-12 05:48:23,231
TEL ,2019-12-12 06:48:29,231
TEL ,2019-12-12 07:48:23,231
TEL ,2019-12-12 08:48:05,231
TEL ,2019-12-12 09:48:20,231
TEL ,2019-12-12 10:48:20,231
TEL ,2019-12-12 11:48:04,231
TEL ,2019-12-12 12:47:59,231
TEL ,2019-12-12 14:09:16,231
TEL ,2019-12-12 15:48:11,229
TEL ,2019-12-12 16:48:32,229
TEL ,2019-12-12 17:48:08,228
TEL ,2019-12-12 18:48:07,228
TEL ,2019-12-12 19:48:12,228
TEL ,2019-12-12 20:48:17,227
TEL ,2019-12-12 21:48:07,226
TEL ,2019-12-12 22:48:02,226
TEL ,2019-12-12 23:48:09,226
TEL ,2019-12-13 00:49:10,226
TEL ,2019-12-13 01:49:26,226
TEL ,2019-12-13 02:49:22,226
TEL ,2019-12-13 03:49:28,226
TEL ,2019-12-13 04:49:25,226
TEL ,2019-12-13 05:49:37,226
TEL ,2019-12-13 06:49:56,226
TEL ,2019-12-13 07:49:20,226
TEL ,2019-12-13 08:49:09,226
TEL ,2019-12-13 09:49:17,226
TEL ,2019-12-13 10:48:50,226
TEL ,2019-12-13 11:48:59,226
TEL ,2019-12-13 12:49:09,226
TEL ,2019-12-13 14:41:24,226
TEL ,2019-12-13 14:50:03,226
TEL ,2019-12-13 15:49:32,225
TEL ,2019-12-13 16:49:15,225
TEL ,2019-12-13 17:49:24,225
TEL ,2019-12-13 18:49:18,225
TEL ,2019-12-13 19:49:14,225
TEL ,2019-12-13 20:49:53,225
TEL ,2019-12-13 21:49:18,226
TEL ,2019-12-13 22:49:14,226
TEL ,2019-12-13 23:48:52,226
TEL ,2019-12-14 00:49:13,226
TEL ,2019-12-14 01:49:00,226
TEL ,2019-12-14 02:49:18,226
TEL ,2019-12-14 03:49:07,226
TEL ,2019-12-14 04:49:18,226
TEL ,2019-12-14 05:49:11,226
TEL ,2019-12-14 06:49:17,226
TEL ,2019-12-14 07:48:42,226
TEL ,2019-12-14 08:49:02,226
TEL ,2019-12-14 09:48:55,226
TEL ,2019-12-14 10:48:47,226
TEL ,2019-12-14 11:48:50,226
TEL ,2019-12-14 12:48:47,226
TEL ,2019-12-14 13:49:31,226
TEL ,2019-12-14 14:49:06,226
TEL ,2019-12-14 15:49:21,226
TEL ,2019-12-14 16:49:29,226
TEL ,2019-12-14 17:49:02,226
TEL ,2019-12-14 18:49:26,226
TEL ,2019-12-14 19:48:58,226
TEL ,2019-12-14 22:49:28,226
TEL ,2019-12-14 23:49:06,226
TEL ,2019-12-15 00:49:18,226
TEL ,2019-12-15 01:49:31,226
TEL ,2019-12-15 02:49:23,226
TEL ,2019-12-15 03:49:12,226
TEL ,2019-12-15 04:49:20,226
TEL ,2019-12-15 05:48:50,226
TEL ,2019-12-15 06:49:10,226
TEL ,2019-12-15 07:48:58,226
TEL ,2019-12-15 08:48:55,226
TEL ,2019-12-15 09:48:37,226
TEL ,2019-12-15 10:48:44,226
TEL ,2019-12-15 11:49:05,226
TEL ,2019-12-15 13:48:56,226
TEL ,2019-12-15 14:48:49,226
TEL ,2019-12-15 15:49:21,226
TEL ,2019-12-15 16:49:14,226
TEL ,2019-12-15 17:49:12,226
TEL ,2019-12-15 19:49:06,226
TEL ,2019-12-15 20:49:12,226
TEL ,2019-12-15 21:49:05,226
TEL ,2019-12-15 22:48:54,226
TEL ,2019-12-15 23:49:12,226
TEL ,2019-12-16 00:49:11,226
TEL ,2019-12-16 01:49:33,226
TEL ,2019-12-16 02:49:02,226
TEL ,2019-12-16 04:50:01,226
TEL ,2019-12-16 05:49:31,226
TEL ,2019-12-16 06:49:25,226
TEL ,2019-12-16 07:48:52,226
TEL ,2019-12-16 08:48:49,226
TEL ,2019-12-16 09:48:54,226
TEL ,2019-12-16 10:48:50,226
TEL ,2019-12-16 11:49:03,226
TEL ,2019-12-16 12:49:08,226
TEL ,2019-12-16 13:49:09,226
TEL ,2019-12-16 14:51:18,226
TEL ,2019-12-16 16:08:45,226
TEL ,2019-12-16 16:49:53,226
TEL ,2019-12-16 17:49:35,226
TEL ,2019-12-16 18:49:32,226
TEL ,2019-12-16 19:49:15,226
TEL ,2019-12-16 20:49:20,226
TEL ,2019-12-16 21:49:15,227
TEL ,2019-12-16 22:49:12,227
TEL ,2019-12-16 23:49:06,227
TEL ,2019-12-17 00:48:46,227
TEL ,2019-12-17 01:49:10,227
TEL ,2019-12-17 02:49:34,227
TEL ,2019-12-17 03:49:18,227
TEL ,2019-12-17 04:49:35,227
TEL ,2019-12-17 05:49:19,227
TEL ,2019-12-17 06:49:29,227
TEL ,2019-12-17 07:49:02,227
TEL ,2019-12-17 08:49:24,227
TEL ,2019-12-17 09:48:44,227
TEL ,2019-12-17 10:48:56,227
TEL ,2019-12-17 11:48:34,227
TEL ,2019-12-17 12:48:44,227
TEL ,2019-12-17 14:10:15,227
TEL ,2019-12-17 14:50:08,227
TEL ,2019-12-17 15:49:41,227
TEL ,2019-12-17 16:49:30,227
TEL ,2019-12-17 17:49:30,226
TEL ,2019-12-17 18:49:13,226
TEL ,2019-12-17 19:49:42,226
TEL ,2019-12-17 20:49:30,226
TEL ,2019-12-17 21:49:01,226
TEL ,2019-12-17 22:49:18,226
TEL ,2019-12-17 23:49:21,226
TEL ,2019-12-18 01:49:53,226
TEL ,2019-12-18 02:49:30,226
TEL ,2019-12-18 03:49:14,226
TEL ,2019-12-18 04:48:47,226
TEL ,2019-12-18 05:49:11,226
TEL ,2019-12-18 06:49:06,226
TEL ,2019-12-18 07:48:53,226
TEL ,2019-12-18 08:49:18,226
TEL ,2019-12-18 09:48:58,226
TEL ,2019-12-18 10:48:55,226
TEL ,2019-12-18 11:49:00,226
TEL ,2019-12-18 12:48:56,226
TEL ,2019-12-18 14:09:15,226
TEL ,2019-12-18 14:50:11,226
TEL ,2019-12-18 15:49:24,227
TEL ,2019-12-18 16:49:28,227
TEL ,2019-12-18 17:49:32,226
TEL ,2019-12-18 18:49:20,226
TEL ,2019-12-18 19:49:19,226
TEL ,2019-12-18 20:49:25,226
TEL ,2019-12-18 21:49:03,226
TEL ,2019-12-18 22:49:11,226
TEL ,2019-12-18 23:49:11,226
TEL ,2019-12-19 00:49:13,226
TEL ,2019-12-19 01:49:07,226
TEL ,2019-12-19 02:49:28,226
TEL ,2019-12-19 03:49:04,226
TEL ,2019-12-19 04:49:07,226
TEL ,2019-12-19 05:48:54,226
TEL ,2019-12-19 06:49:21,226
TEL ,2019-12-19 07:49:02,226
TEL ,2019-12-19 08:48:49,226
TEL ,2019-12-19 09:48:48,226
TEL ,2019-12-19 10:48:40,226
TEL ,2019-12-19 11:48:30,226
TEL ,2019-12-19 12:49:02,226
TEL ,2019-12-19 14:10:47,226
TEL ,2019-12-19 14:49:53,226
TEL ,2019-12-19 15:50:19,227
TEL ,2019-12-19 16:49:52,227
TEL ,2019-12-19 17:49:37,227
TEL ,2019-12-19 18:49:31,227
TEL ,2019-12-19 19:49:34,227
TEL ,2019-12-19 21:10:50,227
TEL ,2019-12-19 21:49:30,227
TEL ,2019-12-19 22:49:32,227
TEL ,2019-12-19 23:49:33,227
TEL ,2019-12-20 00:49:28,227
TEL ,2019-12-20 01:49:19,227
TEL ,2019-12-20 02:49:28,227
TEL ,2019-12-20 03:49:24,227
TEL ,2019-12-20 04:49:37,227
TEL ,2019-12-20 05:49:25,227
TEL ,2019-12-20 06:49:49,227
TEL ,2019-12-20 07:49:27,227
TEL ,2019-12-20 08:49:33,227
TEL ,2019-12-20 09:49:20,227
TEL ,2019-12-20 10:48:39,227
TEL ,2019-12-20 11:49:12,227
TEL ,2019-12-20 12:49:27,227
TEL ,2019-12-20 14:09:46,227
TEL ,2019-12-20 14:50:40,227
TEL ,2019-12-20 15:50:16,227
TEL ,2019-12-20 16:50:10,227
TEL ,2019-12-20 17:50:10,227
TEL ,2019-12-20 18:49:48,227
TEL ,2019-12-20 19:50:06,227
TEL ,2019-12-20 20:50:07,227
TEL ,2019-12-20 21:49:37,227
TEL ,2019-12-20 22:49:28,227
TEL ,2019-12-20 23:49:42,227
TEL ,2019-12-21 00:49:30,227
TEL ,2019-12-21 01:49:30,227
TEL ,2019-12-21 02:49:56,227
TEL ,2019-12-21 03:49:17,227
TEL ,2019-12-21 04:49:43,227
TEL ,2019-12-21 05:49:10,227
TEL ,2019-12-21 06:49:14,227
TEL ,2019-12-21 07:49:20,227
TEL ,2019-12-21 08:49:11,227
TEL ,2019-12-21 09:48:48,227
TEL ,2019-12-21 10:48:48,227
TEL ,2019-12-21 11:48:38,227
TEL ,2019-12-21 12:49:03,227
TEL ,2019-12-21 13:49:01,227
TEL ,2019-12-21 14:49:12,227
TEL ,2019-12-21 15:49:05,227
TEL ,2019-12-21 16:49:38,227
TEL ,2019-12-21 17:49:02,227
TEL ,2019-12-21 18:48:59,227
TEL ,2019-12-21 19:49:03,227
TEL ,2019-12-21 20:49:05,227
TEL ,2019-12-21 22:49:37,227
TEL ,2019-12-21 23:48:48,227
TEL ,2019-12-22 00:48:59,227
TEL ,2019-12-22 01:49:01,227
TEL ,2019-12-22 02:48:59,227
TEL ,2019-12-22 04:49:17,227
TEL ,2019-12-22 05:48:49,227
TEL ,2019-12-22 06:48:50,227
TEL ,2019-12-22 07:48:56,227
TEL ,2019-12-22 08:48:53,227
TEL ,2019-12-22 09:48:45,227
TEL ,2019-12-22 10:48:46,227
TEL ,2019-12-22 11:48:35,227
TEL ,2019-12-22 12:48:49,227
TEL ,2019-12-22 13:48:54,227
TEL ,2019-12-22 14:48:59,227
TEL ,2019-12-22 15:49:30,227
TEL ,2019-12-22 16:49:10,227
TEL ,2019-12-22 17:49:08,227
TEL ,2019-12-22 18:49:03,227
TEL ,2019-12-22 19:49:25,227
TEL ,2019-12-22 20:49:33,227
TEL ,2019-12-22 22:49:01,227
TEL ,2019-12-22 23:49:21,227
TEL ,2019-12-23 00:49:30,227
TEL ,2019-12-23 01:49:28,227
TEL ,2019-12-23 02:49:16,227
TEL ,2019-12-23 03:49:20,227
TEL ,2019-12-23 04:49:31,227
TEL ,2019-12-23 05:49:17,227
TEL ,2019-12-23 06:49:20,227
TEL ,2019-12-23 07:48:53,227
TEL ,2019-12-23 08:48:54,227
TEL ,2019-12-23 09:48:36,227
TEL ,2019-12-23 10:48:43,227
TEL ,2019-12-23 11:48:56,227
TEL ,2019-12-23 12:49:01,227
TEL ,2019-12-23 14:10:50,227
TEL ,2019-12-23 14:50:36,227
TEL ,2019-12-23 15:49:28,228
TEL ,2019-12-23 16:49:18,228
TEL ,2019-12-23 17:49:45,228
TEL ,2019-12-23 18:49:40,228
TEL ,2019-12-23 19:49:42,228
TEL ,2019-12-23 20:49:46,228
TEL ,2019-12-23 21:49:31,228
TEL ,2019-12-23 22:49:16,228
TEL ,2019-12-23 23:49:37,228
TEL ,2019-12-24 00:49:07,228
TEL ,2019-12-24 01:49:12,228
TEL ,2019-12-24 02:49:35,228
TEL ,2019-12-24 03:49:47,228
TEL ,2019-12-24 04:49:44,228
TEL ,2019-12-24 05:49:13,228
TEL ,2019-12-24 06:49:42,228
TEL ,2019-12-24 07:48:55,228
TEL ,2019-12-24 08:49:05,228
TEL ,2019-12-24 09:48:57,228
TEL ,2019-12-24 10:48:36,228
TEL ,2019-12-24 11:48:58,228
TEL ,2019-12-24 12:48:46,228
TEL ,2019-12-24 13:48:55,228
TEL ,2019-12-24 14:50:25,228
TEL ,2019-12-24 15:49:25,228
TEL ,2019-12-24 16:49:11,228
TEL ,2019-12-24 17:49:21,229
TEL ,2019-12-24 18:49:04,230
TEL ,2019-12-24 19:49:20,230
TEL ,2019-12-24 20:48:55,230
TEL ,2019-12-24 21:49:01,230
TEL ,2019-12-24 22:49:40,230
TEL ,2019-12-24 23:49:15,230
TEL ,2019-12-25 00:49:26,230
TEL ,2019-12-25 01:48:53,230
TEL ,2019-12-25 02:48:56,230
TEL ,2019-12-25 03:49:13,230
TEL ,2019-12-25 04:49:24,230
TEL ,2019-12-25 05:49:21,230
TEL ,2019-12-25 06:49:10,230
TEL ,2019-12-25 07:49:06,230
TEL ,2019-12-25 08:49:31,230
TEL ,2019-12-25 09:49:03,230
TEL ,2019-12-25 10:48:53,230
TEL ,2019-12-25 11:48:48,230
TEL ,2019-12-25 12:48:47,230
TEL ,2019-12-25 13:48:48,230
TEL ,2019-12-25 14:49:09,230
TEL ,2019-12-25 15:49:26,230
TEL ,2019-12-25 16:49:05,230
TEL ,2019-12-25 17:49:23,230
TEL ,2019-12-25 18:48:52,230
TEL ,2019-12-25 19:49:02,230
TEL ,2019-12-25 20:48:56,230
TEL ,2019-12-25 21:49:07,230
TEL ,2019-12-25 22:48:59,230
TEL ,2019-12-25 23:49:05,230
TEL ,2019-12-26 00:49:21,230
TEL ,2019-12-26 01:49:23,230
TEL ,2019-12-26 02:49:30,230
TEL ,2019-12-26 03:49:42,230
TEL ,2019-12-26 04:49:41,230
TEL ,2019-12-26 05:49:09,230
TEL ,2019-12-26 06:49:23,230
TEL ,2019-12-26 07:49:20,230
TEL ,2019-12-26 08:48:46,230
TEL ,2019-12-26 09:48:45,230
TEL ,2019-12-26 10:48:56,230
TEL ,2019-12-26 11:48:40,230
TEL ,2019-12-26 12:48:38,230
TEL ,2019-12-26 13:49:12,230
TEL ,2019-12-26 14:49:56,230
TEL ,2019-12-26 15:49:43,229
TEL ,2019-12-26 16:49:28,228
TEL ,2019-12-26 17:49:56,228
TEL ,2019-12-26 18:49:16,228
TEL ,2019-12-26 19:49:11,228
TEL ,2019-12-26 20:50:04,228
TEL ,2019-12-26 21:49:35,228
TEL ,2019-12-26 23:49:24,228
TEL ,2019-12-27 00:49:03,228
TEL ,2019-12-27 01:49:44,228
TEL ,2019-12-27 02:49:54,228
TEL ,2019-12-27 03:49:20,228
TEL ,2019-12-27 04:49:49,228
TEL ,2019-12-27 05:49:46,228
TEL ,2019-12-27 06:49:48,228
TEL ,2019-12-27 07:49:08,228
TEL ,2019-12-27 08:49:20,228
TEL ,2019-12-27 09:48:50,228
TEL ,2019-12-27 10:48:40,228
TEL ,2019-12-27 11:48:50,228
TEL ,2019-12-27 12:48:58,228
TEL ,2019-12-27 14:10:47,228
TEL ,2019-12-27 14:49:58,228
TEL ,2019-12-27 15:49:40,228
TEL ,2019-12-27 16:49:29,228
TEL ,2019-12-27 17:49:26,228
TEL ,2019-12-27 18:49:36,229
TEL ,2019-12-27 19:50:09,229
TEL ,2019-12-27 20:49:28,229
TEL ,2019-12-27 21:49:58,228
TEL ,2019-12-27 22:49:36,228
TEL ,2019-12-27 23:49:02,228
TEL ,2019-12-28 00:49:37,228
TEL ,2019-12-28 01:49:16,228
TEL ,2019-12-28 02:49:22,228
TEL ,2019-12-28 03:49:13,228
TEL ,2019-12-28 04:49:34,228
TEL ,2019-12-28 05:49:37,228
TEL ,2019-12-28 06:49:33,228
TEL ,2019-12-28 07:49:10,228
TEL ,2019-12-28 08:49:28,228
TEL ,2019-12-28 09:49:02,228
TEL ,2019-12-28 10:49:11,228
TEL ,2019-12-28 11:48:49,228
TEL ,2019-12-28 12:48:43,228
TEL ,2019-12-28 13:49:01,228
TEL ,2019-12-28 14:49:25,228
TEL ,2019-12-28 15:49:48,228
TEL ,2019-12-28 16:49:13,228
TEL ,2019-12-28 17:49:40,228
TEL ,2019-12-28 18:49:13,228
TEL ,2019-12-28 19:49:13,228
TEL ,2019-12-28 20:49:43,228
TEL ,2019-12-28 21:49:04,228
TEL ,2019-12-28 22:49:12,228
TEL ,2019-12-28 23:49:26,228
TEL ,2019-12-29 00:49:13,228
TEL ,2019-12-29 01:49:53,228
TEL ,2019-12-29 02:49:30,228
TEL ,2019-12-29 03:49:48,228
TEL ,2019-12-29 05:49:42,228
TEL ,2019-12-29 06:49:45,228
TEL ,2019-12-29 07:49:07,228
TEL ,2019-12-29 08:49:36,228
TEL ,2019-12-29 09:49:01,228
TEL ,2019-12-29 10:49:11,228
TEL ,2019-12-29 11:48:50,228
TEL ,2019-12-29 12:48:57,228
TEL ,2019-12-29 13:49:01,228
TEL ,2019-12-29 14:49:21,228
TEL ,2019-12-29 15:49:24,228
TEL ,2019-12-29 16:49:22,228
TEL ,2019-12-29 17:49:05,228
TEL ,2019-12-29 18:49:28,228
TEL ,2019-12-29 19:49:34,228
TEL ,2019-12-29 20:49:02,228
TEL ,2019-12-29 21:50:07,228
TEL ,2019-12-29 22:49:12,228
TEL ,2019-12-29 23:49:02,228
TEL ,2019-12-30 00:49:06,228
TEL ,2019-12-30 01:49:37,228
TEL ,2019-12-30 02:50:05,228
TEL ,2019-12-30 03:49:05,228
TEL ,2019-12-30 04:49:45,228
TEL ,2019-12-30 05:49:24,228
TEL ,2019-12-30 06:49:02,228
TEL ,2019-12-30 07:48:46,228
TEL ,2019-12-30 08:49:08,228
TEL ,2019-12-30 09:49:17,228
TEL ,2019-12-30 10:48:37,228
TEL ,2019-12-30 11:49:16,228
TEL ,2019-12-30 12:48:59,228
TEL ,2019-12-30 14:10:45,228
TEL ,2019-12-30 14:50:35,228
TEL ,2019-12-30 15:49:38,228
TEL ,2019-12-30 16:49:30,228
TEL ,2019-12-30 17:49:28,228
TEL ,2019-12-30 18:49:40,228
TEL ,2019-12-30 19:49:37,228
TEL ,2019-12-30 20:49:17,227
TEL ,2019-12-30 21:49:13,227
TEL ,2019-12-30 23:49:18,227
TEL ,2019-12-31 00:49:22,227
TEL ,2019-12-31 01:49:12,227
TEL ,2019-12-31 02:49:23,227
TEL ,2019-12-31 03:49:31,227
TEL ,2019-12-31 04:49:07,227
TEL ,2019-12-31 05:48:57,227
TEL ,2019-12-31 06:49:19,227
TEL ,2019-12-31 07:49:05,226
TEL ,2019-12-31 08:49:25,226
TEL ,2019-12-31 09:49:11,226
TEL ,2019-12-31 10:49:34,226
TEL ,2019-12-31 11:49:21,226
TEL ,2019-12-31 12:49:05,226
TEL ,2019-12-31 14:11:48,226
TEL ,2019-12-31 14:50:19,226
TEL ,2019-12-31 15:49:52,226
TEL ,2019-12-31 16:49:27,226
TEL ,2019-12-31 17:49:20,226
TEL ,2019-12-31 18:49:21,226
TEL ,2019-12-31 19:49:33,226
TEL ,2019-12-31 20:49:23,226
TEL ,2019-12-31 21:49:12,226
TEL ,2019-12-31 22:49:17,226
TEL ,2019-12-31 23:49:13,226
TEL ,2020-01-01 00:49:01,226
TEL ,2020-01-01 01:49:08,226
TEL ,2020-01-01 02:49:10,226
TEL ,2020-01-01 03:49:15,226
TEL ,2020-01-01 04:48:52,226
TEL ,2020-01-01 05:49:39,226
TEL ,2020-01-01 06:49:32,226
TEL ,2020-01-01 07:49:11,226
TEL ,2020-01-01 08:49:10,226
TEL ,2020-01-01 09:48:47,226
TEL ,2020-01-01 10:48:39,226
TEL ,2020-01-01 11:48:46,226
TEL ,2020-01-01 12:48:54,226
TEL ,2020-01-01 13:48:51,226
TEL ,2020-01-01 14:49:00,226
TEL ,2020-01-01 15:49:03,226
TEL ,2020-01-01 16:49:21,226
TEL ,2020-01-01 17:49:09,226
TEL ,2020-01-01 18:49:13,226
TEL ,2020-01-01 19:49:06,226
TEL ,2020-01-01 20:49:24,226
TEL ,2020-01-01 21:49:15,226
TEL ,2020-01-01 22:49:28,226
TEL ,2020-01-01 23:49:58,226
TEL ,2020-01-02 00:49:50,226
TEL ,2020-01-02 01:49:32,226
TEL ,2020-01-02 02:50:14,226
TEL ,2020-01-02 03:49:28,226
TEL ,2020-01-02 04:49:25,226
TEL ,2020-01-02 05:49:19,226
TEL ,2020-01-02 06:49:10,226
TEL ,2020-01-02 07:49:03,226
TEL ,2020-01-02 08:49:13,226
TEL ,2020-01-02 09:48:57,226
TEL ,2020-01-02 10:48:50,226
TEL ,2020-01-02 11:49:07,226
TEL ,2020-01-02 12:49:04,226
TEL ,2020-01-02 14:12:16,226
TEL ,2020-01-02 14:51:12,226
TEL ,2020-01-02 15:49:54,225
TEL ,2020-01-02 16:49:42,225
TEL ,2020-01-02 17:49:43,224
TEL ,2020-01-02 18:49:53,223
TEL ,2020-01-02 19:49:36,223
TEL ,2020-01-02 20:49:53,223
TEL ,2020-01-02 21:49:17,223
TEL ,2020-01-02 22:50:11,223
TEL ,2020-01-02 23:49:14,223
TEL ,2020-01-03 00:49:40,223
TEL ,2020-01-03 01:49:25,223
TEL ,2020-01-03 02:49:46,223
TEL ,2020-01-03 03:49:23,223
TEL ,2020-01-03 04:49:20,223
TEL ,2020-01-03 05:49:24,223
TEL ,2020-01-03 06:49:38,223
TEL ,2020-01-03 07:49:16,223
TEL ,2020-01-03 08:49:30,223
TEL ,2020-01-03 09:49:07,223
TEL ,2020-01-03 10:49:06,223
TEL ,2020-01-03 11:49:01,223
TEL ,2020-01-03 12:48:50,223
TEL ,2020-01-03 14:12:16,223
TEL ,2020-01-03 14:54:05,223
TEL ,2020-01-03 15:49:33,223
TEL ,2020-01-03 16:49:45,223
TEL ,2020-01-03 17:50:21,223
TEL ,2020-01-03 18:49:33,223
TEL ,2020-01-03 19:49:24,223
TEL ,2020-01-03 20:49:43,223
TEL ,2020-01-03 21:49:12,223
TEL ,2020-01-03 22:49:14,223
TEL ,2020-01-03 23:49:13,223
TEL ,2020-01-04 00:49:19,223
TEL ,2020-01-04 01:49:19,223
TEL ,2020-01-04 02:49:10,223
TEL ,2020-01-04 03:49:41,223
TEL ,2020-01-04 04:49:29,223
TEL ,2020-01-04 05:49:18,223
TEL ,2020-01-04 06:49:11,223
TEL ,2020-01-04 07:48:54,223
TEL ,2020-01-04 08:49:02,223
TEL ,2020-01-04 09:48:46,223
TEL ,2020-01-04 10:48:57,223
TEL ,2020-01-04 11:48:43,223
TEL ,2020-01-04 12:49:10,223
TEL ,2020-01-04 13:49:00,223
TEL ,2020-01-04 14:49:14,223
TEL ,2020-01-04 15:49:17,223
TEL ,2020-01-04 16:49:25,223
TEL ,2020-01-04 17:49:37,223
TEL ,2020-01-04 19:49:22,223
TEL ,2020-01-04 20:49:31,223
TEL ,2020-01-04 21:50:07,223
TEL ,2020-01-04 22:49:39,223
TEL ,2020-01-04 23:49:34,223
TEL ,2020-01-05 00:49:11,223
TEL ,2020-01-05 01:50:18,223
TEL ,2020-01-05 02:49:48,223
TEL ,2020-01-05 03:49:30,223
TEL ,2020-01-05 04:49:09,223
TEL ,2020-01-05 05:49:09,223
TEL ,2020-01-05 06:49:13,223
TEL ,2020-01-05 07:48:52,223
TEL ,2020-01-05 08:48:40,223
TEL ,2020-01-05 09:48:42,223
TEL ,2020-01-05 10:48:39,223
TEL ,2020-01-05 11:49:07,223
TEL ,2020-01-05 12:48:45,223
TEL ,2020-01-05 13:49:09,223
TEL ,2020-01-05 14:48:57,223
TEL ,2020-01-05 15:48:46,223
TEL ,2020-01-05 16:49:15,223
TEL ,2020-01-05 17:50:29,223
TEL ,2020-01-05 18:49:26,223
TEL ,2020-01-05 20:49:28,223
TEL ,2020-01-05 21:49:29,223
TEL ,2020-01-05 22:49:12,223
TEL ,2020-01-05 23:49:18,223
TEL ,2020-01-06 00:49:25,223
TEL ,2020-01-06 01:49:25,223
TEL ,2020-01-06 02:49:48,223
TEL ,2020-01-06 03:49:54,223
TEL ,2020-01-06 04:49:57,223
TEL ,2020-01-06 05:49:41,223
TEL ,2020-01-06 06:49:35,223
TEL ,2020-01-06 07:49:05,223
TEL ,2020-01-06 08:49:17,223
TEL ,2020-01-16 06:48:54,230
TEL ,2020-01-16 07:48:53,230
TEL ,2020-01-16 08:48:54,230
TEL ,2020-01-16 09:48:35,230
TEL ,2020-01-16 10:48:39,230
TEL ,2020-01-16 11:48:42,230
TEL ,2020-01-16 12:48:49,230
TEL ,2020-01-16 14:12:17,230
TEL ,2020-01-16 15:49:01,231
TEL ,2020-01-16 16:49:12,229
TEL ,2020-01-16 17:49:07,229
TEL ,2020-01-16 18:48:57,229
TEL ,2020-01-16 19:49:04,229
TEL ,2020-01-16 20:49:06,229
TEL ,2020-01-16 21:48:45,228
TEL ,2020-01-16 22:49:06,228
TEL ,2020-01-16 23:48:58,228
TEL ,2020-01-17 00:49:34,228
TEL ,2020-01-17 01:49:41,228
TEL ,2020-01-17 02:48:47,228
TEL ,2020-01-17 03:48:34,228
TEL ,2020-01-17 04:48:43,228
TEL ,2020-01-17 05:48:50,228
TEL ,2020-01-17 06:48:44,228
TEL ,2020-01-17 07:48:20,228
TEL ,2020-01-17 08:48:14,228
TEL ,2020-01-17 09:49:31,228
TEL ,2020-01-17 10:48:14,228
TEL ,2020-01-17 11:48:14,228
TEL ,2020-01-17 12:48:39,228
TEL ,2020-01-17 14:10:20,228
TEL ,2020-01-17 14:49:10,228
TEL ,2020-01-17 15:48:53,229
TEL ,2020-01-17 16:48:53,229
TEL ,2020-01-17 17:48:46,229
TEL ,2020-01-17 18:48:47,229
TEL ,2020-01-17 19:48:45,229
TEL ,2020-01-17 20:48:42,229
TEL ,2020-01-17 21:48:34,229
TEL ,2020-01-17 22:48:37,229
TEL ,2020-01-17 23:48:33,229
TEL ,2020-01-18 00:49:27,229
TEL ,2020-01-18 01:48:46,229
TEL ,2020-01-18 02:48:44,229
TEL ,2020-01-18 03:48:42,229
TEL ,2020-01-18 04:48:36,229
TEL ,2020-01-18 05:48:39,229
TEL ,2020-01-18 06:48:18,229
TEL ,2020-01-18 07:48:33,229
TEL ,2020-01-18 08:48:35,229
TEL ,2020-01-18 09:48:24,229
TEL ,2020-01-18 10:48:26,229
TEL ,2020-01-18 11:48:14,229
TEL ,2020-01-18 12:48:30,229
TEL ,2020-01-18 13:48:30,229
TEL ,2020-01-18 14:48:34,229
TEL ,2020-01-18 15:48:42,229
TEL ,2020-01-18 16:48:20,229
TEL ,2020-01-18 17:48:49,229
TEL ,2020-01-18 18:48:44,229
TEL ,2020-01-18 19:49:14,229
TEL ,2020-01-18 20:48:46,229
TEL ,2020-01-18 21:48:49,229
TEL ,2020-01-18 23:48:44,229
TEL ,2020-01-19 00:48:18,229
TEL ,2020-01-19 01:48:44,229
TEL ,2020-01-19 02:48:48,229
TEL ,2020-01-19 03:48:43,229
TEL ,2020-01-19 04:48:42,229
TEL ,2020-01-19 05:48:31,229
TEL ,2020-01-19 06:48:34,229
TEL ,2020-01-19 07:48:22,229
TEL ,2020-01-19 08:49:04,229
TEL ,2020-01-19 09:48:24,229
TEL ,2020-01-19 10:48:12,229
TEL ,2020-01-19 11:48:11,229
TEL ,2020-01-19 12:48:29,229
TEL ,2020-01-19 13:48:23,229
TEL ,2020-01-19 14:49:08,229
TEL ,2020-01-19 15:49:16,229
TEL ,2020-01-19 16:48:23,229
TEL ,2020-01-19 17:48:32,229
TEL ,2020-01-19 18:48:23,229
TEL ,2020-01-19 19:49:28,229
TEL ,2020-01-19 20:48:37,229
TEL ,2020-01-19 21:48:32,229
TEL ,2020-01-19 22:48:34,229
TEL ,2020-01-19 23:49:55,229
TEL ,2020-01-20 00:49:32,229
TEL ,2020-01-20 01:49:18,229
TEL ,2020-01-20 02:48:57,229
TEL ,2020-01-20 03:49:25,229
TEL ,2020-01-20 04:49:22,229
TEL ,2020-01-20 05:48:36,229
TEL ,2020-01-20 06:49:28,229
TEL ,2020-01-20 07:48:23,229
TEL ,2020-01-20 08:49:23,229
TEL ,2020-01-20 09:55:10,229
TEL ,2020-01-20 10:48:57,229
TEL ,2020-01-20 11:48:13,229
TEL ,2020-01-20 12:48:28,229
TEL ,2020-01-20 13:49:18,229
TEL ,2020-01-20 14:48:51,229
TEL ,2020-01-20 15:49:26,229
TEL ,2020-01-20 16:48:29,229
TEL ,2020-01-20 17:49:15,229
TEL ,2020-01-20 18:48:28,229
TEL ,2020-01-20 19:49:13,229
TEL ,2020-01-20 21:49:45,229
TEL ,2020-01-20 22:49:29,229
TEL ,2020-01-20 23:49:24,229
TEL ,2020-01-21 00:49:31,229
TEL ,2020-01-21 01:49:09,229
TEL ,2020-01-21 02:49:30,229
TEL ,2020-01-21 03:48:31,229
TEL ,2020-01-21 04:48:35,229
TEL ,2020-01-21 05:48:28,229
TEL ,2020-01-21 06:48:22,229
TEL ,2020-01-21 07:48:19,229
TEL ,2020-01-21 08:48:36,229
TEL ,2020-01-21 10:03:43,229
TEL ,2020-01-21 10:49:26,229
TEL ,2020-01-21 11:48:33,229
TEL ,2020-01-21 12:48:29,229
TEL ,2020-01-21 13:48:28,229
TEL ,2020-01-21 15:49:44,229
TEL ,2020-01-21 16:49:07,232
TEL ,2020-01-21 17:49:32,233
TEL ,2020-01-21 18:49:00,233
TEL ,2020-01-21 19:49:34,233
TEL ,2020-01-21 20:48:50,234
TEL ,2020-01-21 21:49:38,234
TEL ,2020-01-21 22:49:22,234
TEL ,2020-01-21 23:49:00,234
TEL ,2020-01-22 00:48:42,234
TEL ,2020-01-22 01:49:05,234
TEL ,2020-01-22 02:49:25,234
TEL ,2020-01-22 03:48:47,234
TEL ,2020-01-22 04:48:52,234
TEL ,2020-01-22 05:48:43,234
TEL ,2020-01-22 06:48:28,234
TEL ,2020-01-22 07:48:32,234
TEL ,2020-01-22 08:48:41,234
TEL ,2020-01-22 09:59:52,234
TEL ,2020-01-22 10:48:17,234
TEL ,2020-01-22 11:48:14,234
TEL ,2020-01-22 12:48:56,234
TEL ,2020-01-22 13:49:01,234
TEL ,2020-01-22 14:49:33,234
TEL ,2020-01-22 15:49:08,236
TEL ,2020-01-22 16:49:41,241
TEL ,2020-01-22 17:49:30,242
TEL ,2020-01-22 18:49:02,242
TEL ,2020-01-22 19:49:39,241
TEL ,2020-01-22 20:49:33,241
TEL ,2020-01-22 21:49:40,240
TEL ,2020-01-22 22:49:13,240
TEL ,2020-01-22 23:49:27,240
TEL ,2020-01-23 00:49:22,240
TEL ,2020-01-23 01:49:37,240
TEL ,2020-01-23 02:48:56,240
TEL ,2020-01-23 03:48:56,240
TEL ,2020-01-23 04:48:46,240
TEL ,2020-01-23 05:48:19,240
TEL ,2020-01-23 06:48:38,240
TEL ,2020-01-23 07:48:40,240
TEL ,2020-01-23 08:48:35,240
TEL ,2020-01-23 10:48:26,240
TEL ,2020-01-23 11:48:29,240
TEL ,2020-01-23 12:48:34,240
TEL ,2020-01-23 14:11:50,240
TEL ,2020-01-23 14:49:24,240
TEL ,2020-01-23 15:49:01,241
TEL ,2020-01-23 16:48:49,240
TEL ,2020-01-23 17:48:35,240
TEL ,2020-01-23 18:49:01,240
TEL ,2020-01-23 19:48:45,240
TEL ,2020-01-23 20:49:04,241
TEL ,2020-01-23 21:49:00,241
TEL ,2020-01-23 22:48:38,241
TEL ,2020-01-23 23:48:35,241
TEL ,2020-01-24 00:48:39,241
TEL ,2020-01-24 01:48:49,241
TEL ,2020-01-24 02:49:23,241
TEL ,2020-01-24 03:48:29,241
TEL ,2020-01-24 04:48:40,241
TEL ,2020-01-24 05:48:53,241
TEL ,2020-01-24 06:48:16,241
TEL ,2020-01-24 07:48:51,241
TEL ,2020-01-24 08:48:18,241
TEL ,2020-01-24 09:57:58,241
TEL ,2020-01-24 10:48:31,241
TEL ,2020-01-24 11:48:21,241
TEL ,2020-01-24 12:48:27,241
TEL ,2020-01-24 14:10:49,241
TEL ,2020-01-24 14:49:04,241
TEL ,2020-01-24 15:49:02,242
TEL ,2020-01-24 16:48:51,242
TEL ,2020-01-24 17:48:41,243
TEL ,2020-01-24 18:48:44,243
TEL ,2020-01-24 19:48:57,243
TEL ,2020-01-24 20:48:59,244
TEL ,2020-01-24 21:48:35,244
TEL ,2020-01-24 22:48:29,244
TEL ,2020-01-24 23:48:37,244
TEL ,2020-01-25 00:48:33,244
TEL ,2020-01-25 01:48:41,244
TEL ,2020-01-25 02:49:00,244
TEL ,2020-01-25 03:48:52,244
TEL ,2020-01-25 04:48:35,244
TEL ,2020-01-25 05:48:42,244
TEL ,2020-01-25 06:48:36,244
TEL ,2020-01-25 07:48:37,244
TEL ,2020-01-25 08:48:39,244
TEL ,2020-01-25 09:58:23,243
TEL ,2020-01-25 10:48:15,243
TEL ,2020-01-25 11:48:26,243
TEL ,2020-01-25 12:48:36,243
TEL ,2020-01-25 14:48:34,243
TEL ,2020-01-25 15:48:26,243
TEL ,2020-01-25 16:48:37,243
TEL ,2020-01-25 17:48:37,243
TEL ,2020-01-25 18:48:35,243
TEL ,2020-01-25 19:48:41,243
TEL ,2020-01-25 20:48:36,243
TEL ,2020-01-25 21:48:29,243
TEL ,2020-01-25 22:48:38,243
TEL ,2020-01-25 23:48:33,243
TEL ,2020-01-26 00:48:49,243
TEL ,2020-01-26 01:48:35,243
TEL ,2020-01-26 02:48:45,243
TEL ,2020-01-26 03:48:39,243
TEL ,2020-01-26 04:48:28,243
TEL ,2020-01-26 06:48:18,243
TEL ,2020-01-26 07:48:19,243
TEL ,2020-01-27 02:48:46,243
TEL ,2020-01-27 03:48:42,243
TEL ,2020-01-27 04:48:41,243
TEL ,2020-01-27 05:48:41,243
TEL ,2020-01-27 06:48:48,243
TEL ,2020-01-27 07:48:26,243
TEL ,2020-01-27 08:48:35,243
TEL ,2020-01-27 09:48:52,243
TEL ,2020-01-27 10:48:33,243
TEL ,2020-01-27 11:48:36,243
TEL ,2020-01-27 12:48:05,243
TEL ,2020-01-27 13:48:49,243
TEL ,2020-01-27 14:50:10,243
TEL ,2020-01-27 15:49:23,243
TEL ,2020-01-27 16:48:59,243
TEL ,2020-01-27 17:49:05,243
TEL ,2020-01-27 18:49:08,243
TEL ,2020-01-27 19:49:16,242
TEL ,2020-01-27 20:49:01,241
TEL ,2020-01-27 21:49:06,241
TEL ,2020-01-27 22:49:48,241
TEL ,2020-01-27 23:49:15,241
TEL ,2020-01-28 00:48:32,241
TEL ,2020-01-28 01:49:15,241
TEL ,2020-01-28 02:49:11,241
TEL ,2020-01-28 03:48:55,241
TEL ,2020-01-28 04:48:59,241
TEL ,2020-01-28 05:48:43,241
TEL ,2020-01-28 06:48:19,241
TEL ,2020-01-28 07:48:29,241
TEL ,2020-01-28 08:48:48,241
TEL ,2020-01-28 09:49:13,241
TEL ,2020-01-28 10:48:32,241
TEL ,2020-01-28 11:48:28,241
TEL ,2020-01-28 12:48:31,241
TEL ,2020-01-28 14:11:22,241
TEL ,2020-01-28 14:49:46,241
TEL ,2020-01-28 15:49:05,241
TEL ,2020-01-28 16:49:20,240
TEL ,2020-01-28 17:48:51,241
TEL ,2020-01-28 18:49:05,243
TEL ,2020-01-28 19:48:59,243
TEL ,2020-01-28 21:49:39,245
TEL ,2020-01-28 22:49:06,245
TEL ,2020-01-28 23:48:39,245
TEL ,2020-01-29 00:48:48,245
TEL ,2020-01-29 01:49:04,245
TEL ,2020-01-29 02:49:24,245
TEL ,2020-01-29 03:49:03,245
TEL ,2020-01-29 04:48:58,245
TEL ,2020-01-29 05:49:02,245
TEL ,2020-01-29 06:48:49,245
TEL ,2020-01-29 07:48:33,245
TEL ,2020-01-29 08:48:34,245
TEL ,2020-01-29 09:48:48,245
TEL ,2020-01-29 10:48:21,245
TEL ,2020-01-29 11:48:30,245
TEL ,2020-01-29 12:48:40,245
TEL ,2020-01-29 13:49:05,245
TEL ,2020-01-29 14:49:40,245
TEL ,2020-01-29 15:49:15,244
TEL ,2020-01-29 16:49:04,242
TEL ,2020-01-29 17:49:31,243
TEL ,2020-01-29 18:49:15,244
TEL ,2020-01-29 19:49:20,244
TEL ,2020-01-29 20:49:19,243
TEL ,2020-01-29 21:49:09,243
TEL ,2020-01-29 22:48:49,243
TEL ,2020-01-29 23:48:44,243
TEL ,2020-01-30 00:49:00,243
TEL ,2020-01-30 01:49:11,243
TEL ,2020-01-30 02:49:08,243
TEL ,2020-01-30 03:48:40,243
TEL ,2020-01-30 04:49:29,243
TEL ,2020-01-30 05:49:26,243
TEL ,2020-01-30 06:48:47,243
TEL ,2020-01-30 07:48:27,243
TEL ,2020-01-30 08:48:45,243
TEL ,2020-01-30 09:48:48,243
TEL ,2020-01-30 10:48:18,243
TEL ,2020-01-30 11:48:35,243
TEL ,2020-01-30 12:48:41,243
TEL ,2020-01-30 13:48:40,243
TEL ,2020-01-30 14:49:39,245
TEL ,2020-01-30 15:49:23,248
TEL ,2020-01-30 16:49:22,248
TEL ,2020-01-30 17:49:19,248
TEL ,2020-01-30 18:49:07,249
TEL ,2020-01-30 19:49:22,251
TEL ,2020-01-30 20:48:47,250
TEL ,2020-01-30 21:49:13,250
TEL ,2020-01-30 22:48:25,250
TEL ,2020-01-30 23:48:35,250
TEL ,2020-01-31 00:48:42,250
TEL ,2020-01-31 01:49:13,250
TEL ,2020-01-31 02:48:47,250
TEL ,2020-01-31 03:49:02,250
TEL ,2020-01-31 04:48:50,250
TEL ,2020-01-31 05:48:39,250
TEL ,2020-01-31 06:48:27,250
TEL ,2020-01-31 07:48:43,250
TEL ,2020-01-31 08:48:58,250
TEL ,2020-01-31 09:49:04,250
TEL ,2020-01-31 10:48:36,250
TEL ,2020-01-31 11:48:30,250
TEL ,2020-01-31 12:48:28,250
TEL ,2020-01-31 13:48:54,250
TEL ,2020-01-31 14:49:10,250
TEL ,2020-01-31 15:49:00,251
TEL ,2020-01-31 16:48:58,251
TEL ,2020-01-31 17:49:01,250
TEL ,2020-01-31 18:48:53,250
TEL ,2020-01-31 19:49:13,250
TEL ,2020-01-31 20:49:00,250
TEL ,2020-01-31 21:48:25,250
TEL ,2020-01-31 22:48:34,250
TEL ,2020-01-31 23:48:38,250
TEL ,2020-02-01 00:48:30,250
TEL ,2020-02-01 01:49:11,250
TEL ,2020-02-01 02:48:48,250
TEL ,2020-02-01 03:48:40,250
TEL ,2020-02-01 04:48:45,250
TEL ,2020-02-01 05:49:01,250
TEL ,2020-02-01 06:49:06,250
TEL ,2020-02-01 07:48:29,250
TEL ,2020-02-01 08:48:41,250
TEL ,2020-02-01 09:48:54,250
TEL ,2020-02-01 10:48:22,250
TEL ,2020-02-01 11:48:43,250
TEL ,2020-02-01 12:48:22,250
TEL ,2020-02-01 13:48:45,250
TEL ,2020-02-01 14:48:52,250
TEL ,2020-02-01 15:48:48,250
TEL ,2020-02-01 16:48:40,250
TEL ,2020-02-01 17:48:52,250
TEL ,2020-02-01 18:48:34,250
TEL ,2020-02-01 19:48:39,250
TEL ,2020-02-01 20:48:58,250
TEL ,2020-02-01 21:49:10,250
TEL ,2020-02-01 22:49:00,250
TEL ,2020-02-01 23:49:06,250
TEL ,2020-02-02 00:49:04,250
TEL ,2020-02-02 01:49:12,250
TEL ,2020-02-02 02:48:59,250
TEL ,2020-02-02 03:49:04,250
TEL ,2020-02-02 04:48:46,250
TEL ,2020-02-02 05:48:56,250
TEL ,2020-02-02 06:48:57,250
TEL ,2020-02-02 07:48:50,250
TEL ,2020-02-02 08:48:57,250
TEL ,2020-02-02 09:48:50,250
TEL ,2020-02-02 10:48:40,250
TEL ,2020-02-02 11:48:50,250
TEL ,2020-02-02 12:48:55,250
TEL ,2020-02-02 13:49:01,250
TEL ,2020-02-02 14:48:50,250
TEL ,2020-02-02 15:48:48,250
TEL ,2020-02-02 16:49:04,250
TEL ,2020-02-02 17:49:13,250
TEL ,2020-02-02 18:48:52,250
TEL ,2020-02-02 19:49:04,250
TEL ,2020-02-02 20:49:07,250
TEL ,2020-02-02 21:48:57,250
TEL ,2020-02-02 22:49:04,250
TEL ,2020-02-02 23:49:13,250
TEL ,2020-02-03 00:49:36,250
TEL ,2020-02-03 01:49:25,250
TEL ,2020-02-03 02:48:59,250
TEL ,2020-02-03 03:49:06,250
TEL ,2020-02-03 04:49:13,250
TEL ,2020-02-03 05:49:12,250
TEL ,2020-02-03 06:48:48,250
TEL ,2020-02-03 07:48:50,250
TEL ,2020-02-03 08:48:59,250
TEL ,2020-02-03 09:48:57,250
TEL ,2020-02-03 10:48:46,250
TEL ,2020-02-03 11:48:49,250
TEL ,2020-02-03 12:48:34,250
TEL ,2020-02-03 14:48:02,251
TEL ,2020-02-03 14:55:47,251
TEL ,2020-02-03 15:49:30,253
TEL ,2020-02-03 16:49:14,255
TEL ,2020-02-03 17:49:15,262
TEL ,2020-02-03 18:49:22,262
TEL ,2020-02-03 19:49:19,263
TEL ,2020-02-03 20:49:14,263
TEL ,2020-02-03 21:49:10,262
TEL ,2020-02-03 22:49:04,262
TEL ,2020-02-03 23:49:14,262
TEL ,2020-02-04 00:49:07,262
TEL ,2020-02-04 01:49:23,262
TEL ,2020-02-04 02:49:17,262
TEL ,2020-02-04 03:49:20,262
TEL ,2020-02-04 04:49:17,262
TEL ,2020-02-04 05:49:25,262
TEL ,2020-02-04 06:48:59,262
TEL ,2020-02-04 07:49:15,262
TEL ,2020-02-04 08:48:42,262
TEL ,2020-02-04 09:49:13,262
TEL ,2020-02-04 10:48:44,262
TEL ,2020-02-04 11:49:01,262
TEL ,2020-02-04 12:49:06,262
TEL ,2020-02-04 14:14:57,262
TEL ,2020-02-04 15:49:30,263
TEL ,2020-02-04 16:49:17,265
TEL ,2020-02-04 17:49:21,267
TEL ,2020-02-04 18:49:01,269
TEL ,2020-02-04 19:49:13,270
TEL ,2020-02-04 20:49:10,270
TEL ,2020-02-04 21:49:10,270
TEL ,2020-02-04 22:49:06,270
TEL ,2020-02-04 23:49:11,270
TEL ,2020-02-05 00:49:19,270
TEL ,2020-02-05 01:49:09,270
TEL ,2020-02-05 02:49:21,270
TEL ,2020-02-05 03:49:22,270
TEL ,2020-02-05 04:50:00,270
TEL ,2020-02-05 05:49:11,270
TEL ,2020-02-05 06:49:15,270
TEL ,2020-02-05 07:49:10,270
TEL ,2020-02-05 08:49:02,270
TEL ,2020-02-05 09:48:55,270
TEL ,2020-02-05 10:49:07,270
TEL ,2020-02-05 11:49:00,270
TEL ,2020-02-05 12:49:11,270
TEL ,2020-02-05 14:08:57,270
TEL ,2020-02-05 14:49:45,270
TEL ,2020-02-05 15:49:36,270
TEL ,2020-02-05 16:49:23,269
TEL ,2020-02-05 17:49:11,269
TEL ,2020-02-05 18:49:23,268
TEL ,2020-02-05 19:49:21,268
TEL ,2020-02-05 20:49:25,268
TEL ,2020-02-05 21:49:06,268
TEL ,2020-02-05 22:49:09,268
TEL ,2020-02-05 23:49:07,268
TEL ,2020-02-06 00:49:23,268
TEL ,2020-02-06 01:49:23,268
TEL ,2020-02-06 02:49:28,268
TEL ,2020-02-06 03:49:45,268
TEL ,2020-02-06 04:49:27,268
TEL ,2020-02-06 05:49:25,268
TEL ,2020-02-06 06:49:05,268
TEL ,2020-02-06 07:49:18,268
TEL ,2020-02-06 08:49:09,268
TEL ,2020-02-06 09:49:08,268
TEL ,2020-02-06 10:48:56,268
TEL ,2020-02-06 11:49:00,268
TEL ,2020-02-06 12:48:54,268
TEL ,2020-02-06 13:48:56,268
TEL ,2020-02-06 14:49:46,268
TEL ,2020-02-06 15:49:35,269
TEL ,2020-02-06 16:49:25,271
TEL ,2020-02-06 17:49:25,272
TEL ,2020-02-06 18:49:21,272
TEL ,2020-02-06 19:49:25,273
TEL ,2020-02-06 20:49:23,273
TEL ,2020-02-06 21:49:12,273
TEL ,2020-02-06 22:49:22,273
TEL ,2020-02-06 23:49:03,273
TEL ,2020-02-07 00:49:18,273
TEL ,2020-02-07 01:49:25,273
TEL ,2020-02-07 02:49:06,273
TEL ,2020-02-07 03:49:18,273
TEL ,2020-02-07 04:49:13,273
TEL ,2020-02-07 05:49:27,273
TEL ,2020-02-07 06:49:31,273
TEL ,2020-02-07 07:49:25,273
TEL ,2020-02-07 08:49:08,273
TEL ,2020-02-07 09:49:18,273
TEL ,2020-02-07 10:48:56,273
TEL ,2020-02-07 11:48:59,273
TEL ,2020-02-07 12:49:02,273
TEL ,2020-02-07 14:10:27,273
TEL ,2020-02-07 14:49:44,273
TEL ,2020-02-07 15:49:31,274
TEL ,2020-02-07 16:49:29,275
TEL ,2020-02-07 17:49:41,275
TEL ,2020-02-07 18:49:20,275
TEL ,2020-02-07 19:49:25,275
TEL ,2020-02-07 20:49:31,275
TEL ,2020-02-07 21:49:11,275
TEL ,2020-02-07 22:49:23,275
TEL ,2020-02-07 23:48:56,275
TEL ,2020-02-08 00:49:09,275
TEL ,2020-02-08 01:49:08,275
TEL ,2020-02-08 02:49:16,275
TEL ,2020-02-08 03:49:14,275
TEL ,2020-02-08 04:49:23,275
TEL ,2020-02-08 05:49:11,275
TEL ,2020-02-08 06:49:03,275
TEL ,2020-02-08 07:49:07,275
TEL ,2020-02-08 08:48:54,275
TEL ,2020-02-08 09:48:57,275
TEL ,2020-02-08 10:48:44,275
TEL ,2020-02-08 11:48:50,275
TEL ,2020-02-08 12:48:54,275
TEL ,2020-02-08 13:48:48,275
TEL ,2020-02-08 14:49:24,275
TEL ,2020-02-08 15:49:10,275
TEL ,2020-02-08 16:49:15,275
TEL ,2020-02-08 17:49:12,275
TEL ,2020-02-08 18:51:58,275
TEL ,2020-02-08 19:49:01,275
TEL ,2020-02-08 20:49:09,275
TEL ,2020-02-08 21:49:15,275
TEL ,2020-02-08 22:49:21,275
TEL ,2020-02-08 23:49:10,275
TEL ,2020-02-09 00:49:01,275
TEL ,2020-02-09 01:49:12,275
TEL ,2020-02-09 02:49:08,275
TEL ,2020-02-09 03:49:11,275
TEL ,2020-02-09 04:49:01,275
TEL ,2020-02-09 05:49:08,275
TEL ,2020-02-09 06:49:00,275
TEL ,2020-02-09 07:49:02,275
TEL ,2020-02-09 08:48:58,275
TEL ,2020-02-09 09:49:03,275
TEL ,2020-02-09 10:49:07,275
TEL ,2020-02-09 11:49:10,275
TEL ,2020-02-09 12:48:58,275
TEL ,2020-02-09 13:49:01,275
TEL ,2020-02-09 14:49:07,275
TEL ,2020-02-09 15:49:15,275
TEL ,2020-02-09 16:49:05,275
TEL ,2020-02-09 17:49:12,275
TEL ,2020-02-09 18:49:13,275
TEL ,2020-02-09 19:49:11,275
TEL ,2020-02-09 20:49:08,275
TEL ,2020-02-09 21:49:28,275
TEL ,2020-02-09 22:49:09,275
TEL ,2020-02-09 23:49:54,275
TEL ,2020-02-10 00:49:17,275
TEL ,2020-02-10 01:49:22,275
TEL ,2020-02-10 02:49:08,275
TEL ,2020-02-10 03:49:05,275
TEL ,2020-02-10 04:49:15,275
TEL ,2020-02-10 05:49:15,275
TEL ,2020-02-10 06:49:09,275
TEL ,2020-02-10 07:49:09,275
TEL ,2020-02-10 08:49:03,275
TEL ,2020-02-10 09:49:17,275
TEL ,2020-02-10 10:48:59,275
TEL ,2020-02-10 11:49:03,275
TEL ,2020-02-10 12:48:49,275
TEL ,2020-02-10 13:49:05,275
TEL ,2020-02-10 14:49:34,275
TEL ,2020-02-10 15:49:41,276
TEL ,2020-02-10 16:49:27,276
TEL ,2020-02-10 17:49:17,276
TEL ,2020-02-10 18:49:23,276
TEL ,2020-02-10 19:49:26,277
TEL ,2020-02-10 20:49:33,276
TEL ,2020-02-10 21:49:25,276
TEL ,2020-02-10 22:49:15,276
TEL ,2020-02-10 23:49:08,276
TEL ,2020-02-11 00:49:14,276
TEL ,2020-02-11 01:49:45,276
TEL ,2020-02-11 02:49:22,276
TEL ,2020-02-11 03:49:14,276
TEL ,2020-02-11 04:49:16,276
TEL ,2020-02-11 05:49:20,276
TEL ,2020-02-11 06:49:09,276
TEL ,2020-02-11 07:49:08,276
TEL ,2020-02-11 08:49:11,276
TEL ,2020-02-11 09:49:10,276
TEL ,2020-02-11 10:48:51,276
TEL ,2020-02-11 11:49:01,276
TEL ,2020-02-11 12:48:45,276
TEL ,2020-02-11 14:10:55,276
TEL ,2020-02-11 14:49:44,276
TEL ,2020-02-11 15:49:36,273
TEL ,2020-02-11 16:49:34,271
TEL ,2020-02-11 17:49:23,271
TEL ,2020-02-11 18:49:25,272
TEL ,2020-02-11 19:49:18,272
TEL ,2020-02-11 20:49:29,273
TEL ,2020-02-11 21:53:20,273
TEL ,2020-02-11 22:49:37,273
TEL ,2020-02-11 23:49:08,274
TEL ,2020-02-12 00:49:46,274
TEL ,2020-02-12 01:49:23,274
TEL ,2020-02-12 02:49:55,274
TEL ,2020-02-12 03:49:12,274
TEL ,2020-02-12 04:49:27,274
TEL ,2020-02-12 05:49:06,274
TEL ,2020-02-12 06:49:10,274
TEL ,2020-02-12 07:48:58,274
TEL ,2020-02-12 08:49:04,274
TEL ,2020-02-12 09:49:20,274
TEL ,2020-02-12 10:49:00,274
TEL ,2020-02-12 11:48:58,274
TEL ,2020-02-12 12:49:00,274
TEL ,2020-02-12 14:10:56,274
TEL ,2020-02-12 14:49:45,274
TEL ,2020-02-12 15:49:29,277
TEL ,2020-02-12 16:49:23,277
TEL ,2020-02-12 17:49:30,278
TEL ,2020-02-12 18:49:26,279
TEL ,2020-02-12 19:49:16,278
TEL ,2020-02-12 20:49:34,278
TEL ,2020-02-12 21:49:17,279
TEL ,2020-02-12 22:48:46,279
TEL ,2020-02-12 23:48:30,279
TEL ,2020-02-13 00:49:07,279
TEL ,2020-02-13 01:48:57,279
TEL ,2020-02-13 02:49:38,279
TEL ,2020-02-13 03:49:30,279
TEL ,2020-02-13 04:49:18,279
TEL ,2020-02-13 05:49:09,279
TEL ,2020-02-13 06:49:09,279
TEL ,2020-02-13 07:48:51,279
TEL ,2020-02-13 08:49:03,279
TEL ,2020-02-13 09:48:48,279
TEL ,2020-02-13 10:48:32,279
TEL ,2020-02-13 11:49:07,279
TEL ,2020-02-13 12:48:46,279
TEL ,2020-02-13 14:10:52,279
TEL ,2020-02-13 14:49:09,279
TEL ,2020-02-13 15:49:16,280
TEL ,2020-02-13 16:49:17,280
TEL ,2020-02-13 17:49:39,279
TEL ,2020-02-13 18:49:30,279
TEL ,2020-02-13 19:49:20,279
TEL ,2020-02-13 20:49:04,279
TEL ,2020-02-13 21:49:15,278
TEL ,2020-02-13 22:48:51,278
TEL ,2020-02-13 23:48:49,279
TEL ,2020-02-14 00:48:47,279
TEL ,2020-02-14 01:49:11,279
TEL ,2020-02-14 02:49:11,279
TEL ,2020-02-14 03:48:55,279
TEL ,2020-02-14 04:49:05,279
TEL ,2020-02-14 05:49:07,279
TEL ,2020-02-14 06:48:36,279
TEL ,2020-02-14 07:48:29,279
TEL ,2020-02-14 08:48:54,279
TEL ,2020-02-14 09:48:41,279
TEL ,2020-02-14 10:48:45,279
TEL ,2020-02-14 11:48:38,279
TEL ,2020-02-14 12:48:49,279
TEL ,2020-02-14 13:48:55,279
TEL ,2020-02-14 14:49:24,279
TEL ,2020-02-14 15:49:39,278
TEL ,2020-02-14 16:49:00,277
TEL ,2020-02-14 17:49:04,278
TEL ,2020-02-14 18:48:57,277
TEL ,2020-02-14 19:49:04,277
TEL ,2020-02-14 20:49:23,277
TEL ,2020-02-14 21:48:52,277
TEL ,2020-02-14 22:48:43,277
TEL ,2020-02-14 23:49:16,277
TEL ,2020-02-15 00:48:48,277
TEL ,2020-02-15 01:48:59,277
TEL ,2020-02-15 02:49:06,277
TEL ,2020-02-15 03:49:02,277
TEL ,2020-02-15 04:48:54,277
TEL ,2020-02-15 05:47:58,277
TEL ,2020-02-15 06:48:11,277
TEL ,2020-02-15 07:48:00,277
TEL ,2020-02-15 08:48:00,277
TEL ,2020-02-15 09:48:04,277
TEL ,2020-02-15 10:47:53,277
TEL ,2020-02-15 11:47:59,277
TEL ,2020-02-15 12:48:08,277
TEL ,2020-02-15 13:47:58,277
TEL ,2020-02-15 14:48:04,277
TEL ,2020-02-15 15:48:01,277
TEL ,2020-02-15 16:47:57,277
TEL ,2020-02-15 17:47:56,277
TEL ,2020-02-15 18:48:23,277
TEL ,2020-02-15 19:47:56,277
TEL ,2020-02-15 20:48:00,277
TEL ,2020-02-15 21:47:57,277
TEL ,2020-02-15 22:47:59,277
TEL ,2020-02-15 23:47:58,277
TEL ,2020-02-16 00:47:58,277
TEL ,2020-02-16 01:47:58,277
TEL ,2020-02-16 02:47:58,277
TEL ,2020-02-16 03:47:59,277
TEL ,2020-02-16 04:48:03,277
TEL ,2020-02-16 05:48:01,277
TEL ,2020-02-16 06:47:57,277
TEL ,2020-02-16 07:47:57,277
TEL ,2020-02-16 08:47:56,277
TEL ,2020-02-16 09:48:03,277
TEL ,2020-02-16 10:47:56,277
TEL ,2020-02-16 11:47:57,277
TEL ,2020-02-16 12:48:01,277
TEL ,2020-02-16 13:47:57,277
TEL ,2020-02-16 14:48:04,277
TEL ,2020-02-16 15:48:23,277
TEL ,2020-02-16 16:48:12,277
TEL ,2020-02-16 17:47:59,277
TEL ,2020-02-16 18:48:02,277
TEL ,2020-02-16 19:47:59,277
TEL ,2020-02-16 20:47:58,277
TEL ,2020-02-16 21:47:58,277
TEL ,2020-02-16 22:47:59,277
TEL ,2020-02-16 23:48:01,277
TEL ,2020-02-17 00:47:57,277
TEL ,2020-02-17 01:47:57,277
TEL ,2020-02-17 02:48:03,277
TEL ,2020-02-17 03:48:00,277
TEL ,2020-02-17 04:47:59,277
TEL ,2020-02-17 05:47:59,277
TEL ,2020-02-17 06:48:02,277
TEL ,2020-02-17 07:47:55,277
TEL ,2020-02-17 08:48:00,277
TEL ,2020-02-17 09:48:02,277
TEL ,2020-02-17 10:47:57,277
TEL ,2020-02-17 11:47:53,277
TEL ,2020-02-17 12:48:13,277
TEL ,2020-02-17 13:47:55,277
TEL ,2020-02-17 14:47:51,277
TEL ,2020-02-17 15:47:57,277
TEL ,2020-02-17 16:48:16,277
TEL ,2020-02-17 17:47:55,277
TEL ,2020-02-17 18:48:00,277
TEL ,2020-02-17 19:47:54,277
TEL ,2020-02-17 20:47:54,277
TEL ,2020-02-17 22:48:16,277
TEL ,2020-02-17 23:48:22,277
TEL ,2020-02-18 00:47:53,277
TEL ,2020-02-18 01:47:58,277
TEL ,2020-02-18 02:48:04,277
TEL ,2020-02-18 03:48:02,277
TEL ,2020-02-18 04:48:00,277
TEL ,2020-02-18 05:48:49,277
TEL ,2020-02-18 06:48:23,277
TEL ,2020-02-18 07:48:42,277
TEL ,2020-02-18 08:48:51,277
TEL ,2020-02-18 09:48:47,277
TEL ,2020-02-18 10:48:38,277
TEL ,2020-02-18 11:48:36,277
TEL ,2020-02-18 12:49:09,277
TEL ,2020-02-18 14:11:21,277
TEL ,2020-02-18 14:49:26,277
TEL ,2020-02-18 15:49:17,281
TEL ,2020-02-18 16:49:10,281
TEL ,2020-02-18 18:49:06,284
TEL ,2020-02-18 19:49:05,284
TEL ,2020-02-18 20:48:55,284
TEL ,2020-02-18 21:48:49,284
TEL ,2020-02-18 22:48:40,284
TEL ,2020-02-18 23:48:52,284
TEL ,2020-02-19 01:48:51,284
TEL ,2020-02-19 02:49:02,284
TEL ,2020-02-19 03:49:05,284
TEL ,2020-02-19 04:48:59,284
TEL ,2020-02-19 05:48:33,284
TEL ,2020-02-19 06:49:07,284
TEL ,2020-02-19 07:48:48,284
TEL ,2020-02-19 08:48:42,284
TEL ,2020-02-19 09:49:00,284
TEL ,2020-02-19 10:48:28,284
TEL ,2020-02-19 11:48:28,284
TEL ,2020-02-19 12:48:45,284
TEL ,2020-02-19 14:12:53,284
TEL ,2020-02-19 14:49:28,284
TEL ,2020-02-19 15:49:18,283
TEL ,2020-02-19 16:48:54,283
TEL ,2020-02-19 17:49:09,283
TEL ,2020-02-19 18:49:01,284
TEL ,2020-02-19 19:48:48,284
TEL ,2020-02-19 20:48:54,285
TEL ,2020-02-19 21:49:23,288
TEL ,2020-02-19 22:48:58,288
TEL ,2020-02-19 23:48:48,288
TEL ,2020-02-20 00:49:05,288
TEL ,2020-02-20 01:49:06,288
TEL ,2020-02-20 02:49:12,288
TEL ,2020-02-20 03:49:05,288
TEL ,2020-02-20 04:49:07,288
TEL ,2020-02-20 05:49:09,288
TEL ,2020-02-20 06:49:27,288
TEL ,2020-02-20 07:49:19,288
TEL ,2020-02-20 08:49:21,288
TEL ,2020-02-20 09:48:56,288
TEL ,2020-02-20 10:48:55,288
TEL ,2020-02-20 11:49:13,288
TEL ,2020-02-20 12:49:09,288
TEL ,2020-02-20 13:49:21,288
TEL ,2020-02-20 14:48:27,288
TEL ,2020-02-20 15:48:44,289
TEL ,2020-02-20 16:48:27,288
TEL ,2020-02-20 17:49:05,289
TEL ,2020-02-20 18:49:27,289
TEL ,2020-02-20 19:49:57,289
TEL ,2020-02-20 20:49:37,289
TEL ,2020-02-20 21:49:32,289
TEL ,2020-02-20 22:49:43,289
TEL ,2020-02-20 23:49:23,289
TEL ,2020-02-21 01:49:33,289
TEL ,2020-02-21 02:49:48,289
TEL ,2020-02-21 03:50:18,289
TEL ,2020-02-21 04:50:18,289
TEL ,2020-02-21 05:49:41,289
TEL ,2020-02-21 06:49:32,289
TEL ,2020-02-21 07:49:54,289
TEL ,2020-02-21 08:49:31,289
TEL ,2020-02-21 09:50:21,289
TEL ,2020-02-21 10:51:10,289
TEL ,2020-02-21 11:50:18,289
TEL ,2020-02-21 12:50:10,289
TEL ,2020-02-21 13:50:22,289
TEL ,2020-02-21 14:50:20,289
TEL ,2020-02-21 15:50:45,290
TEL ,2020-02-21 16:51:24,290
TEL ,2020-02-21 17:51:06,290
TEL ,2020-02-21 18:50:26,292
TEL ,2020-02-21 19:49:44,292
TEL ,2020-02-21 20:49:43,292
TEL ,2020-02-21 21:50:27,292
TEL ,2020-02-21 22:49:54,292
TEL ,2020-02-21 23:52:37,292
TEL ,2020-02-22 00:50:46,292
TEL ,2020-02-22 01:49:59,292
TEL ,2020-02-22 02:49:56,292
TEL ,2020-02-22 03:50:51,292
TEL ,2020-02-22 04:50:09,292
TEL ,2020-02-22 05:49:16,292
TEL ,2020-02-22 06:48:30,292
TEL ,2020-02-22 07:49:09,292
TEL ,2020-02-22 08:49:55,292
TEL ,2020-02-22 09:48:30,292
TEL ,2020-02-22 10:48:57,292
TEL ,2020-02-22 11:48:32,292
TEL ,2020-02-22 12:49:24,292
TEL ,2020-02-22 13:51:38,292
TEL ,2020-02-22 14:48:33,292
TEL ,2020-02-22 15:48:49,292
TEL ,2020-02-22 16:50:45,292
TEL ,2020-02-22 17:49:36,292
TEL ,2020-02-22 18:48:41,292
TEL ,2020-02-22 19:48:37,292
TEL ,2020-02-22 20:49:24,292
TEL ,2020-02-22 21:50:57,292
TEL ,2020-02-22 22:49:49,292
TEL ,2020-02-22 23:48:34,292
TEL ,2020-02-23 00:48:46,292
TEL ,2020-02-23 01:48:54,292
TEL ,2020-02-23 02:49:12,292
TEL ,2020-02-23 03:48:44,292
TEL ,2020-02-23 04:49:23,292
TEL ,2020-02-23 05:49:24,292
TEL ,2020-02-23 06:48:46,292
TEL ,2020-02-23 07:48:55,292
TEL ,2020-02-23 08:49:53,292
TEL ,2020-02-23 09:48:42,292
TEL ,2020-02-23 10:48:48,292
TEL ,2020-02-23 11:48:53,292
TEL ,2020-02-23 12:48:49,292
TEL ,2020-02-23 13:48:48,292
TEL ,2020-02-23 14:49:29,292
TEL ,2020-02-23 15:48:46,292
TEL ,2020-02-23 16:48:52,292
TEL ,2020-02-23 17:48:33,292
TEL ,2020-02-23 18:48:49,292
TEL ,2020-02-23 19:48:50,292
TEL ,2020-02-23 20:48:44,292
TEL ,2020-02-23 21:49:27,292
TEL ,2020-02-23 22:48:28,292
TEL ,2020-02-23 23:48:52,292
TEL ,2020-02-24 00:49:41,292
TEL ,2020-02-24 01:48:38,292
TEL ,2020-02-24 02:49:36,292
TEL ,2020-02-24 03:48:45,292
TEL ,2020-02-24 04:49:02,292
TEL ,2020-02-24 05:50:33,292
TEL ,2020-02-24 06:49:42,292
TEL ,2020-02-24 07:49:29,292
TEL ,2020-02-24 08:49:41,292
TEL ,2020-02-24 09:59:15,292
TEL ,2020-02-24 10:49:18,292
TEL ,2020-02-24 11:50:21,292
TEL ,2020-02-24 12:49:26,292
TEL ,2020-02-24 13:50:12,292
TEL ,2020-02-24 14:51:11,292
TEL ,2020-02-24 15:49:44,294
TEL ,2020-02-24 16:50:38,294
TEL ,2020-02-24 17:49:55,294
TEL ,2020-02-24 18:50:03,294
TEL ,2020-02-24 19:50:44,294
TEL ,2020-02-24 20:50:49,294
TEL ,2020-02-24 21:50:33,294
TEL ,2020-02-24 22:50:30,294
TEL ,2020-02-24 23:49:26,294
TEL ,2020-02-25 00:49:40,294
TEL ,2020-02-25 01:49:35,294
TEL ,2020-02-25 02:50:08,294
TEL ,2020-02-25 03:49:56,294
TEL ,2020-02-25 04:49:58,294
TEL ,2020-02-25 05:51:04,294
TEL ,2020-02-25 06:50:01,294
TEL ,2020-02-25 07:50:02,294
TEL ,2020-02-25 08:50:12,294
TEL ,2020-02-25 10:00:00,294
TEL ,2020-02-25 10:50:11,294
TEL ,2020-02-25 11:49:37,294
TEL ,2020-02-25 12:50:03,294
TEL ,2020-02-25 14:12:17,293
TEL ,2020-02-25 14:50:02,293
TEL ,2020-02-25 15:50:00,292
TEL ,2020-02-25 16:50:00,292
TEL ,2020-02-25 17:49:49,292
TEL ,2020-02-25 18:50:30,292
TEL ,2020-02-25 19:49:52,291
TEL ,2020-02-25 20:50:47,290
TEL ,2020-02-25 21:50:40,287
TEL ,2020-02-25 22:49:54,287
TEL ,2020-02-25 23:49:49,287
TEL ,2020-02-26 00:49:43,287
TEL ,2020-02-26 01:49:56,287
TEL ,2020-02-26 02:50:07,287
TEL ,2020-02-26 03:49:43,287
TEL ,2020-02-26 04:50:57,287
TEL ,2020-02-26 05:50:34,287
TEL ,2020-02-26 06:50:27,287
TEL ,2020-02-26 07:51:16,287
TEL ,2020-02-26 08:50:20,287
TEL ,2020-02-26 09:49:58,287
TEL ,2020-02-26 10:49:40,287
TEL ,2020-02-26 11:50:13,287
TEL ,2020-02-26 12:49:38,287
TEL ,2020-02-26 13:50:34,287
TEL ,2020-02-26 14:51:09,287
TEL ,2020-02-26 15:50:46,287
TEL ,2020-02-26 16:50:04,287
TEL ,2020-02-26 17:49:57,287
TEL ,2020-02-26 18:50:08,289
TEL ,2020-02-26 19:50:35,290
TEL ,2020-02-26 20:50:33,290
TEL ,2020-02-26 21:50:30,291
TEL ,2020-02-26 22:50:31,291
TEL ,2020-02-26 23:50:32,290
TEL ,2020-02-27 00:49:43,290
TEL ,2020-02-27 01:50:09,290
TEL ,2020-02-27 02:49:34,290
TEL ,2020-02-27 03:50:56,290
TEL ,2020-02-27 04:49:49,290
TEL ,2020-02-27 05:49:48,290
TEL ,2020-02-27 06:49:53,290
TEL ,2020-02-27 07:49:32,290
TEL ,2020-02-27 08:50:17,290
TEL ,2020-02-27 09:49:49,290
TEL ,2020-02-27 10:50:35,290
TEL ,2020-02-27 11:50:03,290
TEL ,2020-02-27 12:50:30,290
TEL ,2020-02-27 14:10:50,290
TEL ,2020-02-27 14:51:25,290
TEL ,2020-02-27 15:50:35,287
TEL ,2020-02-27 16:50:45,285
TEL ,2020-02-27 17:50:13,285
TEL ,2020-02-27 18:50:26,285
TEL ,2020-02-27 19:49:37,285
TEL ,2020-02-27 20:50:12,284
TEL ,2020-02-27 21:49:54,284
TEL ,2020-02-27 22:50:29,284
TEL ,2020-02-27 23:49:52,284
TEL ,2020-02-28 00:50:47,284
TEL ,2020-02-28 01:49:45,284
TEL ,2020-02-28 02:49:45,284
TEL ,2020-02-28 03:50:38,284
TEL ,2020-02-28 04:50:54,284
TEL ,2020-02-28 05:50:38,284
TEL ,2020-02-28 06:50:00,284
TEL ,2020-02-28 07:50:28,284
TEL ,2020-02-28 08:50:53,284
TEL ,2020-02-28 09:50:39,283
TEL ,2020-02-28 10:49:37,283
TEL ,2020-02-28 11:49:59,283
TEL ,2020-02-28 12:50:22,283
TEL ,2020-02-28 14:11:23,283
TEL ,2020-02-28 14:50:09,283
TEL ,2020-02-28 15:49:59,277
TEL ,2020-02-28 16:50:07,276
TEL ,2020-02-28 17:50:02,277
TEL ,2020-02-28 18:50:00,277
TEL ,2020-02-28 19:50:52,277
TEL ,2020-02-28 20:49:49,276
TEL ,2020-02-28 21:49:47,276
TEL ,2020-02-28 22:50:27,276
TEL ,2020-02-28 23:49:48,276
TEL ,2020-02-29 00:50:01,276
TEL ,2020-02-29 01:49:52,276
TEL ,2020-02-29 02:49:47,276
TEL ,2020-02-29 03:49:38,276
TEL ,2020-02-29 04:50:10,276
TEL ,2020-02-29 05:49:44,276
TEL ,2020-02-29 06:49:24,276
TEL ,2020-02-29 07:50:57,276
TEL ,2020-02-29 09:50:56,276
TEL ,2020-02-29 10:48:41,276
TEL ,2020-02-29 11:48:34,276
TEL ,2020-02-29 12:51:00,276
TEL ,2020-02-29 13:51:01,276
TEL ,2020-02-29 14:48:53,276
TEL ,2020-02-29 15:48:52,276
TEL ,2020-02-29 16:49:39,276
TEL ,2020-02-29 17:49:25,276
TEL ,2020-02-29 18:48:49,276
TEL ,2020-02-29 19:48:45,276
TEL ,2020-02-29 20:48:36,276
TEL ,2020-02-29 21:49:11,276
TEL ,2020-02-29 22:51:46,276
TEL ,2020-02-29 23:50:52,276
TEL ,2020-03-01 00:50:53,276
TEL ,2020-03-01 01:50:56,276
TEL ,2020-03-01 02:48:52,276
TEL ,2020-03-01 03:50:53,276
TEL ,2020-03-01 04:48:44,276
TEL ,2020-03-01 05:49:28,276
TEL ,2020-03-01 06:48:47,276
TEL ,2020-03-01 07:49:19,276
TEL ,2020-03-01 08:48:37,276
TEL ,2020-03-01 09:50:55,276
TEL ,2020-03-01 10:50:46,276
TEL ,2020-03-01 11:49:16,276
TEL ,2020-03-01 12:49:28,276
TEL ,2020-03-01 13:48:38,276
TEL ,2020-03-01 14:48:33,276
TEL ,2020-03-01 15:51:01,276
TEL ,2020-03-01 16:49:34,276
TEL ,2020-03-01 17:50:49,276
TEL ,2020-03-01 18:51:02,276
TEL ,2020-03-01 19:51:06,276
TEL ,2020-03-01 20:51:03,276
TEL ,2020-03-01 21:48:43,276
TEL ,2020-03-01 22:48:45,276
TEL ,2020-03-01 23:50:58,276
TEL ,2020-03-02 00:48:30,276
TEL ,2020-03-02 01:49:33,276
TEL ,2020-03-02 02:50:53,276
TEL ,2020-03-02 03:51:45,276
TEL ,2020-03-02 04:49:33,276
TEL ,2020-03-02 05:52:13,276
TEL ,2020-03-02 07:49:45,276
TEL ,2020-03-02 08:52:05,276
TEL ,2020-03-02 09:51:39,276
TEL ,2020-03-02 10:50:11,276
TEL ,2020-03-02 11:49:42,276
TEL ,2020-03-02 12:50:33,276
TEL ,2020-03-02 13:52:05,276
TEL ,2020-03-02 18:49:57,276
TEL ,2020-03-03 00:50:31,276
TEL ,2020-03-03 01:50:54,276
TEL ,2020-03-03 02:50:31,276
TEL ,2020-03-03 03:51:20,276
TEL ,2020-03-03 04:52:08,276
TEL ,2020-03-03 06:52:53,276
TEL ,2020-03-03 07:50:27,276
TEL ,2020-03-03 08:52:49,276
TEL ,2020-03-03 09:53:04,276
TEL ,2020-03-03 10:50:27,276
TEL ,2020-03-03 11:53:43,276
TEL ,2020-03-03 12:50:27,276
TEL ,2020-03-03 13:53:09,276
TEL ,2020-03-03 14:52:17,276
TEL ,2020-03-03 16:53:57,279
TEL ,2020-03-03 17:53:16,279
TEL ,2020-03-03 18:49:51,279
TEL ,2020-03-03 19:49:50,279
TEL ,2020-03-03 20:50:49,280
TEL ,2020-03-03 21:50:33,279
TEL ,2020-03-03 22:54:06,279
TEL ,2020-03-03 23:51:56,279
TEL ,2020-03-04 00:52:47,279
TEL ,2020-03-04 01:52:12,279
TEL ,2020-03-04 02:49:58,279
TEL ,2020-03-04 03:50:28,279
TEL ,2020-03-04 04:52:42,279
TEL ,2020-03-04 05:50:03,279
TEL ,2020-03-04 06:52:47,279
TEL ,2020-03-04 07:50:21,279
TEL ,2020-03-04 08:52:10,279
TEL ,2020-03-04 09:50:19,279
TEL ,2020-03-04 10:49:32,279
TEL ,2020-03-04 11:52:48,279
TEL ,2020-03-04 12:52:29,279
TEL ,2020-03-04 13:51:46,279
TEL ,2020-03-04 14:49:57,279
TEL ,2020-03-04 15:53:02,280
TEL ,2020-03-04 16:49:57,281
TEL ,2020-03-04 17:50:30,281
TEL ,2020-03-04 18:52:06,281
TEL ,2020-03-04 19:57:32,282
TEL ,2020-03-04 20:52:21,282
TEL ,2020-03-04 21:49:40,281
TEL ,2020-03-04 22:52:10,281
TEL ,2020-03-04 23:50:01,281
TEL ,2020-03-05 00:50:17,281
TEL ,2020-03-05 01:50:37,281
TEL ,2020-03-05 02:49:55,281
TEL ,2020-03-05 03:50:02,281
TEL ,2020-03-05 04:50:26,281
TEL ,2020-03-05 05:50:36,281
TEL ,2020-03-05 06:50:11,281
TEL ,2020-03-05 07:49:54,280
TEL ,2020-03-05 08:51:27,280
TEL ,2020-03-05 09:50:33,280
TEL ,2020-03-05 10:49:48,280
TEL ,2020-03-05 11:52:36,280
TEL ,2020-03-05 12:50:25,280
TEL ,2020-03-05 13:50:22,280
TEL ,2020-03-05 14:52:26,280
TEL ,2020-03-05 15:50:38,280
TEL ,2020-03-05 16:52:17,281
TEL ,2020-03-05 17:49:52,282
TEL ,2020-03-05 18:50:10,283
TEL ,2020-03-05 19:50:01,283
TEL ,2020-03-05 20:49:58,282
TEL ,2020-03-05 21:49:46,283
TEL ,2020-03-05 22:52:07,283
TEL ,2020-03-05 23:52:05,283
TEL ,2020-03-06 00:49:50,283
TEL ,2020-03-06 01:49:54,283
TEL ,2020-03-06 02:53:26,283
TEL ,2020-03-06 03:52:11,283
TEL ,2020-03-06 04:52:14,283
TEL ,2020-03-06 05:52:17,283
TEL ,2020-03-06 06:52:49,283
TEL ,2020-03-06 07:51:57,283
TEL ,2020-03-06 08:50:14,283
TEL ,2020-03-06 09:52:19,283
TEL ,2020-03-06 10:49:46,283
TEL ,2020-03-06 11:52:42,283
TEL ,2020-03-06 12:49:58,283
TEL ,2020-03-06 13:49:30,283
TEL ,2020-03-06 14:53:24,283
TEL ,2020-03-06 15:50:47,283
TEL ,2020-03-06 16:50:44,283
TEL ,2020-03-06 17:50:13,283
TEL ,2020-03-06 18:49:45,283
TEL ,2020-03-06 19:50:27,283
TEL ,2020-03-06 20:50:07,283
TEL ,2020-03-06 21:49:43,283
TEL ,2020-03-06 22:49:52,283
TEL ,2020-03-06 23:50:35,283
TEL ,2020-03-07 00:49:39,283
TEL ,2020-03-07 01:50:31,283
TEL ,2020-03-07 02:49:53,283
TEL ,2020-03-07 03:52:44,283
TEL ,2020-03-07 04:52:58,283
TEL ,2020-03-07 05:52:16,283
TEL ,2020-03-07 06:52:07,283
TEL ,2020-03-07 07:50:40,283
TEL ,2020-03-07 08:51:55,283
TEL ,2020-03-07 09:50:06,283
TEL ,2020-03-07 10:50:31,283
TEL ,2020-03-07 11:52:00,283
TEL ,2020-03-07 12:50:30,283
TEL ,2020-03-07 13:49:37,283
TEL ,2020-03-07 14:50:02,283
TEL ,2020-03-07 15:49:41,283
TEL ,2020-03-07 16:49:50,283
TEL ,2020-03-07 17:50:32,283
TEL ,2020-03-07 18:50:05,283
TEL ,2020-03-07 19:50:07,283
TEL ,2020-03-07 20:52:16,283
TEL ,2020-03-07 21:53:01,283
TEL ,2020-03-07 22:52:15,283
TEL ,2020-03-07 23:52:08,283
TEL ,2020-03-08 00:49:56,283
TEL ,2020-03-08 01:50:38,283
TEL ,2020-03-08 02:50:41,283
TEL ,2020-03-08 03:52:20,283
TEL ,2020-03-08 04:52:10,283
TEL ,2020-03-08 05:52:10,283
TEL ,2020-03-08 06:51:11,283
TEL ,2020-03-08 07:52:01,283
TEL ,2020-03-08 08:52:12,283
TEL ,2020-03-08 09:50:34,283
TEL ,2020-03-08 10:52:11,283
TEL ,2020-03-08 11:50:28,283
TEL ,2020-03-08 12:52:50,283
TEL ,2020-03-08 13:52:57,283
TEL ,2020-03-08 14:49:57,283
TEL ,2020-03-08 15:52:13,283
TEL ,2020-03-08 16:49:50,283
TEL ,2020-03-08 17:50:00,283
TEL ,2020-03-08 18:53:09,283
TEL ,2020-03-08 19:51:09,283
TEL ,2020-03-08 20:50:47,283
TEL ,2020-03-08 21:49:47,283
TEL ,2020-03-08 22:52:00,283
TEL ,2020-03-08 23:49:57,283
TEL ,2020-03-09 00:52:41,283
TEL ,2020-03-09 01:49:53,283
TEL ,2020-03-09 02:52:41,283
TEL ,2020-03-09 03:52:27,283
TEL ,2020-03-09 04:52:07,283
TEL ,2020-03-09 05:49:55,283
TEL ,2020-03-09 06:49:43,283
TEL ,2020-03-09 07:50:02,283
TEL ,2020-03-09 08:49:38,283
TEL ,2020-03-09 09:50:18,283
TEL ,2020-03-09 10:51:53,283
TEL ,2020-03-09 11:52:04,283
TEL ,2020-03-09 12:51:13,283
TEL ,2020-03-09 13:49:16,283
TEL ,2020-03-09 14:51:55,285
TEL ,2020-03-09 15:50:25,284
TEL ,2020-03-09 16:49:53,284
TEL ,2020-03-09 17:48:58,284
TEL ,2020-03-09 18:49:13,283
TEL ,2020-03-09 19:49:54,283
TEL ,2020-03-09 20:50:04,284
TEL ,2020-03-09 21:52:08,284
TEL ,2020-03-09 22:52:00,283
TEL ,2020-03-09 23:52:57,283
TEL ,2020-03-10 00:49:42,283
TEL ,2020-03-10 01:52:05,283
TEL ,2020-03-10 02:50:29,283
TEL ,2020-03-10 03:52:47,283
TEL ,2020-03-10 04:50:29,283
TEL ,2020-03-10 06:52:50,283
TEL ,2020-03-10 07:52:35,283
TEL ,2020-03-10 08:50:04,283
TEL ,2020-03-10 09:51:53,283
TEL ,2020-03-10 10:51:37,283
TEL ,2020-03-10 11:52:01,283
TEL ,2020-03-10 12:50:25,283
TEL ,2020-03-10 13:50:55,283
TEL ,2020-03-10 14:52:56,283
TEL ,2020-03-10 15:53:05,284
TEL ,2020-03-10 16:49:41,284
TEL ,2020-03-10 17:52:26,284
TEL ,2020-03-10 18:52:16,284
TEL ,2020-03-10 19:52:27,284
TEL ,2020-03-10 20:54:45,283
TEL ,2020-03-10 21:52:48,283
TEL ,2020-03-10 22:52:05,283
TEL ,2020-03-10 23:50:27,283
TEL ,2020-03-11 00:52:33,283
TEL ,2020-03-11 01:52:41,283
TEL ,2020-03-11 02:53:00,283
TEL ,2020-03-11 03:50:35,283
TEL ,2020-03-11 04:50:44,283
TEL ,2020-03-11 05:52:43,283
TEL ,2020-03-11 06:52:08,283
TEL ,2020-03-11 07:49:47,283
TEL ,2020-03-11 08:50:33,283
TEL ,2020-03-11 09:49:33,283
TEL ,2020-03-11 10:49:49,283
TEL ,2020-03-11 11:52:21,283
TEL ,2020-03-11 12:52:42,283
TEL ,2020-03-11 13:52:21,283
TEL ,2020-03-11 14:50:40,283
TEL ,2020-03-11 15:50:04,283
TEL ,2020-03-11 16:52:47,282
TEL ,2020-03-11 17:50:38,282
TEL ,2020-03-11 18:49:59,282
TEL ,2020-03-11 19:53:01,282
TEL ,2020-03-11 20:52:59,283
TEL ,2020-03-11 21:50:34,283
TEL ,2020-03-11 22:50:43,283
TEL ,2020-03-11 23:51:04,283
TEL ,2020-03-12 00:49:45,283
TEL ,2020-03-12 01:52:19,283
TEL ,2020-03-12 02:50:30,283
TEL ,2020-03-12 03:52:23,283
TEL ,2020-03-12 04:52:51,283
TEL ,2020-03-12 05:50:47,283
TEL ,2020-03-12 06:50:15,283
TEL ,2020-03-12 07:50:32,283
TEL ,2020-03-12 08:52:22,283
TEL ,2020-03-12 09:51:14,283
TEL ,2020-03-12 10:52:10,283
TEL ,2020-03-12 11:52:11,283
TEL ,2020-03-12 12:52:08,283
TEL ,2020-03-12 13:53:10,283
TEL ,2020-03-12 14:49:42,283
TEL ,2020-03-12 15:49:47,282
TEL ,2020-03-12 16:50:04,282
TEL ,2020-03-12 17:49:58,283
TEL ,2020-03-12 18:52:58,282
TEL ,2020-03-12 19:50:50,282
TEL ,2020-03-12 20:50:03,283
TEL ,2020-03-12 21:53:12,283
TEL ,2020-03-12 22:49:52,283
TEL ,2020-03-12 23:52:45,283
TEL ,2020-03-13 00:53:07,283
TEL ,2020-03-13 01:49:47,283
TEL ,2020-03-13 02:52:18,283
TEL ,2020-03-13 03:52:23,283
TEL ,2020-03-13 04:50:31,283
TEL ,2020-03-13 05:51:08,283
TEL ,2020-03-13 06:53:50,283
TEL ,2020-03-13 07:53:26,283
TEL ,2020-03-13 08:53:33,283
TEL ,2020-03-13 09:53:40,283
TEL ,2020-03-13 10:50:34,283
TEL ,2020-03-13 11:52:05,283
TEL ,2020-03-13 13:10:56,283
TEL ,2020-03-13 13:51:15,283
TEL ,2020-03-13 14:51:00,282
TEL ,2020-03-13 15:50:51,283
TEL ,2020-03-13 16:52:30,286
TEL ,2020-03-13 17:52:20,286
TEL ,2020-03-13 18:53:03,286
TEL ,2020-03-13 19:52:27,287
TEL ,2020-03-13 20:50:12,287
TEL ,2020-03-13 21:50:39,287
TEL ,2020-03-13 22:49:58,287
TEL ,2020-03-13 23:52:08,287
TEL ,2020-03-14 00:50:42,287
TEL ,2020-03-14 01:52:55,287
TEL ,2020-03-14 02:52:26,287
TEL ,2020-03-14 03:50:27,287
TEL ,2020-03-14 04:53:01,287
TEL ,2020-03-14 05:52:30,287
TEL ,2020-03-14 06:50:47,287
TEL ,2020-03-14 07:52:54,287
TEL ,2020-03-14 08:52:16,287
TEL ,2020-03-14 09:52:20,286
TEL ,2020-03-14 10:50:16,286
TEL ,2020-03-14 11:50:08,286
TEL ,2020-03-14 12:50:24,286
TEL ,2020-03-14 13:49:55,286
TEL ,2020-03-14 14:52:22,286
TEL ,2020-03-14 15:49:56,286
TEL ,2020-03-14 16:52:10,286
TEL ,2020-03-14 17:50:32,286
TEL ,2020-03-14 18:52:22,286
TEL ,2020-03-14 19:50:44,286
TEL ,2020-03-14 20:52:45,286
TEL ,2020-03-14 21:52:15,286
TEL ,2020-03-14 22:53:04,286
TEL ,2020-03-14 23:52:05,286
TEL ,2020-03-15 00:50:22,286
TEL ,2020-03-15 01:50:33,286
TEL ,2020-03-15 02:52:52,286
TEL ,2020-03-15 03:53:01,286
TEL ,2020-03-15 04:50:04,286
TEL ,2020-03-15 05:52:58,286
TEL ,2020-03-15 06:50:45,286
TEL ,2020-03-15 07:53:06,286
TEL ,2020-03-15 09:03:48,286
TEL ,2020-03-15 09:51:19,286
TEL ,2020-03-15 10:51:55,286
TEL ,2020-03-15 11:52:56,286
TEL ,2020-03-15 12:52:13,286
TEL ,2020-03-15 13:50:05,286
TEL ,2020-03-15 14:51:15,286
TEL ,2020-03-15 15:50:29,286
TEL ,2020-03-15 16:52:09,286
TEL ,2020-03-15 17:50:49,286
TEL ,2020-03-15 18:52:52,286
TEL ,2020-03-15 19:52:20,286
TEL ,2020-03-15 20:50:39,286
TEL ,2020-03-15 21:50:44,286
TEL ,2020-03-15 22:52:22,286
TEL ,2020-03-15 23:52:10,286
TEL ,2020-03-16 00:50:03,286
TEL ,2020-03-16 01:50:02,286
TEL ,2020-03-16 02:49:53,286
TEL ,2020-03-16 03:51:35,286
TEL ,2020-03-16 04:52:22,286
TEL ,2020-03-16 05:53:03,286
TEL ,2020-03-16 06:50:40,286
TEL ,2020-03-16 07:52:55,286
TEL ,2020-03-16 09:02:24,286
TEL ,2020-03-16 09:52:11,286
TEL ,2020-03-16 10:50:39,286
TEL ,2020-03-16 11:51:58,286
TEL ,2020-03-16 13:12:33,286
TEL ,2020-03-16 14:50:31,288
TEL ,2020-03-16 15:52:07,288
TEL ,2020-03-16 16:50:08,289
TEL ,2020-03-16 17:50:45,290
TEL ,2020-03-16 18:50:07,290
TEL ,2020-03-16 19:52:59,289
TEL ,2020-03-16 20:49:54,290
TEL ,2020-03-16 21:50:51,290
TEL ,2020-03-16 22:50:14,290
TEL ,2020-03-16 23:52:32,290
TEL ,2020-03-17 00:52:25,290
TEL ,2020-03-17 01:50:05,290
TEL ,2020-03-17 02:52:21,290
TEL ,2020-03-17 20:14:20,295
TEL ,2020-03-17 20:22:37,295
TEL ,2020-03-17 20:50:46,295
TEL ,2020-03-17 21:50:15,295
TEL ,2020-03-17 22:50:03,295
TEL ,2020-03-17 23:50:24,295
TEL ,2020-03-18 00:50:44,295
TEL ,2020-03-18 01:50:55,295
TEL ,2020-03-18 02:50:49,295
TEL ,2020-03-18 03:51:03,295
TEL ,2020-03-18 04:50:52,295
TEL ,2020-03-18 05:51:09,295
TEL ,2020-03-18 06:50:20,295
TEL ,2020-03-18 07:51:01,295
TEL ,2020-03-18 08:49:41,295
TEL ,2020-03-18 09:50:34,295
TEL ,2020-03-18 10:50:01,295
TEL ,2020-03-18 11:50:05,295
TEL ,2020-03-18 13:12:27,295
TEL ,2020-03-18 13:51:15,295
TEL ,2020-03-18 14:50:29,296
TEL ,2020-03-18 15:50:32,296
TEL ,2020-03-18 16:50:20,296
TEL ,2020-03-18 17:51:05,296
TEL ,2020-03-18 18:50:16,294
TEL ,2020-03-18 19:50:49,294
TEL ,2020-03-18 20:50:14,296
TEL ,2020-03-18 21:50:12,296
TEL ,2020-03-18 22:50:03,296
TEL ,2020-03-18 23:50:36,296
TEL ,2020-03-19 00:50:22,296
TEL ,2020-03-19 01:51:01,296
TEL ,2020-03-19 02:50:05,296
TEL ,2020-03-19 03:49:59,296
TEL ,2020-03-19 04:50:14,296
TEL ,2020-03-19 05:53:06,296
TEL ,2020-03-19 06:50:19,296
TEL ,2020-03-19 07:50:29,296
TEL ,2020-03-19 08:50:06,296
TEL ,2020-03-19 09:50:40,296
TEL ,2020-03-19 10:49:44,296
TEL ,2020-03-19 11:49:59,296
TEL ,2020-03-19 12:49:49,296
TEL ,2020-03-19 13:50:26,296
TEL ,2020-03-19 14:50:24,296
TEL ,2020-03-19 15:50:25,297
TEL ,2020-03-19 16:50:28,299
TEL ,2020-03-19 17:50:22,299
TEL ,2020-03-19 18:49:58,296
TEL ,2020-03-19 19:50:34,297
TEL ,2020-03-19 20:51:04,296
TEL ,2020-03-19 21:50:44,296
TEL ,2020-03-19 22:50:08,296
TEL ,2020-03-19 23:51:27,296
TEL ,2020-03-20 00:50:05,296
TEL ,2020-03-20 01:49:59,296
TEL ,2020-03-20 02:51:37,296
TEL ,2020-03-20 03:50:22,296
TEL ,2020-03-20 04:50:22,296
TEL ,2020-03-20 06:50:48,296
TEL ,2020-03-20 07:50:24,296
TEL ,2020-03-20 08:51:32,296
TEL ,2020-03-20 09:50:47,296
TEL ,2020-03-20 10:50:16,296
TEL ,2020-03-20 11:50:06,296
TEL ,2020-03-20 13:11:21,296
TEL ,2020-03-20 13:51:13,296
TEL ,2020-03-20 14:50:19,298
TEL ,2020-03-20 15:50:10,299
TEL ,2020-03-20 16:50:15,300
TEL ,2020-03-20 17:50:18,300
TEL ,2020-03-20 18:50:05,300
TEL ,2020-03-20 19:50:23,299
TEL ,2020-03-20 20:50:18,299
TEL ,2020-03-20 21:49:59,299
TEL ,2020-03-20 22:50:55,299
TEL ,2020-03-20 23:51:01,299
TEL ,2020-03-21 00:50:25,299
TEL ,2020-03-21 01:50:15,299
TEL ,2020-03-21 02:50:50,299
TEL ,2020-03-21 03:50:56,299
TEL ,2020-03-21 04:50:02,299
TEL ,2020-03-21 05:49:56,299
TEL ,2020-03-21 06:50:11,299
TEL ,2020-03-21 07:50:39,299
TEL ,2020-03-21 09:13:48,299
TEL ,2020-03-21 09:50:09,299
TEL ,2020-03-21 10:50:17,299
TEL ,2020-03-21 11:50:29,299
TEL ,2020-03-21 12:49:58,299
TEL ,2020-03-21 13:50:06,299
TEL ,2020-03-21 14:51:18,299
TEL ,2020-03-21 15:50:49,299
TEL ,2020-03-21 16:50:39,299
TEL ,2020-03-21 17:51:07,299
TEL ,2020-03-21 18:50:18,299
TEL ,2020-03-21 19:50:22,299
TEL ,2020-03-21 20:49:50,299
TEL ,2020-03-21 21:50:22,299
TEL ,2020-03-21 22:50:03,299
TEL ,2020-03-21 23:50:09,299
TEL ,2020-03-22 00:49:56,299
TEL ,2020-03-22 01:50:42,299
TEL ,2020-03-22 02:50:03,299
TEL ,2020-03-22 03:51:12,299
TEL ,2020-03-22 04:50:23,299
TEL ,2020-03-22 05:50:24,299
TEL ,2020-03-22 06:50:50,299
TEL ,2020-03-22 07:50:44,299
TEL ,2020-03-22 09:18:02,299
TEL ,2020-03-22 09:50:10,299
TEL ,2020-03-22 10:50:41,299
TEL ,2020-03-22 11:49:57,299
TEL ,2020-03-22 12:50:40,299
TEL ,2020-03-22 22:00:04,299
TEL ,2020-03-22 22:50:48,299
TEL ,2020-03-22 23:50:15,299
TEL ,2020-03-23 00:51:36,299
TEL ,2020-03-23 01:50:42,299
TEL ,2020-03-23 02:50:03,299
TEL ,2020-03-23 03:50:08,299
TEL ,2020-03-23 04:51:00,299
TEL ,2020-03-23 05:50:46,299
TEL ,2020-03-23 06:50:37,299
TEL ,2020-03-23 07:50:12,299
TEL ,2020-03-23 08:50:17,299
TEL ,2020-03-23 09:50:54,299
TEL ,2020-03-23 10:50:15,299
TEL ,2020-03-23 11:50:48,299
TEL ,2020-03-23 13:10:50,299
TEL ,2020-03-23 13:50:31,299
TEL ,2020-03-23 14:50:55,303
TEL ,2020-03-23 15:50:29,304
TEL ,2020-03-23 16:51:05,304
TEL ,2020-03-23 17:50:20,304
TEL ,2020-03-23 18:50:11,303
TEL ,2020-03-23 19:50:48,303
TEL ,2020-03-23 20:50:48,303
TEL ,2020-03-23 21:50:19,303
TEL ,2020-03-23 22:50:15,303
TEL ,2020-03-23 23:50:11,303
TEL ,2020-03-24 00:50:08,303
TEL ,2020-03-24 01:50:08,303
TEL ,2020-03-24 02:49:58,303
TEL ,2020-03-24 03:50:21,303
TEL ,2020-03-24 04:50:47,303
TEL ,2020-03-24 05:52:58,303
TEL ,2020-03-24 06:51:08,303
TEL ,2020-03-24 07:51:17,303
TEL ,2020-03-24 09:12:21,303
TEL ,2020-03-24 09:49:48,303
TEL ,2020-03-24 10:49:48,303
TEL ,2020-03-24 11:49:58,303
TEL ,2020-03-24 12:49:32,303
TEL ,2020-03-24 13:51:51,303
TEL ,2020-03-24 14:52:12,304
TEL ,2020-03-24 15:51:26,304
TEL ,2020-03-24 16:51:35,305
TEL ,2020-03-24 17:51:00,305
TEL ,2020-03-24 18:50:53,305
TEL ,2020-03-24 19:50:30,306
TEL ,2020-03-24 20:50:06,306
TEL ,2020-03-24 21:49:51,306
TEL ,2020-03-24 22:50:47,306
TEL ,2020-03-24 23:50:40,306
TEL ,2020-03-25 00:50:11,306
TEL ,2020-03-25 01:50:21,306
TEL ,2020-03-25 02:50:05,306
TEL ,2020-03-25 03:50:04,306
TEL ,2020-03-25 04:49:44,306
TEL ,2020-03-25 06:51:10,306
TEL ,2020-03-25 07:50:04,306
TEL ,2020-03-25 09:51:42,306
TEL ,2020-03-25 10:50:10,306
TEL ,2020-03-25 11:50:42,306
TEL ,2020-03-25 12:50:45,306
TEL ,2020-03-25 13:51:16,306
TEL ,2020-03-25 14:51:14,307
TEL ,2020-03-25 15:51:38,306
TEL ,2020-03-25 16:51:08,303
TEL ,2020-03-25 17:52:00,302
TEL ,2020-03-25 18:50:16,302
TEL ,2020-03-25 19:50:18,301
TEL ,2020-03-25 20:50:29,303
TEL ,2020-03-25 21:50:03,303
TEL ,2020-03-25 22:50:05,303
TEL ,2020-03-25 23:50:16,303
TEL ,2020-03-26 02:09:14,303
TEL ,2020-03-26 02:50:15,303
TEL ,2020-03-26 03:50:46,303
TEL ,2020-03-26 04:51:39,303
TEL ,2020-03-26 05:50:28,303
TEL ,2020-03-26 06:50:34,303
TEL ,2020-03-26 07:50:33,303
TEL ,2020-03-26 08:50:05,303
TEL ,2020-03-26 09:50:45,303
TEL ,2020-03-26 10:49:56,303
TEL ,2020-03-26 11:50:17,303
TEL ,2020-03-26 12:50:21,303
TEL ,2020-03-26 13:50:28,303
TEL ,2020-03-26 14:50:42,308
TEL ,2020-03-26 15:50:36,308
TEL ,2020-03-26 16:50:24,310
TEL ,2020-03-26 17:50:51,310
TEL ,2020-03-26 18:50:15,310
TEL ,2020-03-26 19:50:17,309
TEL ,2020-03-26 20:50:20,309
TEL ,2020-03-26 21:50:39,309
TEL ,2020-03-26 22:50:07,309
TEL ,2020-03-26 23:50:57,309
TEL ,2020-03-27 00:50:19,309
TEL ,2020-03-27 01:50:33,309
TEL ,2020-03-27 02:50:51,309
TEL ,2020-03-27 03:50:23,309
TEL ,2020-03-27 04:50:38,309
TEL ,2020-03-27 05:50:16,309
TEL ,2020-03-27 06:50:49,309
TEL ,2020-03-27 07:50:58,309
TEL ,2020-03-27 08:53:27,309
TEL ,2020-03-27 09:51:22,309
TEL ,2020-03-27 10:50:28,309
TEL ,2020-03-27 11:50:06,309
TEL ,2020-03-27 12:49:59,309
TEL ,2020-03-27 13:50:50,309
TEL ,2020-03-27 14:50:18,310
TEL ,2020-03-27 15:50:22,310
TEL ,2020-03-27 16:50:40,310
TEL ,2020-03-27 17:50:18,309
TEL ,2020-03-27 18:51:02,309
TEL ,2020-03-27 19:50:17,309
TEL ,2020-03-27 20:50:16,309
TEL ,2020-03-27 21:51:02,309
TEL ,2020-03-27 22:50:19,309
TEL ,2020-03-27 23:50:35,309
TEL ,2020-03-28 00:50:48,309
TEL ,2020-03-28 01:49:53,309
TEL ,2020-03-28 02:50:00,309
TEL ,2020-03-28 03:50:22,309
TEL ,2020-03-28 04:50:08,309
TEL ,2020-03-28 05:51:31,309
TEL ,2020-03-28 06:50:25,309
TEL ,2020-03-28 07:49:52,309
TEL ,2020-03-28 08:50:10,309
TEL ,2020-03-28 09:50:35,309
TEL ,2020-03-28 10:51:01,309
TEL ,2020-03-28 11:50:11,309
TEL ,2020-03-28 12:50:48,309
TEL ,2020-03-28 13:50:45,309
TEL ,2020-03-28 14:50:15,309
TEL ,2020-03-28 15:50:13,309
TEL ,2020-03-28 16:50:02,309
TEL ,2020-03-28 17:50:18,309
TEL ,2020-03-28 18:50:28,309
TEL ,2020-03-28 19:50:00,309
TEL ,2020-03-28 20:50:16,309
TEL ,2020-03-28 21:49:58,309
TEL ,2020-03-28 22:51:25,309
TEL ,2020-03-28 23:50:20,309
TEL ,2020-03-29 00:50:29,309
TEL ,2020-03-29 01:50:48,309
TEL ,2020-03-29 02:51:27,309
TEL ,2020-03-29 03:51:38,309
TEL ,2020-03-29 04:50:45,309
TEL ,2020-03-29 05:50:31,309
TEL ,2020-03-29 06:51:39,309
TEL ,2020-03-29 07:50:39,309
TEL ,2020-03-29 08:50:18,309
TEL ,2020-03-29 09:50:12,309
TEL ,2020-03-29 10:51:05,309
TEL ,2020-03-29 11:50:17,309
TEL ,2020-03-29 12:50:04,309
TEL ,2020-03-29 13:50:06,309
TEL ,2020-03-29 14:50:04,309
TEL ,2020-03-29 15:50:07,309
TEL ,2020-03-29 16:50:16,309
TEL ,2020-03-29 17:50:47,309
TEL ,2020-03-29 18:50:10,309
TEL ,2020-03-29 19:50:09,309
TEL ,2020-03-29 20:50:04,309
TEL ,2020-03-29 21:51:22,309
TEL ,2020-03-29 22:50:20,309
TEL ,2020-03-29 23:50:24,309
TEL ,2020-03-30 00:50:18,309
TEL ,2020-03-30 01:50:12,309
TEL ,2020-03-30 02:51:03,309
TEL ,2020-03-30 03:50:15,309
TEL ,2020-03-30 04:50:59,309
TEL ,2020-03-30 05:50:05,309
TEL ,2020-03-30 06:50:26,309
TEL ,2020-03-30 07:50:57,309
TEL ,2020-03-30 08:50:08,309
TEL ,2020-03-30 09:49:52,309
TEL ,2020-03-30 10:50:00,309
TEL ,2020-03-30 11:49:39,309
TEL ,2020-03-30 12:49:59,309
TEL ,2020-03-30 13:51:09,309
TEL ,2020-03-30 14:50:12,309
TEL ,2020-03-30 15:50:56,309
TEL ,2020-03-30 16:50:23,308
TEL ,2020-03-30 17:50:48,309
TEL ,2020-03-30 18:50:26,311
TEL ,2020-03-30 19:50:56,311
TEL ,2020-03-30 20:50:12,311
TEL ,2020-03-30 21:50:45,311
TEL ,2020-03-30 22:50:02,311
TEL ,2020-03-30 23:49:58,311
TEL ,2020-03-31 00:49:49,311
TEL ,2020-03-31 01:50:09,311
TEL ,2020-03-31 02:50:05,311
TEL ,2020-03-31 03:50:36,311
TEL ,2020-03-31 04:50:06,311
TEL ,2020-03-31 05:50:11,311
TEL ,2020-03-31 06:50:02,311
TEL ,2020-03-31 07:50:19,310
TEL ,2020-03-31 08:50:12,310
TEL ,2020-03-31 09:50:08,310
TEL ,2020-03-31 10:50:04,310
TEL ,2020-03-31 11:50:47,310
TEL ,2020-03-31 13:09:54,310
TEL ,2020-03-31 13:50:26,310
TEL ,2020-03-31 14:51:15,313
TEL ,2020-03-31 15:50:11,314
TEL ,2020-03-31 16:51:13,314
TEL ,2020-03-31 17:50:19,315
TEL ,2020-03-31 18:50:45,315
TEL ,2020-03-31 19:50:08,314
TEL ,2020-03-31 20:50:52,314
TEL ,2020-03-31 21:50:07,314
TEL ,2020-03-31 22:50:19,314
TEL ,2020-03-31 23:49:31,314
TEL ,2020-04-01 00:48:59,314
TEL ,2020-04-01 01:49:00,314
TEL ,2020-04-01 02:48:56,314
TEL ,2020-04-01 03:49:05,314
TEL ,2020-04-01 04:49:27,314
TEL ,2020-04-01 05:49:47,314
TEL ,2020-04-01 06:49:11,314
TEL ,2020-04-01 07:49:43,314
TEL ,2020-04-01 08:48:56,314
TEL ,2020-04-01 09:49:16,314
TEL ,2020-04-01 10:48:37,314
TEL ,2020-04-01 11:50:05,314
TEL ,2020-04-01 13:12:55,314
TEL ,2020-04-01 13:48:59,314
TEL ,2020-04-01 14:50:07,315
TEL ,2020-04-01 15:49:33,315
TEL ,2020-04-01 16:48:44,317
TEL ,2020-04-01 17:48:41,318
TEL ,2020-04-01 18:48:46,318
TEL ,2020-04-01 19:48:57,318
TEL ,2020-04-01 20:49:01,318
TEL ,2020-04-01 21:48:45,318
TEL ,2020-04-01 22:48:46,318
TEL ,2020-04-01 23:49:42,318
TEL ,2020-04-02 00:48:54,318
TEL ,2020-04-02 01:49:37,318
TEL ,2020-04-02 02:48:52,318
TEL ,2020-04-02 03:49:34,318
TEL ,2020-04-02 04:48:57,318
TEL ,2020-04-02 05:49:07,318
TEL ,2020-04-02 06:48:33,318
TEL ,2020-04-02 07:49:35,318
TEL ,2020-04-02 08:50:26,318
TEL ,2020-04-02 09:49:32,318
TEL ,2020-04-02 10:49:01,318
TEL ,2020-04-02 11:48:50,318
TEL ,2020-04-02 13:13:56,318
TEL ,2020-04-02 13:49:46,318
TEL ,2020-04-02 14:48:42,319
TEL ,2020-04-02 15:49:06,319
TEL ,2020-04-02 16:48:35,320
TEL ,2020-04-02 17:48:46,321
TEL ,2020-04-02 19:48:47,322
TEL ,2020-04-02 20:49:23,322
TEL ,2020-04-02 21:50:14,322
TEL ,2020-04-02 22:49:46,322
TEL ,2020-04-02 23:48:46,322
TEL ,2020-04-03 00:49:06,322
TEL ,2020-04-03 01:49:32,322
TEL ,2020-04-03 02:48:58,322
TEL ,2020-04-03 03:48:46,322
TEL ,2020-04-03 04:49:24,322
TEL ,2020-04-03 05:49:38,322
TEL ,2020-04-03 06:48:56,322
TEL ,2020-04-03 08:48:58,322
TEL ,2020-04-03 09:48:57,322
TEL ,2020-04-03 10:49:33,322
TEL ,2020-04-03 11:48:49,322
TEL ,2020-04-03 13:14:56,322
TEL ,2020-04-03 13:49:08,322
TEL ,2020-04-03 14:49:12,324
TEL ,2020-04-03 15:49:40,325
TEL ,2020-04-03 16:49:37,326
TEL ,2020-04-03 17:49:39,326
TEL ,2020-04-03 18:49:40,328
TEL ,2020-04-03 19:48:51,328
TEL ,2020-04-03 20:48:49,328
TEL ,2020-04-03 21:49:06,328
TEL ,2020-04-03 22:50:08,328
TEL ,2020-04-03 23:48:59,328
TEL ,2020-04-04 00:48:44,328
TEL ,2020-04-04 01:49:28,328
TEL ,2020-04-04 02:49:01,328
TEL ,2020-04-04 03:49:05,328
TEL ,2020-04-04 04:49:18,328
TEL ,2020-04-04 05:49:29,328
TEL ,2020-04-04 06:48:43,328
TEL ,2020-04-04 07:49:41,328
TEL ,2020-04-04 08:49:21,328
TEL ,2020-04-04 09:49:19,328
TEL ,2020-04-04 10:48:54,328
TEL ,2020-04-04 11:48:52,328
TEL ,2020-04-04 12:48:50,328
TEL ,2020-04-04 13:48:47,328
TEL ,2020-04-04 14:49:15,328
TEL ,2020-04-04 15:48:38,328
TEL ,2020-04-04 16:48:53,328
TEL ,2020-04-04 17:48:54,328
TEL ,2020-04-04 18:48:47,328
TEL ,2020-04-04 19:48:52,328
TEL ,2020-04-04 20:48:42,328
TEL ,2020-04-04 21:48:47,328
TEL ,2020-04-04 22:49:40,328
TEL ,2020-04-04 23:48:44,328
TEL ,2020-04-05 00:49:58,328
TEL ,2020-04-05 01:49:29,328
TEL ,2020-04-05 02:48:41,328
TEL ,2020-04-05 03:48:54,328
TEL ,2020-04-05 04:49:29,328
TEL ,2020-04-05 05:49:16,328
TEL ,2020-04-05 06:49:24,328
TEL ,2020-04-05 07:48:55,328
TEL ,2020-04-05 08:49:03,328
TEL ,2020-04-05 09:48:48,328
TEL ,2020-04-05 10:49:39,328
TEL ,2020-04-05 11:49:28,328
TEL ,2020-04-05 12:48:43,328
TEL ,2020-04-05 13:49:35,328
TEL ,2020-04-05 14:48:53,328
TEL ,2020-04-05 15:48:40,328
TEL ,2020-04-05 16:49:31,328
TEL ,2020-04-05 17:48:35,328
TEL ,2020-04-05 18:48:56,328
TEL ,2020-04-05 19:48:44,328
TEL ,2020-04-05 20:48:55,328
TEL ,2020-04-05 21:49:00,328
TEL ,2020-04-05 22:49:23,328
TEL ,2020-04-05 23:48:45,328
TEL ,2020-04-06 00:48:41,328
TEL ,2020-04-06 01:48:58,328
TEL ,2020-04-06 02:49:22,328
TEL ,2020-04-06 03:50:13,328
TEL ,2020-04-06 04:48:32,328
TEL ,2020-04-06 05:49:14,328
TEL ,2020-04-06 06:49:16,328
TEL ,2020-04-06 07:48:54,328
TEL ,2020-04-06 08:49:33,328
TEL ,2020-04-06 09:48:48,328
TEL ,2020-04-06 10:49:13,328
TEL ,2020-04-06 11:48:38,328
TEL ,2020-04-06 12:49:11,328
TEL ,2020-04-06 13:48:59,328
TEL ,2020-04-06 14:48:56,329
TEL ,2020-04-06 15:48:57,327
TEL ,2020-04-06 16:48:45,328
TEL ,2020-04-06 17:48:44,328
TEL ,2020-04-06 18:52:05,329
TEL ,2020-04-06 19:49:31,330
TEL ,2020-04-06 20:48:49,330
TEL ,2020-04-06 21:48:39,330
TEL ,2020-04-06 22:48:57,330
TEL ,2020-04-06 23:49:16,330
TEL ,2020-04-07 00:48:58,330
TEL ,2020-04-07 01:49:13,330
TEL ,2020-04-07 02:48:59,330
TEL ,2020-04-07 03:48:47,330
TEL ,2020-04-07 04:48:50,330
TEL ,2020-04-07 05:48:39,330
TEL ,2020-04-07 06:49:10,330
TEL ,2020-04-07 07:48:58,330
TEL ,2020-04-07 08:49:26,330
TEL ,2020-04-07 09:48:46,330
TEL ,2020-04-07 10:48:31,330
TEL ,2020-04-07 11:48:45,330
TEL ,2020-04-07 12:48:46,330
TEL ,2020-04-07 13:48:54,330
TEL ,2020-04-07 14:48:27,331
TEL ,2020-04-07 15:48:40,331
TEL ,2020-04-07 16:49:02,332
TEL ,2020-04-07 17:48:34,332
TEL ,2020-04-07 18:48:39,332
TEL ,2020-04-07 19:48:38,329
TEL ,2020-04-07 20:48:52,329
TEL ,2020-04-07 21:49:02,329
TEL ,2020-04-07 22:48:43,331
TEL ,2020-04-07 23:48:48,331
TEL ,2020-04-08 00:48:59,331
TEL ,2020-04-08 01:48:40,331
TEL ,2020-04-08 02:48:23,331
TEL ,2020-04-08 03:49:01,331
TEL ,2020-04-08 04:48:32,331
TEL ,2020-04-08 06:48:53,331
TEL ,2020-04-08 07:49:07,331
TEL ,2020-04-08 08:49:16,331
TEL ,2020-04-08 09:48:48,331
TEL ,2020-04-08 10:48:41,331
TEL ,2020-04-08 11:48:37,331
TEL ,2020-04-08 12:48:37,331
TEL ,2020-04-08 13:48:46,331
TEL ,2020-04-08 14:48:31,331
TEL ,2020-04-08 15:48:51,331
TEL ,2020-04-08 16:48:38,332
TEL ,2020-04-08 17:49:09,330
TEL ,2020-04-08 18:48:36,331
TEL ,2020-04-08 19:49:06,331
TEL ,2020-04-08 20:48:48,332
TEL ,2020-04-08 21:48:39,332
TEL ,2020-04-08 22:48:31,332
TEL ,2020-04-08 23:48:44,332
TEL ,2020-04-09 00:48:36,332
TEL ,2020-04-09 02:48:44,332
TEL ,2020-04-09 03:48:37,332
TEL ,2020-04-09 04:49:12,332
TEL ,2020-04-09 05:48:51,332
TEL ,2020-04-09 06:49:17,332
TEL ,2020-04-09 07:48:27,332
TEL ,2020-04-09 08:48:32,332
TEL ,2020-04-09 09:48:29,332
TEL ,2020-04-09 10:48:39,332
TEL ,2020-04-09 11:48:38,332
TEL ,2020-04-09 12:48:34,332
TEL ,2020-04-09 13:48:54,332
TEL ,2020-04-09 14:48:53,331
TEL ,2020-04-09 15:48:20,333
TEL ,2020-04-09 16:48:39,333
TEL ,2020-04-09 17:48:38,332
TEL ,2020-04-09 18:48:18,331
TEL ,2020-04-09 19:49:06,330
TEL ,2020-04-09 20:48:37,330
TEL ,2020-04-09 21:48:34,330
TEL ,2020-04-09 22:48:32,330
TEL ,2020-04-09 23:48:30,330
TEL ,2020-04-10 00:48:38,330
TEL ,2020-04-10 01:48:27,330
TEL ,2020-04-10 02:48:46,330
TEL ,2020-04-10 03:48:40,330
TEL ,2020-04-10 04:48:32,330
TEL ,2020-04-10 05:48:49,330
TEL ,2020-04-10 06:48:31,330
TEL ,2020-04-10 07:48:33,330
TEL ,2020-04-10 08:48:48,330
TEL ,2020-04-10 09:48:35,330
TEL ,2020-04-10 10:48:41,330
TEL ,2020-04-10 11:48:39,330
TEL ,2020-04-10 12:48:36,330
TEL ,2020-04-10 13:48:43,330
TEL ,2020-04-10 14:48:56,330
TEL ,2020-04-10 15:48:39,330
TEL ,2020-04-10 16:48:26,330
TEL ,2020-04-10 17:48:36,330
TEL ,2020-04-10 18:48:37,330
TEL ,2020-04-10 19:48:36,330
TEL ,2020-04-10 20:49:08,330
TEL ,2020-04-10 21:48:11,330
TEL ,2020-04-10 22:48:07,330
TEL ,2020-04-10 23:48:10,330
TEL ,2020-04-11 00:48:18,330
TEL ,2020-04-11 01:48:01,330
TEL ,2020-04-11 02:48:09,330
TEL ,2020-04-11 03:48:09,330
TEL ,2020-04-11 04:48:17,330
TEL ,2020-04-11 05:48:04,330
TEL ,2020-04-11 06:48:10,330
TEL ,2020-04-11 07:48:07,330
TEL ,2020-04-11 08:47:58,330
TEL ,2020-04-11 09:48:00,330
TEL ,2020-04-11 10:48:18,330
TEL ,2020-04-11 11:47:59,330
TEL ,2020-04-11 12:48:07,330
TEL ,2020-04-11 13:48:18,330
TEL ,2020-04-11 14:47:59,330
TEL ,2020-04-11 15:48:20,330
TEL ,2020-04-11 16:48:14,330
TEL ,2020-04-11 17:48:13,330
TEL ,2020-04-11 18:48:12,330
TEL ,2020-04-11 19:48:06,330
TEL ,2020-04-11 20:47:58,330
TEL ,2020-04-11 21:48:08,330
TEL ,2020-04-11 22:48:07,330
TEL ,2020-04-11 23:48:08,330
TEL ,2020-04-12 00:48:18,330
TEL ,2020-04-12 01:48:06,330
TEL ,2020-04-12 02:48:06,330
TEL ,2020-04-12 03:48:01,330
TEL ,2020-04-12 04:48:25,330
TEL ,2020-04-12 05:48:13,330
TEL ,2020-04-12 06:48:12,330
TEL ,2020-04-12 07:48:03,330
TEL ,2020-04-12 08:48:05,330
TEL ,2020-04-12 09:48:11,330
TEL ,2020-04-12 10:48:11,330
TEL ,2020-04-12 11:48:02,330
TEL ,2020-04-12 12:48:08,330
TEL ,2020-04-12 13:48:18,330
TEL ,2020-04-12 14:48:11,330
TEL ,2020-04-12 15:48:08,330
TEL ,2020-04-12 16:48:07,330
TEL ,2020-04-12 17:47:59,330
TEL ,2020-04-12 18:48:14,330
TEL ,2020-04-12 19:48:08,330
TEL ,2020-04-12 20:48:30,330
TEL ,2020-04-12 21:48:15,330
TEL ,2020-04-12 22:48:21,330
TEL ,2020-04-12 23:48:29,330
TEL ,2020-04-13 00:48:42,330
TEL ,2020-04-13 01:48:22,330
TEL ,2020-04-13 02:48:27,330
TEL ,2020-04-13 03:48:49,330
TEL ,2020-04-13 04:48:33,330
TEL ,2020-04-13 05:48:31,330
TEL ,2020-04-13 06:48:09,330
TEL ,2020-04-13 07:47:59,330
TEL ,2020-04-13 08:48:11,330
TEL ,2020-04-13 09:48:05,330
TEL ,2020-04-13 10:48:05,330
TEL ,2020-04-13 11:48:17,330
TEL ,2020-04-13 13:11:48,330
TEL ,2020-04-13 13:48:04,330
TEL ,2020-04-13 14:48:02,330
TEL ,2020-04-13 15:48:06,330
TEL ,2020-04-13 16:48:12,331
TEL ,2020-04-13 17:48:25,331
TEL ,2020-04-13 18:48:00,330
TEL ,2020-04-13 19:48:03,331
TEL ,2020-04-13 20:48:10,331
TEL ,2020-04-13 21:48:15,331
TEL ,2020-04-13 22:48:01,331
TEL ,2020-04-13 23:48:12,331
TEL ,2020-04-14 00:48:46,331
TEL ,2020-04-14 01:48:40,331
TEL ,2020-04-14 02:48:32,331
TEL ,2020-04-14 03:48:33,331
TEL ,2020-04-14 04:48:33,331
TEL ,2020-04-14 05:48:40,331
TEL ,2020-04-14 06:48:19,331
TEL ,2020-04-14 07:48:11,331
TEL ,2020-04-14 08:48:14,331
TEL ,2020-04-14 09:48:12,331
TEL ,2020-04-14 10:48:12,331
TEL ,2020-04-14 11:48:12,331
TEL ,2020-04-14 12:48:08,331
TEL ,2020-04-14 13:48:15,331
TEL ,2020-04-14 14:48:27,331
TEL ,2020-04-14 15:48:28,330
TEL ,2020-04-14 16:48:33,331
TEL ,2020-04-14 17:48:00,333
TEL ,2020-04-14 18:48:36,334
TEL ,2020-04-14 19:48:08,335
TEL ,2020-04-14 20:48:07,334
TEL ,2020-04-14 21:48:10,334
TEL ,2020-04-14 22:48:07,334
TEL ,2020-04-14 23:48:27,334
TEL ,2020-04-15 00:48:26,334
TEL ,2020-04-15 01:48:28,334
TEL ,2020-04-15 02:48:22,334
TEL ,2020-04-15 03:48:24,334
TEL ,2020-04-15 04:48:26,334
TEL ,2020-04-15 05:48:05,334
TEL ,2020-04-15 06:48:02,334
TEL ,2020-04-15 07:48:11,334
TEL ,2020-04-15 08:48:15,334
TEL ,2020-04-15 09:48:10,334
TEL ,2020-04-15 10:48:02,334
TEL ,2020-04-15 11:48:01,334
TEL ,2020-04-15 13:14:51,334
TEL ,2020-04-15 14:48:11,335
TEL ,2020-04-15 15:48:02,339
TEL ,2020-04-15 16:48:22,339
TEL ,2020-04-15 17:48:04,340
TEL ,2020-04-15 18:48:08,343
TEL ,2020-04-15 19:48:19,345
TEL ,2020-04-15 20:48:06,346
TEL ,2020-04-15 21:48:16,346
TEL ,2020-04-15 22:48:17,346
TEL ,2020-04-15 23:48:20,346
TEL ,2020-04-16 00:48:27,346
TEL ,2020-04-16 01:48:34,346
TEL ,2020-04-16 02:48:37,346
TEL ,2020-04-16 03:48:37,346
TEL ,2020-04-16 04:48:39,346
TEL ,2020-04-16 05:48:15,346
TEL ,2020-04-16 06:48:31,346
TEL ,2020-04-16 07:48:12,346
TEL ,2020-04-16 08:48:12,346
TEL ,2020-04-16 09:48:04,346
TEL ,2020-04-16 10:48:12,346
TEL ,2020-04-16 11:48:11,346
TEL ,2020-04-16 12:48:11,346
TEL ,2020-04-16 13:48:12,346
TEL ,2020-04-16 14:48:07,345
TEL ,2020-04-16 15:48:36,346
TEL ,2020-04-16 16:48:37,346
TEL ,2020-04-16 17:48:14,346
TEL ,2020-04-16 18:48:32,346
TEL ,2020-04-16 19:48:06,346
TEL ,2020-04-16 20:48:15,347
TEL ,2020-04-16 21:48:40,347
TEL ,2020-04-16 22:48:14,347
TEL ,2020-04-16 23:48:39,347
TEL ,2020-04-17 00:48:28,347
TEL ,2020-04-17 01:48:28,347
TEL ,2020-04-17 02:48:37,347
TEL ,2020-04-17 03:48:19,347
TEL ,2020-04-17 04:48:14,347
TEL ,2020-04-17 05:48:19,347
TEL ,2020-04-17 06:48:19,347
TEL ,2020-04-17 07:48:34,347
TEL ,2020-04-17 08:48:17,347
TEL ,2020-04-17 09:48:12,347
TEL ,2020-04-17 10:48:16,347
TEL ,2020-04-17 11:48:03,347
TEL ,2020-04-17 13:11:51,347
TEL ,2020-04-17 13:48:31,347
TEL ,2020-04-17 14:48:15,345
TEL ,2020-04-17 15:48:21,345
TEL ,2020-04-17 16:48:02,348
TEL ,2020-04-17 17:48:10,348
TEL ,2020-04-17 18:48:36,348
TEL ,2020-04-17 19:48:28,349
TEL ,2020-04-17 20:48:35,348
TEL ,2020-04-17 21:48:31,348
TEL ,2020-04-17 22:48:21,348
TEL ,2020-04-17 23:48:32,348
TEL ,2020-04-18 00:48:30,348
TEL ,2020-04-18 01:48:26,348
TEL ,2020-04-18 02:48:21,348
TEL ,2020-04-18 03:48:21,348
TEL ,2020-04-18 04:48:35,348
TEL ,2020-04-18 05:48:34,348
TEL ,2020-04-18 06:48:13,348
TEL ,2020-04-18 07:48:06,348
TEL ,2020-04-18 08:48:32,348
TEL ,2020-04-18 09:47:58,348
TEL ,2020-04-18 10:48:10,348
TEL ,2020-04-18 11:48:15,348
TEL ,2020-04-18 12:47:59,348
TEL ,2020-04-18 13:48:25,348
TEL ,2020-04-18 14:48:08,348
TEL ,2020-04-18 15:48:17,348
TEL ,2020-04-18 16:47:59,348
TEL ,2020-04-18 17:48:17,348
TEL ,2020-04-18 18:48:15,348
TEL ,2020-04-18 19:48:08,348
TEL ,2020-04-18 20:48:17,348
TEL ,2020-04-18 21:48:07,348
TEL ,2020-04-18 22:48:24,348
TEL ,2020-04-18 23:48:42,348
TEL ,2020-04-19 00:48:41,348
TEL ,2020-04-19 01:48:59,348
TEL ,2020-04-19 02:48:33,348
TEL ,2020-04-19 03:48:35,348
TEL ,2020-04-19 04:49:00,348
TEL ,2020-04-19 05:48:27,348
TEL ,2020-04-19 06:48:34,348
TEL ,2020-04-19 07:48:24,348
TEL ,2020-04-19 08:48:13,348
TEL ,2020-04-19 09:48:11,348
TEL ,2020-04-19 10:48:11,348
TEL ,2020-04-19 11:48:00,348
TEL ,2020-04-19 12:48:04,348
TEL ,2020-04-19 13:48:30,348
TEL ,2020-04-19 14:48:01,348
TEL ,2020-04-19 15:48:18,348
TEL ,2020-04-19 16:48:18,348
TEL ,2020-04-19 17:48:41,348
TEL ,2020-04-19 18:48:13,348
TEL ,2020-04-19 19:48:10,348
TEL ,2020-04-19 20:48:02,348
TEL ,2020-04-19 21:48:50,348
TEL ,2020-04-19 22:48:39,348
TEL ,2020-04-19 23:48:28,348
TEL ,2020-04-20 00:48:50,348
TEL ,2020-04-20 01:48:40,348
TEL ,2020-04-20 02:48:54,348
TEL ,2020-04-20 03:48:54,348
TEL ,2020-04-20 04:48:33,348
TEL ,2020-04-20 05:48:51,348
TEL ,2020-04-20 06:48:36,348
TEL ,2020-04-20 07:48:11,348
TEL ,2020-04-20 08:48:08,348
TEL ,2020-04-20 09:48:10,348
TEL ,2020-04-20 10:48:09,348
TEL ,2020-04-20 11:48:08,348
TEL ,2020-04-20 12:48:10,348
TEL ,2020-04-20 13:48:07,348
TEL ,2020-04-20 14:48:44,349
TEL ,2020-04-20 15:48:16,349
TEL ,2020-04-20 16:48:25,350
TEL ,2020-04-20 17:48:23,349
TEL ,2020-04-20 18:48:34,349
TEL ,2020-04-20 20:49:25,349
TEL ,2020-04-20 21:49:06,349
TEL ,2020-04-20 22:49:34,349
TEL ,2020-04-20 23:48:35,349
TEL ,2020-04-21 00:48:50,349
TEL ,2020-04-21 01:48:38,349
TEL ,2020-04-21 02:48:34,349
TEL ,2020-04-21 03:50:39,349
TEL ,2020-04-21 04:51:11,349
TEL ,2020-04-21 05:51:12,349
TEL ,2020-04-21 06:48:37,349
TEL ,2020-04-21 07:48:23,349
TEL ,2020-04-21 08:48:19,349
TEL ,2020-04-21 09:48:15,349
TEL ,2020-04-21 10:48:14,349
TEL ,2020-04-21 11:48:12,349
TEL ,2020-04-21 12:48:14,349
TEL ,2020-04-21 13:48:49,349
TEL ,2020-04-21 14:48:36,349
TEL ,2020-04-21 15:48:00,349
TEL ,2020-04-21 16:48:00,348
TEL ,2020-04-21 17:48:35,348
TEL ,2020-04-21 18:48:00,349
TEL ,2020-04-21 19:48:10,351
TEL ,2020-04-21 20:48:43,352
TEL ,2020-04-21 21:48:49,352
TEL ,2020-04-21 22:48:42,352
TEL ,2020-04-21 23:48:08,352
TEL ,2020-04-22 00:48:29,352
TEL ,2020-04-22 01:48:41,352
TEL ,2020-04-22 02:48:44,352
TEL ,2020-04-22 03:48:28,352
TEL ,2020-04-22 04:48:07,352
TEL ,2020-04-22 05:48:10,352
TEL ,2020-04-22 06:48:34,352
TEL ,2020-04-22 07:48:23,352
TEL ,2020-04-22 08:48:03,352
TEL ,2020-04-22 09:48:18,352
TEL ,2020-04-22 10:48:48,352
TEL ,2020-04-22 11:48:03,352
TEL ,2020-04-22 12:48:11,352
TEL ,2020-04-22 13:48:00,352
TEL ,2020-04-22 14:48:29,353
TEL ,2020-04-22 15:48:07,351
TEL ,2020-04-22 16:48:39,350
TEL ,2020-04-22 17:48:51,349
TEL ,2020-04-22 18:48:31,349
TEL ,2020-04-22 19:48:10,349
TEL ,2020-04-22 20:48:16,350
TEL ,2020-04-22 21:48:35,350
TEL ,2020-04-22 22:48:27,353
TEL ,2020-04-22 23:48:34,353
TEL ,2020-04-23 00:48:09,353
TEL ,2020-04-23 01:48:30,353
TEL ,2020-04-23 02:48:39,353
TEL ,2020-04-23 03:48:38,353
TEL ,2020-04-23 04:48:24,353
TEL ,2020-04-23 05:48:01,353
TEL ,2020-04-23 06:48:11,353
TEL ,2020-04-23 07:48:16,353
TEL ,2020-04-23 08:48:10,353
TEL ,2020-04-23 09:47:58,353
TEL ,2020-04-23 10:48:09,353
TEL ,2020-04-23 11:48:25,353
TEL ,2020-04-23 12:48:01,353
TEL ,2020-04-23 13:48:00,353
TEL ,2020-04-23 14:48:03,355
TEL ,2020-04-23 15:48:09,357
TEL ,2020-04-23 16:48:33,357
TEL ,2020-04-23 17:48:02,356
TEL ,2020-04-23 18:48:15,356
TEL ,2020-04-23 19:48:01,357
TEL ,2020-04-23 20:48:40,358
TEL ,2020-04-23 21:48:13,358
TEL ,2020-04-23 22:48:06,358
TEL ,2020-04-23 23:48:16,358
TEL ,2020-04-24 00:48:28,358
TEL ,2020-04-24 01:49:00,358
TEL ,2020-04-24 02:47:58,358
TEL ,2020-04-24 03:48:40,358
TEL ,2020-04-24 04:48:24,358
TEL ,2020-04-24 05:48:03,358
TEL ,2020-04-24 06:48:05,358
TEL ,2020-04-24 07:47:58,358
TEL ,2020-04-24 08:48:18,358
TEL ,2020-04-24 09:48:08,358
TEL ,2020-04-24 10:48:05,358
TEL ,2020-04-24 11:47:58,358
TEL ,2020-04-24 13:12:54,358
TEL ,2020-04-24 13:48:37,358
TEL ,2020-04-24 14:48:17,359
TEL ,2020-04-24 15:48:07,357
TEL ,2020-04-24 16:48:09,358
TEL ,2020-04-24 17:48:15,359
TEL ,2020-04-24 18:49:13,359
TEL ,2020-04-24 19:48:09,360
TEL ,2020-04-24 20:48:18,360
TEL ,2020-04-24 21:48:49,360
TEL ,2020-04-24 22:48:49,360
TEL ,2020-04-24 23:48:19,360
TEL ,2020-04-25 00:48:42,360
TEL ,2020-04-25 01:48:44,360
TEL ,2020-04-25 02:48:37,360
TEL ,2020-04-25 03:48:41,360
TEL ,2020-04-25 04:48:40,360
TEL ,2020-04-25 05:48:51,360
TEL ,2020-04-25 06:48:21,360
TEL ,2020-04-25 07:48:10,360
TEL ,2020-04-25 08:48:21,360
TEL ,2020-04-25 09:48:15,360
TEL ,2020-04-25 10:48:04,360
TEL ,2020-04-25 11:48:13,360
TEL ,2020-04-25 12:48:10,360
TEL ,2020-04-25 13:48:28,360
TEL ,2020-04-25 14:48:15,360
TEL ,2020-04-25 15:48:20,360
TEL ,2020-04-25 16:48:27,360
TEL ,2020-04-25 17:48:22,360
TEL ,2020-04-25 18:48:09,360
TEL ,2020-04-25 19:48:21,360
TEL ,2020-04-25 20:48:12,360
TEL ,2020-04-25 21:48:10,360
TEL ,2020-04-25 22:48:16,360
TEL ,2020-04-25 23:48:19,360
TEL ,2020-04-26 00:48:15,360
TEL ,2020-04-26 01:48:36,360
TEL ,2020-04-26 02:48:34,360
TEL ,2020-04-26 03:48:43,360
TEL ,2020-04-26 04:48:07,360
TEL ,2020-04-26 05:48:51,360
TEL ,2020-04-26 06:48:23,360
TEL ,2020-04-26 07:48:17,360
TEL ,2020-04-26 08:48:13,360
TEL ,2020-04-26 09:48:13,360
TEL ,2020-04-26 10:48:06,360
TEL ,2020-04-26 11:48:19,360
TEL ,2020-04-26 12:48:13,360
TEL ,2020-04-26 13:48:03,360
TEL ,2020-04-26 14:48:08,360
TEL ,2020-04-26 15:48:18,360
TEL ,2020-04-26 16:48:15,360
TEL ,2020-04-26 17:48:13,360
TEL ,2020-04-26 18:48:12,360
TEL ,2020-04-26 19:48:04,360
TEL ,2020-04-26 20:48:09,360
TEL ,2020-04-26 21:48:20,360
TEL ,2020-04-26 22:48:32,360
TEL ,2020-04-26 23:48:54,360
TEL ,2020-04-27 00:48:51,360
TEL ,2020-04-27 01:48:51,360
TEL ,2020-04-27 02:48:40,360
TEL ,2020-04-27 03:48:43,360
TEL ,2020-04-27 04:48:46,360
TEL ,2020-04-27 05:48:21,360
TEL ,2020-04-27 06:48:18,360
TEL ,2020-04-27 07:48:07,360
TEL ,2020-04-27 08:48:19,360
TEL ,2020-04-27 09:48:19,360
TEL ,2020-04-27 10:48:20,360
TEL ,2020-04-27 11:47:59,360
TEL ,2020-04-27 12:48:11,360
TEL ,2020-04-27 13:48:54,360
TEL ,2020-04-27 14:48:22,362
TEL ,2020-04-27 15:48:16,363
TEL ,2020-04-27 16:48:01,364
TEL ,2020-04-27 17:48:15,363
TEL ,2020-04-27 18:48:10,362
TEL ,2020-04-27 19:48:09,361
TEL ,2020-04-27 20:48:10,362
TEL ,2020-04-27 21:48:24,362
TEL ,2020-04-27 22:48:08,362
TEL ,2020-04-27 23:48:36,362
TEL ,2020-04-28 00:49:20,362
TEL ,2020-04-28 01:48:19,362
TEL ,2020-04-28 02:48:52,362
TEL ,2020-04-28 03:48:48,362
TEL ,2020-04-28 04:48:39,362
TEL ,2020-04-28 05:48:12,362
TEL ,2020-04-28 06:48:09,362
TEL ,2020-04-28 07:48:49,362
TEL ,2020-04-28 08:48:37,362
TEL ,2020-04-28 09:48:16,362
TEL ,2020-04-28 10:48:00,362
TEL ,2020-04-28 11:48:15,362
TEL ,2020-04-28 12:48:19,362
TEL ,2020-04-28 13:48:13,362
TEL ,2020-04-28 14:48:52,359
TEL ,2020-04-28 15:48:42,358
TEL ,2020-04-28 16:48:06,359
TEL ,2020-04-28 17:48:13,359
TEL ,2020-04-28 18:48:11,358
TEL ,2020-04-28 19:48:10,357
TEL ,2020-04-28 20:48:13,356
TEL ,2020-04-28 21:48:19,356
TEL ,2020-04-28 22:48:02,356
TEL ,2020-04-28 23:48:22,356
TEL ,2020-04-29 00:48:55,356
TEL ,2020-04-29 01:48:56,356
TEL ,2020-04-29 02:48:46,356
TEL ,2020-04-29 03:48:09,356
TEL ,2020-04-29 04:48:16,356
TEL ,2020-04-29 05:48:05,356
TEL ,2020-04-29 06:48:20,356
TEL ,2020-04-29 07:48:18,356
TEL ,2020-04-29 08:48:15,356
TEL ,2020-04-29 09:48:37,356
TEL ,2020-04-29 10:48:17,356
TEL ,2020-04-29 11:47:59,356
TEL ,2020-04-29 13:10:46,356
TEL ,2020-04-29 13:48:19,356
TEL ,2020-04-29 14:48:05,359
TEL ,2020-04-29 15:48:03,360
TEL ,2020-04-29 16:48:19,361
TEL ,2020-04-29 17:48:23,362
TEL ,2020-04-29 18:48:49,362
TEL ,2020-04-29 19:48:52,362
TEL ,2020-04-29 20:48:13,362
TEL ,2020-04-29 21:48:48,362
TEL ,2020-04-29 22:48:50,361
TEL ,2020-04-29 23:48:27,361
TEL ,2020-04-30 00:48:49,361
TEL ,2020-04-30 01:48:53,361
TEL ,2020-04-30 02:49:30,361
TEL ,2020-04-30 03:49:20,361
TEL ,2020-04-30 04:48:36,361
TEL ,2020-04-30 05:48:28,361
TEL ,2020-04-30 06:48:17,361
TEL ,2020-04-30 07:48:15,361
TEL ,2020-04-30 08:48:19,361
TEL ,2020-04-30 09:48:12,361
TEL ,2020-04-30 10:48:01,361
TEL ,2020-04-30 11:48:35,361
TEL ,2020-04-30 12:48:09,361
TEL ,2020-04-30 13:48:11,361
TEL ,2020-04-30 14:48:38,361
TEL ,2020-04-30 15:48:15,366
TEL ,2020-04-30 16:48:10,364
TEL ,2020-04-30 17:51:58,364
TEL ,2020-04-30 18:48:28,363
TEL ,2020-04-30 20:48:15,361
TEL ,2020-04-30 21:48:20,361
TEL ,2020-04-30 22:48:25,361
TEL ,2020-04-30 23:48:17,361
TEL ,2020-05-01 00:48:55,361
TEL ,2020-05-01 01:48:49,361
TEL ,2020-05-01 02:48:16,361
TEL ,2020-05-01 03:48:07,361
TEL ,2020-05-01 04:48:19,361
TEL ,2020-05-01 05:48:25,361
TEL ,2020-05-01 06:48:19,361
TEL ,2020-05-01 07:48:20,361
TEL ,2020-05-01 08:48:13,361
TEL ,2020-05-01 09:48:16,361
TEL ,2020-05-01 10:48:09,361
TEL ,2020-05-01 11:48:09,361
TEL ,2020-05-01 13:11:51,362
TEL ,2020-05-01 13:49:00,362
TEL ,2020-05-01 14:48:08,368
TEL ,2020-05-01 15:48:08,369
TEL ,2020-05-01 16:48:09,368
TEL ,2020-05-01 17:48:09,371
TEL ,2020-05-01 18:48:08,370
TEL ,2020-05-01 19:48:22,371
TEL ,2020-05-01 20:48:15,372
TEL ,2020-05-01 21:48:42,372
TEL ,2020-05-01 22:48:10,372
TEL ,2020-05-01 23:48:09,372
TEL ,2020-05-02 00:48:11,372
TEL ,2020-05-02 01:48:34,372
TEL ,2020-05-02 02:48:24,372
TEL ,2020-05-02 03:48:37,372
TEL ,2020-05-02 04:48:16,372
TEL ,2020-05-02 05:48:33,372
TEL ,2020-05-02 06:48:18,372
TEL ,2020-05-02 07:48:25,372
TEL ,2020-05-02 08:48:21,372
TEL ,2020-05-02 09:48:15,372
TEL ,2020-05-02 10:48:06,372
TEL ,2020-05-02 11:48:18,372
TEL ,2020-05-02 12:48:06,372
TEL ,2020-05-02 13:48:19,372
TEL ,2020-05-02 14:48:18,372
TEL ,2020-05-02 15:48:26,372
TEL ,2020-05-02 16:48:18,372
TEL ,2020-05-02 17:48:15,372
TEL ,2020-05-02 18:48:28,372
TEL ,2020-05-02 19:48:19,372
TEL ,2020-05-02 20:48:32,372
TEL ,2020-05-02 21:48:18,372
TEL ,2020-05-02 22:48:04,372
TEL ,2020-05-02 23:48:42,372
TEL ,2020-05-03 00:48:17,372
TEL ,2020-05-03 01:48:46,372
TEL ,2020-05-03 02:48:42,372
TEL ,2020-05-03 03:48:42,372
TEL ,2020-05-03 04:48:27,372
TEL ,2020-05-03 05:48:12,372
TEL ,2020-05-03 06:48:14,372
TEL ,2020-05-03 07:48:22,372
TEL ,2020-05-03 08:48:17,372
TEL ,2020-05-03 09:48:58,372
TEL ,2020-05-03 10:48:19,372
TEL ,2020-05-03 11:48:17,372
TEL ,2020-05-03 12:48:14,372
TEL ,2020-05-03 13:48:18,372
TEL ,2020-05-03 14:48:25,372
TEL ,2020-05-03 15:48:20,372
TEL ,2020-05-03 16:48:46,372
TEL ,2020-05-03 17:48:54,372
TEL ,2020-05-03 18:48:08,372
TEL ,2020-05-03 19:49:19,372
TEL ,2020-05-03 20:48:49,372
TEL ,2020-05-03 21:48:39,372
TEL ,2020-05-03 22:48:47,372
TEL ,2020-05-03 23:48:50,372
TEL ,2020-05-04 00:48:44,372
TEL ,2020-05-04 01:48:46,372
TEL ,2020-05-04 02:48:47,372
TEL ,2020-05-04 03:48:48,372
TEL ,2020-05-04 04:48:14,372
TEL ,2020-05-04 05:48:16,372
TEL ,2020-05-04 06:48:27,372
TEL ,2020-05-04 09:34:21,372
TEL ,2020-05-04 10:51:55,372
TEL ,2020-05-04 10:59:39,372
TEL ,2020-05-04 11:07:14,372
TEL ,2020-05-04 11:48:29,372
TEL ,2020-05-04 13:10:56,372
TEL ,2020-05-04 13:48:14,372
TEL ,2020-05-04 14:48:24,372
TEL ,2020-05-04 15:48:16,371
TEL ,2020-05-04 16:48:18,372
TEL ,2020-05-04 17:48:15,371
TEL ,2020-05-04 18:48:59,371
TEL ,2020-05-04 19:48:47,373
TEL ,2020-05-04 20:48:43,373
TEL ,2020-05-04 21:48:45,373
TEL ,2020-05-04 22:48:08,373
TEL ,2020-05-04 23:48:13,373
TEL ,2020-05-05 00:48:08,373
TEL ,2020-05-05 01:48:38,373
TEL ,2020-05-05 02:48:06,373
TEL ,2020-05-05 03:48:54,373
TEL ,2020-05-05 04:48:17,373
TEL ,2020-05-05 05:48:16,373
TEL ,2020-05-05 06:48:19,373
TEL ,2020-05-05 07:48:28,373
TEL ,2020-05-05 08:48:42,373
TEL ,2020-05-05 09:48:06,373
TEL ,2020-05-05 10:48:06,373
TEL ,2020-05-05 11:48:39,373
TEL ,2020-05-05 12:48:25,373
TEL ,2020-05-05 13:48:19,373
TEL ,2020-05-05 14:48:18,373
TEL ,2020-05-05 15:48:14,373
TEL ,2020-05-05 16:48:24,373
TEL ,2020-05-05 17:48:12,373
TEL ,2020-05-05 18:48:07,374
TEL ,2020-05-05 19:48:52,373
TEL ,2020-05-05 20:48:24,373
TEL ,2020-05-05 21:48:02,373
TEL ,2020-05-05 22:48:05,373
TEL ,2020-05-05 23:48:48,373
TEL ,2020-05-06 00:48:20,373
TEL ,2020-05-06 01:48:23,373
TEL ,2020-05-06 02:48:13,373
TEL ,2020-05-06 03:48:04,373
TEL ,2020-05-06 04:48:21,373
TEL ,2020-05-06 05:48:16,373
TEL ,2020-05-06 06:48:06,373
TEL ,2020-05-06 17:48:45,375
TEL ,2020-05-06 18:48:54,375
TEL ,2020-05-06 19:48:10,377
TEL ,2020-05-06 20:48:42,377
TEL ,2020-05-06 21:48:45,377
TEL ,2020-05-06 22:48:52,377
TEL ,2020-05-06 23:48:55,377
TEL ,2020-05-07 00:48:21,377
TEL ,2020-05-07 01:48:26,377
TEL ,2020-05-07 02:48:02,377
TEL ,2020-05-07 03:48:20,377
TEL ,2020-05-07 04:48:25,377
TEL ,2020-05-07 05:48:09,377
TEL ,2020-05-07 06:48:18,377
TEL ,2020-05-07 08:48:23,377
TEL ,2020-05-07 09:48:15,377
TEL ,2020-05-07 10:48:40,377
TEL ,2020-05-07 11:48:23,377
TEL ,2020-05-07 12:48:21,377
TEL ,2020-05-07 13:48:30,378
TEL ,2020-05-07 14:48:41,378
TEL ,2020-05-07 15:48:14,378
TEL ,2020-05-07 16:48:24,377
TEL ,2020-05-07 17:48:13,378
TEL ,2020-05-07 18:48:05,381
TEL ,2020-05-07 19:49:05,382
TEL ,2020-05-07 20:48:04,382
TEL ,2020-05-07 21:48:03,382
TEL ,2020-05-07 22:48:03,382
TEL ,2020-05-07 23:48:21,382
TEL ,2020-05-08 00:48:13,382
TEL ,2020-05-08 01:48:03,382
TEL ,2020-05-08 02:48:11,382
TEL ,2020-05-08 03:48:20,382
TEL ,2020-05-08 04:48:06,382
TEL ,2020-05-08 05:48:06,382
TEL ,2020-05-08 06:48:07,382
TEL ,2020-05-08 07:48:16,382
TEL ,2020-05-08 08:48:27,382
TEL ,2020-05-08 09:48:15,382
TEL ,2020-05-08 10:48:12,382
TEL ,2020-05-08 11:48:19,382
TEL ,2020-05-08 13:10:50,382
TEL ,2020-05-08 13:48:29,382
TEL ,2020-05-08 14:48:18,383
TEL ,2020-05-08 15:48:19,383
TEL ,2020-05-08 16:48:48,383
TEL ,2020-05-08 17:48:49,384
TEL ,2020-05-08 18:48:22,384
TEL ,2020-05-08 19:48:09,384
TEL ,2020-05-08 20:48:22,384
TEL ,2020-05-08 21:48:16,384
TEL ,2020-05-08 22:48:25,384
TEL ,2020-05-08 23:48:17,384
TEL ,2020-05-09 00:48:12,384
TEL ,2020-05-09 01:48:29,384
TEL ,2020-05-09 02:48:18,384
TEL ,2020-05-09 03:49:00,384
TEL ,2020-05-09 04:48:13,384
TEL ,2020-05-09 05:48:21,384
TEL ,2020-05-09 06:48:30,384
TEL ,2020-05-09 07:48:11,384
TEL ,2020-05-09 08:48:32,384
TEL ,2020-05-09 09:48:18,384
TEL ,2020-05-09 10:48:18,384
TEL ,2020-05-09 11:48:06,384
TEL ,2020-05-09 12:48:11,384
TEL ,2020-05-09 13:48:14,384
TEL ,2020-05-09 14:48:09,384
TEL ,2020-05-09 15:48:17,384
TEL ,2020-05-09 16:48:07,384
TEL ,2020-05-09 17:48:18,384
TEL ,2020-05-09 18:48:19,384
TEL ,2020-05-09 19:48:15,384
TEL ,2020-05-09 20:48:10,384
TEL ,2020-05-09 21:48:27,384
TEL ,2020-05-09 22:48:20,384
TEL ,2020-05-09 23:48:12,384
TEL ,2020-05-10 00:48:44,384
TEL ,2020-05-10 01:48:12,384
TEL ,2020-05-10 02:48:53,384
TEL ,2020-05-10 03:48:24,384
TEL ,2020-05-10 04:48:25,384
TEL ,2020-05-10 05:48:33,384
TEL ,2020-05-10 06:48:17,384
TEL ,2020-05-10 07:48:28,384
TEL ,2020-05-10 08:48:19,384
TEL ,2020-05-10 09:48:23,384
TEL ,2020-05-10 10:48:21,384
TEL ,2020-05-10 11:48:27,384
TEL ,2020-05-10 12:48:15,384
TEL ,2020-05-10 13:48:25,384
TEL ,2020-05-10 14:48:08,384
TEL ,2020-05-10 15:48:19,384
TEL ,2020-05-10 16:48:15,384
TEL ,2020-05-10 17:48:12,384
TEL ,2020-05-10 18:48:23,384
TEL ,2020-05-10 19:48:15,384
TEL ,2020-05-10 20:48:30,384
TEL ,2020-05-10 21:48:16,384
TEL ,2020-05-10 22:48:18,384
TEL ,2020-05-10 23:48:21,384
TEL ,2020-05-11 00:48:21,384
TEL ,2020-05-11 01:48:08,384
TEL ,2020-05-11 02:48:20,384
TEL ,2020-05-11 03:48:57,384
TEL ,2020-05-11 04:48:18,384
TEL ,2020-05-11 05:48:14,384
TEL ,2020-05-11 06:48:19,384
TEL ,2020-05-11 07:48:29,384
TEL ,2020-05-11 08:48:35,384
TEL ,2020-05-11 09:48:21,384
TEL ,2020-05-11 10:48:17,384
TEL ,2020-05-11 11:48:08,384
TEL ,2020-05-11 13:09:49,384
TEL ,2020-05-11 13:48:30,384
TEL ,2020-05-11 14:48:23,387
TEL ,2020-05-11 15:48:52,389
TEL ,2020-05-11 16:48:22,427
TEL ,2020-05-11 17:48:24,442
TEL ,2020-05-11 18:48:22,468
TEL ,2020-05-11 19:48:12,492
TEL ,2020-05-11 20:48:14,500
TEL ,2020-05-11 21:48:17,501
TEL ,2020-05-11 22:48:02,501
TEL ,2020-05-11 23:48:29,501
TEL ,2020-05-12 00:48:19,501
TEL ,2020-05-12 01:48:21,501
TEL ,2020-05-12 02:48:13,501
TEL ,2020-05-12 03:48:07,501
TEL ,2020-05-12 04:48:14,501
TEL ,2020-05-12 05:48:10,501
TEL ,2020-05-12 06:48:25,501
TEL ,2020-05-12 07:48:13,501
TEL ,2020-05-12 08:48:13,501
TEL ,2020-05-12 09:49:34,501
TEL ,2020-05-12 10:48:23,501
TEL ,2020-05-12 11:48:06,501
TEL ,2020-05-12 13:15:49,501
TEL ,2020-05-12 17:48:07,548
TEL ,2020-05-12 18:48:08,561
TEL ,2020-05-12 19:48:39,562
TEL ,2020-05-12 20:48:44,563
TEL ,2020-05-12 21:48:28,563
TEL ,2020-05-12 22:48:06,563
TEL ,2020-05-12 23:48:07,563
TEL ,2020-05-13 00:48:39,563
TEL ,2020-05-13 01:48:18,563
TEL ,2020-05-13 02:48:48,563
TEL ,2020-05-13 03:48:44,563
TEL ,2020-05-13 06:48:12,563
TEL ,2020-05-13 07:48:37,563
TEL ,2020-05-13 08:48:34,563
TEL ,2020-05-13 09:48:05,563
TEL ,2020-05-13 10:48:12,563
TEL ,2020-05-13 11:48:06,563
TEL ,2020-05-13 12:48:07,563
TEL ,2020-05-13 13:48:08,565
TEL ,2020-05-13 14:48:08,562
TEL ,2020-05-13 15:48:16,569
TEL ,2020-05-13 16:48:39,568
TEL ,2020-05-13 17:48:11,567
TEL ,2020-05-13 18:48:31,569
TEL ,2020-05-13 19:48:12,581
TEL ,2020-05-13 20:48:09,583
TEL ,2020-05-13 21:48:08,583
TEL ,2020-05-13 22:48:14,583
TEL ,2020-05-13 23:48:19,583
TEL ,2020-05-14 00:48:35,583
TEL ,2020-05-14 01:48:16,583
TEL ,2020-05-14 02:48:09,583
TEL ,2020-05-14 03:48:17,583
TEL ,2020-05-14 04:48:10,583
TEL ,2020-05-14 05:48:15,583
TEL ,2020-05-14 06:48:26,583
TEL ,2020-05-14 07:48:13,583
TEL ,2020-05-14 08:48:26,583
TEL ,2020-05-14 09:48:07,583
TEL ,2020-05-14 10:48:18,583
TEL ,2020-05-14 11:48:24,583
TEL ,2020-05-14 12:48:17,583
TEL ,2020-05-14 13:48:22,583
TEL ,2020-05-14 14:48:19,579
TEL ,2020-05-14 15:48:14,583
TEL ,2020-05-14 16:48:04,587
TEL ,2020-05-14 17:48:07,585
TEL ,2020-05-14 18:48:30,592
TEL ,2020-05-14 19:48:27,590
TEL ,2020-05-14 20:48:08,592
TEL ,2020-05-14 21:48:14,592
TEL ,2020-05-14 22:48:34,593
TEL ,2020-05-14 23:48:22,593
TEL ,2020-05-15 00:48:40,593
TEL ,2020-05-15 01:48:35,593
TEL ,2020-05-15 02:48:44,593
TEL ,2020-05-15 03:48:45,593
TEL ,2020-05-15 04:48:46,593
TEL ,2020-05-15 05:48:16,593
TEL ,2020-05-15 06:48:40,593
TEL ,2020-05-15 07:48:07,593
TEL ,2020-05-15 08:48:21,593
TEL ,2020-05-15 09:48:26,593
TEL ,2020-05-15 10:48:08,593
TEL ,2020-05-15 11:48:13,593
TEL ,2020-05-15 12:48:10,593
TEL ,2020-05-15 13:48:18,593
TEL ,2020-05-15 14:48:06,603
TEL ,2020-05-15 15:48:14,603
TEL ,2020-05-15 16:48:04,605
TEL ,2020-05-15 17:48:28,605
TEL ,2020-05-15 18:48:08,606
TEL ,2020-05-15 19:48:22,603
TEL ,2020-05-15 20:48:15,603
TEL ,2020-05-15 21:48:17,603
TEL ,2020-05-15 22:48:05,603
TEL ,2020-05-15 23:48:03,603
TEL ,2020-05-16 00:48:36,603
TEL ,2020-05-16 01:48:29,603
TEL ,2020-05-16 02:48:55,603
TEL ,2020-05-16 03:48:27,603
TEL ,2020-05-16 04:48:13,603
TEL ,2020-05-16 05:48:12,603
TEL ,2020-05-16 06:48:48,603
TEL ,2020-05-16 07:48:44,603
TEL ,2020-05-16 08:48:13,603
TEL ,2020-05-16 09:48:24,603
TEL ,2020-05-16 10:48:09,603
TEL ,2020-05-16 11:48:05,603
TEL ,2020-05-16 12:48:20,603
TEL ,2020-05-16 13:48:13,603
TEL ,2020-05-16 14:48:06,603
TEL ,2020-05-16 15:48:18,603
TEL ,2020-05-16 16:48:13,603
TEL ,2020-05-16 17:48:09,603
TEL ,2020-05-16 18:48:14,603
TEL ,2020-05-16 19:48:09,603
TEL ,2020-05-16 20:48:17,603
TEL ,2020-05-16 21:48:15,603
TEL ,2020-05-16 22:48:18,603
TEL ,2020-05-16 23:48:18,603
TEL ,2020-05-17 00:48:30,603
TEL ,2020-05-17 01:48:23,603
TEL ,2020-05-18 09:51:43,603
TEL ,2020-05-18 09:56:38,603
TEL ,2020-05-18 09:59:35,603
TEL ,2020-05-18 09:59:55,603
TEL ,2020-05-18 10:00:59,603
TEL ,2020-05-18 10:01:05,603
TEL ,2020-05-18 10:01:24,603
TEL ,2020-05-18 10:01:59,603
TEL ,2020-05-18 10:02:09,603
TEL ,2020-05-18 10:02:20,603
TEL ,2020-05-18 10:02:54,603
TEL ,2020-05-18 10:09:28,603
TEL ,2020-05-18 10:12:22,603
TEL ,2020-05-18 10:14:42,603
TEL ,2020-05-18 10:15:38,603
TEL ,2020-05-18 10:15:59,603
TEL ,2020-05-18 10:19:18,603
TEL ,2020-05-18 10:31:28,603
TEL ,2020-05-18 10:36:42,603
TEL ,2020-05-18 10:42:17,603
TEL ,2020-05-18 11:00:16,603
TEL ,2020-05-18 11:04:49,603
TEL ,2020-05-18 11:13:26,603
TEL ,2020-05-18 11:13:29,603
TEL ,2020-05-18 11:14:22,603
TEL ,2020-05-18 11:21:12,603
TEL ,2020-05-18 11:27:25,603
TEL ,2020-05-18 11:32:37,603
TEL ,2020-05-18 11:37:09,603
TEL ,2020-05-18 11:38:33,603
TEL ,2020-05-18 11:47:29,603
TEL ,2020-05-18 11:55:06,603
TEL ,2020-05-18 12:02:43,603
TEL ,2020-05-18 12:10:20,603
TEL ,2020-05-18 13:10:19,602
TEL ,2020-05-18 13:48:22,602
TEL ,2020-05-18 14:48:14,595
TEL ,2020-05-18 15:48:54,592
TEL ,2020-05-18 16:49:06,595
TEL ,2020-05-18 17:48:14,581
TEL ,2020-05-18 18:48:47,572
TEL ,2020-05-18 19:48:43,559
TEL ,2020-05-18 20:48:20,543
TEL ,2020-05-18 21:48:47,543
TEL ,2020-05-18 22:48:53,543
TEL ,2020-05-18 23:48:55,543
TEL ,2020-05-19 01:48:08,543
TEL ,2020-05-19 02:48:28,543
TEL ,2020-05-19 03:48:23,543
TEL ,2020-05-19 04:48:16,543
TEL ,2020-05-19 05:48:22,543
TEL ,2020-05-19 06:48:21,543
TEL ,2020-05-19 07:48:23,543
TEL ,2020-05-19 08:48:36,543
TEL ,2020-05-19 09:49:03,543
TEL ,2020-05-19 10:48:20,543
TEL ,2020-05-19 11:48:39,543
TEL ,2020-05-19 13:10:52,543
TEL ,2020-05-19 13:48:23,543
TEL ,2020-05-19 14:48:15,527
TEL ,2020-05-19 15:48:11,518
TEL ,2020-05-19 16:48:23,452
TEL ,2020-05-19 17:48:12,447
TEL ,2020-05-19 18:48:22,446
TEL ,2020-05-19 19:48:19,447
TEL ,2020-05-19 20:48:25,447
TEL ,2020-05-19 21:48:25,447
TEL ,2020-05-19 22:48:44,447
TEL ,2020-05-19 23:48:17,447
TEL ,2020-05-20 00:48:50,447
TEL ,2020-05-20 01:48:59,447
TEL ,2020-05-20 02:48:50,447
TEL ,2020-05-20 03:48:51,447
TEL ,2020-05-20 04:48:28,447
TEL ,2020-05-20 05:48:19,447
TEL ,2020-05-20 06:48:14,447
TEL ,2020-05-20 07:48:33,447
TEL ,2020-05-20 08:48:13,447
TEL ,2020-05-20 09:48:23,447
TEL ,2020-05-20 10:48:12,447
TEL ,2020-05-20 11:48:13,447
TEL ,2020-05-20 12:48:09,447
TEL ,2020-05-20 13:48:23,447
TEL ,2020-05-20 14:48:14,446
TEL ,2020-05-20 15:48:57,441
TEL ,2020-05-20 16:48:13,438
TEL ,2020-05-20 17:48:50,438
TEL ,2020-05-20 18:48:20,438
TEL ,2020-05-20 19:48:20,438
TEL ,2020-05-20 20:48:10,437
TEL ,2020-05-20 21:48:24,437
TEL ,2020-05-20 22:48:04,437
TEL ,2020-05-20 23:48:15,437
TEL ,2020-05-21 00:48:47,437
TEL ,2020-05-21 01:48:09,437
TEL ,2020-05-21 02:48:20,437
TEL ,2020-05-21 03:48:20,437
TEL ,2020-05-21 04:48:12,437
TEL ,2020-05-21 05:48:16,437
TEL ,2020-05-21 06:48:19,437
TEL ,2020-05-21 07:48:21,437
TEL ,2020-05-21 08:48:23,437
TEL ,2020-05-21 09:48:10,437
TEL ,2020-05-21 10:48:17,437
TEL ,2020-05-21 11:48:21,437
TEL ,2020-05-21 12:48:16,437
TEL ,2020-05-21 13:48:22,437
TEL ,2020-05-21 14:48:19,443
TEL ,2020-05-21 15:48:12,444
TEL ,2020-05-21 16:48:33,441
TEL ,2020-05-21 17:48:24,440
TEL ,2020-05-21 18:48:20,444
TEL ,2020-05-21 19:48:11,445
TEL ,2020-05-21 20:48:21,447
TEL ,2020-05-21 21:48:23,447
TEL ,2020-05-21 22:48:25,447
TEL ,2020-05-21 23:48:52,447
TEL ,2020-05-22 00:49:49,447
TEL ,2020-05-22 01:48:20,447
TEL ,2020-05-22 02:48:21,447
TEL ,2020-05-22 03:48:54,447
TEL ,2020-05-22 04:48:23,447
TEL ,2020-05-22 05:48:29,447
TEL ,2020-05-22 06:48:16,447
TEL ,2020-05-22 07:48:20,447
TEL ,2020-05-22 08:48:36,447
TEL ,2020-05-22 09:48:24,447
TEL ,2020-05-22 10:48:19,447
TEL ,2020-05-22 11:48:15,447
TEL ,2020-05-22 12:48:22,447
TEL ,2020-05-22 13:48:29,447
TEL ,2020-05-22 14:48:13,448
TEL ,2020-05-22 15:48:15,448
TEL ,2020-05-22 16:48:19,451
TEL ,2020-05-22 17:48:18,450
TEL ,2020-05-22 18:48:47,451
TEL ,2020-05-22 19:48:17,452
TEL ,2020-05-22 20:48:08,451
TEL ,2020-05-22 21:48:10,451
TEL ,2020-05-22 22:48:16,451
TEL ,2020-05-22 23:48:10,451
TEL ,2020-05-23 00:48:20,451
TEL ,2020-05-23 01:48:12,451
TEL ,2020-05-23 02:48:29,451
TEL ,2020-05-23 03:48:22,451
TEL ,2020-05-23 04:48:34,451
TEL ,2020-05-23 05:48:18,451
TEL ,2020-05-23 06:48:30,451
TEL ,2020-05-23 07:48:30,451
TEL ,2020-05-23 08:48:30,451
TEL ,2020-05-23 09:48:22,451
TEL ,2020-05-23 10:48:14,451
TEL ,2020-05-23 11:48:32,451
TEL ,2020-05-23 12:48:18,451
TEL ,2020-05-23 13:48:25,451
TEL ,2020-05-23 14:48:20,451
TEL ,2020-05-23 15:48:11,451
TEL ,2020-05-23 16:48:28,451
TEL ,2020-05-23 17:48:22,451
TEL ,2020-05-23 18:48:32,451
TEL ,2020-05-23 19:48:16,451
TEL ,2020-05-23 20:48:08,451
TEL ,2020-05-23 21:48:10,451
TEL ,2020-05-23 22:48:17,451
TEL ,2020-05-23 23:48:16,451
TEL ,2020-05-24 00:48:29,451
TEL ,2020-05-24 01:48:32,451
TEL ,2020-05-24 02:48:11,451
TEL ,2020-05-24 03:48:18,451
TEL ,2020-05-24 04:48:19,451
TEL ,2020-05-24 05:48:11,451
TEL ,2020-05-24 06:48:15,451
TEL ,2020-05-24 07:48:13,451
TEL ,2020-05-24 08:48:23,451
TEL ,2020-05-24 09:48:10,451
TEL ,2020-05-24 10:48:28,451
TEL ,2020-05-24 11:48:22,451
TEL ,2020-05-24 12:48:17,451
TEL ,2020-05-24 13:48:26,451
TEL ,2020-05-24 14:48:21,451
TEL ,2020-05-24 15:48:07,451
TEL ,2020-05-24 16:48:28,451
TEL ,2020-05-24 17:48:24,451
TEL ,2020-05-24 18:48:27,451
TEL ,2020-05-24 19:48:21,451
TEL ,2020-05-24 20:48:21,451
TEL ,2020-05-24 21:48:33,451
TEL ,2020-05-24 22:48:25,451
TEL ,2020-05-24 23:48:10,451
TEL ,2020-05-25 00:48:14,451
TEL ,2020-05-25 01:48:34,451
TEL ,2020-05-25 02:48:22,451
TEL ,2020-05-25 03:48:42,451
TEL ,2020-05-25 04:48:17,451
TEL ,2020-05-25 06:49:41,451
TEL ,2020-05-25 07:48:24,451
TEL ,2020-05-25 08:48:32,451
TEL ,2020-05-25 09:48:21,451
TEL ,2020-05-25 10:48:17,451
TEL ,2020-05-25 11:48:33,451
TEL ,2020-05-25 12:48:18,451
TEL ,2020-05-25 13:48:10,451
TEL ,2020-05-25 14:48:29,451
TEL ,2020-05-25 15:48:16,451
TEL ,2020-05-25 16:48:05,451
TEL ,2020-05-25 17:48:17,451
TEL ,2020-05-25 18:48:18,451
TEL ,2020-05-25 19:48:24,451
TEL ,2020-05-25 20:48:23,451
TEL ,2020-05-25 21:48:08,451
TEL ,2020-05-25 22:48:07,451
TEL ,2020-05-25 23:48:09,451
TEL ,2020-05-26 00:48:22,451
TEL ,2020-05-26 01:48:09,451
TEL ,2020-05-26 02:48:06,451
TEL ,2020-05-26 03:48:23,451
TEL ,2020-05-26 04:48:28,451
TEL ,2020-05-26 05:48:16,451
TEL ,2020-05-26 06:48:21,451
TEL ,2020-05-26 07:48:26,451
TEL ,2020-05-26 08:48:28,451
TEL ,2020-05-26 09:48:20,451
TEL ,2020-05-26 10:48:17,451
TEL ,2020-05-26 11:48:24,451
TEL ,2020-05-26 12:48:15,451
TEL ,2020-05-26 13:48:23,451
TEL ,2020-05-26 14:48:19,445
TEL ,2020-05-26 15:48:15,445
TEL ,2020-05-26 16:48:12,445
TEL ,2020-05-26 17:48:19,445
TEL ,2020-05-26 18:48:10,444
TEL ,2020-05-26 19:48:13,444
TEL ,2020-05-26 20:48:20,445
TEL ,2020-05-26 21:48:37,445
TEL ,2020-05-26 22:48:11,445
TEL ,2020-05-26 23:48:13,445
TEL ,2020-05-27 00:49:00,445
TEL ,2020-05-27 01:48:10,445
TEL ,2020-05-27 02:48:13,445
TEL ,2020-05-27 03:48:17,445
TEL ,2020-05-27 04:48:17,445
TEL ,2020-05-27 05:48:13,445
TEL ,2020-05-27 06:48:23,445
TEL ,2020-05-27 07:48:20,445
TEL ,2020-05-27 08:48:13,445
TEL ,2020-05-27 09:48:09,445
TEL ,2020-05-27 10:48:12,445
TEL ,2020-05-27 11:48:05,445
TEL ,2020-05-27 13:11:21,445
TEL ,2020-05-27 13:48:32,445
TEL ,2020-05-27 14:48:19,446
TEL ,2020-05-27 15:48:09,446
TEL ,2020-05-27 16:48:11,444
TEL ,2020-05-27 17:48:08,445
TEL ,2020-05-27 18:48:08,446
TEL ,2020-05-27 19:48:22,444
TEL ,2020-05-27 20:48:17,441
TEL ,2020-05-27 21:48:12,441
TEL ,2020-05-27 22:48:14,441
TEL ,2020-05-27 23:48:10,441
TEL ,2020-05-28 00:48:21,441
TEL ,2020-05-28 01:48:26,441
TEL ,2020-05-28 02:48:13,441
TEL ,2020-05-28 03:48:13,441
TEL ,2020-05-28 04:48:15,441
TEL ,2020-05-28 05:48:09,441
TEL ,2020-05-28 06:48:15,441
TEL ,2020-05-28 07:48:29,441
TEL ,2020-05-28 08:48:22,441
TEL ,2020-05-28 09:48:11,441
TEL ,2020-05-28 10:48:26,441
TEL ,2020-05-28 11:48:31,441
TEL ,2020-05-28 13:11:56,440
TEL ,2020-05-28 13:48:24,440
TEL ,2020-05-28 14:48:29,439
TEL ,2020-05-28 15:48:23,439
TEL ,2020-05-28 16:48:35,440
TEL ,2020-05-28 17:48:18,439
TEL ,2020-05-28 18:48:17,439
TEL ,2020-05-28 19:48:14,439
TEL ,2020-05-28 20:48:35,438
TEL ,2020-05-28 21:48:39,438
TEL ,2020-05-28 22:48:17,438
TEL ,2020-05-28 23:48:38,438
TEL ,2020-05-29 00:48:24,438
TEL ,2020-05-29 01:48:24,438
TEL ,2020-05-29 02:48:58,438
TEL ,2020-05-29 03:48:19,438
TEL ,2020-05-29 04:48:26,438
TEL ,2020-05-29 05:48:38,438
TEL ,2020-05-29 06:48:35,438
TEL ,2020-05-29 07:48:43,438
TEL ,2020-05-29 08:48:33,438
TEL ,2020-05-29 09:54:21,438
TEL ,2020-05-29 10:48:27,438
TEL ,2020-05-29 11:48:22,438
TEL ,2020-05-29 12:48:54,438
TEL ,2020-05-29 13:48:35,438
TEL ,2020-05-29 14:48:24,433
TEL ,2020-05-29 15:48:20,433
TEL ,2020-05-29 16:48:11,433
TEL ,2020-05-29 17:48:27,432
TEL ,2020-05-29 18:48:27,435
TEL ,2020-05-29 19:48:22,435
TEL ,2020-05-29 20:48:37,431
TEL ,2020-05-29 21:48:18,431
TEL ,2020-05-29 22:48:21,431
TEL ,2020-05-29 23:48:34,431
TEL ,2020-05-30 00:48:16,431
TEL ,2020-05-30 01:48:11,431
TEL ,2020-05-30 02:48:20,431
TEL ,2020-05-30 03:48:24,431
TEL ,2020-05-30 04:48:18,431
TEL ,2020-05-30 05:48:24,431
TEL ,2020-05-30 06:48:26,431
TEL ,2020-05-30 07:48:56,431
TEL ,2020-05-30 08:48:25,431
TEL ,2020-05-30 09:48:17,431
TEL ,2020-05-30 10:48:26,431
TEL ,2020-05-30 11:48:23,431
TEL ,2020-05-30 12:48:21,431
TEL ,2020-05-30 13:48:20,431
TEL ,2020-05-30 14:48:13,431
TEL ,2020-05-30 15:48:17,431
TEL ,2020-05-30 16:48:39,431
TEL ,2020-05-30 17:48:23,431
TEL ,2020-05-30 18:48:20,431
TEL ,2020-05-30 19:48:29,431
TEL ,2020-05-30 20:48:17,431
TEL ,2020-05-30 21:48:30,431
TEL ,2020-05-30 22:48:19,431
TEL ,2020-05-30 23:48:30,431
TEL ,2020-05-31 00:48:28,431
TEL ,2020-05-31 01:48:31,431
TEL ,2020-05-31 02:48:25,431
TEL ,2020-05-31 03:48:24,431
TEL ,2020-05-31 04:48:18,431
TEL ,2020-05-31 05:48:29,431
TEL ,2020-05-31 06:48:27,431
TEL ,2020-05-31 07:48:30,431
TEL ,2020-05-31 09:32:25,431
TEL ,2020-05-31 09:48:21,431
TEL ,2020-05-31 13:14:16,431
TEL ,2020-05-31 13:22:07,431
TEL ,2020-05-31 13:23:35,431
TEL ,2020-06-01 05:20:46,431
TEL ,2020-06-01 05:38:25,431
TEL ,2020-06-01 05:38:38,431
TEL ,2020-06-01 05:39:25,431
TEL ,2020-06-01 05:52:35,431
TEL ,2020-06-01 05:54:42,431
TEL ,2020-06-01 06:06:00,431
TEL ,2020-06-01 06:06:19,431
TEL ,2020-06-01 06:13:03,431
TEL ,2020-06-01 06:16:04,431
TEL ,2020-06-01 06:20:05,431
TEL ,2020-06-01 06:21:43,431
TEL ,2020-06-01 06:28:10,431
TEL ,2020-06-01 06:30:03,431
TEL ,2020-06-01 06:32:13,431
TEL ,2020-06-01 06:40:57,431
TEL ,2020-06-01 06:48:32,431
TEL ,2020-06-01 06:56:09,431
TEL ,2020-06-01 07:48:23,431
TEL ,2020-06-01 08:48:37,431
TEL ,2020-06-01 09:48:43,431
TEL ,2020-06-01 10:48:17,431
TEL ,2020-06-01 11:48:21,431
TEL ,2020-06-01 13:09:55,431
TEL ,2020-06-01 13:49:14,431
TEL ,2020-06-01 14:48:27,431
TEL ,2020-06-01 15:48:23,429
TEL ,2020-06-01 16:48:59,429
TEL ,2020-06-01 17:48:54,433
TEL ,2020-06-01 18:48:52,434
TEL ,2020-06-01 19:48:29,436
TEL ,2020-06-01 20:48:25,434
TEL ,2020-06-01 21:48:21,434
TEL ,2020-06-01 22:48:14,434
TEL ,2020-06-01 23:48:26,434
TEL ,2020-06-02 00:48:27,434
TEL ,2020-06-02 01:48:14,434
TEL ,2020-06-02 02:48:14,434
TEL ,2020-06-02 03:48:22,434
TEL ,2020-06-02 04:48:20,434
TEL ,2020-06-02 05:48:23,433
TEL ,2020-06-02 06:48:36,433
TEL ,2020-06-02 07:48:27,433
TEL ,2020-06-02 08:48:34,433
TEL ,2020-06-02 09:48:19,433
TEL ,2020-06-02 10:48:33,433
TEL ,2020-06-02 11:48:21,433
TEL ,2020-06-02 12:48:31,433
TEL ,2020-06-02 13:48:33,433
TEL ,2020-06-02 14:49:03,433
TEL ,2020-06-02 15:48:59,435
TEL ,2020-06-02 16:48:21,436
TEL ,2020-06-02 17:48:57,437
TEL ,2020-06-02 18:48:16,438
TEL ,2020-06-02 19:48:43,437
TEL ,2020-06-02 20:49:00,436
TEL ,2020-06-02 21:48:12,435
TEL ,2020-06-02 22:48:25,435
TEL ,2020-06-02 23:48:14,435
TEL ,2020-06-03 00:48:33,435
TEL ,2020-06-03 01:49:02,435
TEL ,2020-06-03 02:48:11,435
TEL ,2020-06-03 03:48:50,435
TEL ,2020-06-03 04:48:44,435
TEL ,2020-06-03 05:48:12,435
TEL ,2020-06-03 06:48:21,435
TEL ,2020-06-03 07:48:55,435
TEL ,2020-06-03 09:24:47,435
TEL ,2020-06-03 09:48:24,435
TEL ,2020-06-03 10:48:22,435
TEL ,2020-06-03 11:48:25,435
TEL ,2020-06-03 13:13:28,435
TEL ,2020-06-03 13:48:26,435
TEL ,2020-06-03 14:48:16,438
TEL ,2020-06-03 15:49:01,439
TEL ,2020-06-03 16:48:53,442
TEL ,2020-06-03 17:48:54,443
TEL ,2020-06-03 18:49:09,443
TEL ,2020-06-03 19:48:46,445
TEL ,2020-06-03 20:48:22,445
TEL ,2020-06-03 21:48:21,446
TEL ,2020-06-03 22:48:21,446
TEL ,2020-06-03 23:48:12,446
TEL ,2020-06-04 00:48:54,446
TEL ,2020-06-04 01:48:29,446
TEL ,2020-06-04 02:48:21,446
TEL ,2020-06-04 03:48:28,446
TEL ,2020-06-04 04:48:28,446
TEL ,2020-06-04 05:48:23,446
TEL ,2020-06-04 06:48:22,446
TEL ,2020-06-04 07:48:36,446
TEL ,2020-06-04 08:48:43,446
TEL ,2020-06-04 09:48:31,446
TEL ,2020-06-04 10:48:21,446
TEL ,2020-06-04 11:48:31,446
TEL ,2020-06-04 12:48:19,446
TEL ,2020-06-04 13:49:00,446
TEL ,2020-06-04 14:49:22,444
TEL ,2020-06-04 15:49:02,445
TEL ,2020-06-04 17:12:01,447
TEL ,2020-06-04 17:48:30,447
TEL ,2020-06-04 18:48:52,448
TEL ,2020-06-04 19:48:17,449
TEL ,2020-06-04 20:49:00,449
TEL ,2020-06-04 21:48:56,449
TEL ,2020-06-04 22:48:21,449
TEL ,2020-06-04 23:48:25,449
TEL ,2020-06-05 00:48:32,449
TEL ,2020-06-05 01:48:19,449
TEL ,2020-06-05 02:48:15,449
TEL ,2020-06-05 03:48:21,449
TEL ,2020-06-05 04:48:30,449
TEL ,2020-06-05 05:48:31,449
TEL ,2020-06-05 06:48:26,449
TEL ,2020-06-05 07:48:26,449
TEL ,2020-06-05 09:28:29,449
TEL ,2020-06-05 09:48:17,449
TEL ,2020-06-05 10:48:17,449
TEL ,2020-06-05 11:48:21,449
TEL ,2020-06-05 13:14:29,449
TEL ,2020-06-05 13:48:53,449
TEL ,2020-06-05 14:48:26,448
TEL ,2020-06-05 15:48:29,447
TEL ,2020-06-05 16:49:08,444
TEL ,2020-06-05 17:48:28,445
TEL ,2020-06-05 18:48:30,447
TEL ,2020-06-05 19:48:29,445
TEL ,2020-06-05 20:49:03,444
TEL ,2020-06-05 21:48:28,444
TEL ,2020-06-05 22:48:28,444
TEL ,2020-06-05 23:48:30,444
TEL ,2020-06-06 00:48:34,444
TEL ,2020-06-06 01:48:18,444
TEL ,2020-06-06 02:48:23,444
TEL ,2020-06-06 03:48:34,444
TEL ,2020-06-06 04:48:34,444
TEL ,2020-06-06 05:48:40,444
TEL ,2020-06-06 06:48:29,444
TEL ,2020-06-06 07:49:14,444
TEL ,2020-06-06 08:48:35,444
TEL ,2020-06-06 09:57:43,444
TEL ,2020-06-06 10:48:20,444
TEL ,2020-06-06 11:48:27,444
TEL ,2020-06-06 12:48:31,444
TEL ,2020-06-06 13:48:19,444
TEL ,2020-06-06 14:49:04,444
TEL ,2020-06-06 15:48:26,444
TEL ,2020-06-06 16:48:57,444
TEL ,2020-06-06 18:48:27,444
TEL ,2020-06-06 19:48:16,444
TEL ,2020-06-06 20:48:24,444
TEL ,2020-06-06 21:48:23,444
TEL ,2020-06-06 22:48:24,444
TEL ,2020-06-06 23:48:35,444
TEL ,2020-06-07 00:48:39,444
TEL ,2020-06-07 01:48:23,444
TEL ,2020-06-07 02:48:26,444
TEL ,2020-06-07 03:48:26,444
TEL ,2020-06-07 04:48:27,444
TEL ,2020-06-07 05:48:27,444
TEL ,2020-06-07 06:48:26,444
TEL ,2020-06-07 07:48:33,444
TEL ,2020-06-07 08:48:32,444
TEL ,2020-06-08 04:48:18,444
TEL ,2020-06-08 05:48:14,444
TEL ,2020-06-08 06:48:43,444
TEL ,2020-06-08 07:48:10,444
TEL ,2020-06-08 08:48:28,444
TEL ,2020-06-08 09:48:20,444
TEL ,2020-06-08 10:48:18,444
TEL ,2020-06-08 11:48:23,444
TEL ,2020-06-08 12:49:05,444
TEL ,2020-06-08 13:48:28,444
TEL ,2020-06-08 14:49:18,443
TEL ,2020-06-08 15:48:22,444
TEL ,2020-06-08 16:48:42,445
TEL ,2020-06-08 17:48:41,444
TEL ,2020-06-08 18:49:14,444
TEL ,2020-06-08 19:49:10,442
TEL ,2020-06-08 20:48:50,442
TEL ,2020-06-08 21:48:36,442
TEL ,2020-06-08 22:48:35,442
TEL ,2020-06-08 23:48:31,442
TEL ,2020-06-09 00:48:35,442
TEL ,2020-06-09 01:48:46,442
TEL ,2020-06-09 02:48:46,442
TEL ,2020-06-09 03:48:21,442
TEL ,2020-06-09 04:49:01,442
TEL ,2020-06-09 05:49:13,442
TEL ,2020-06-09 06:49:16,442
TEL ,2020-06-09 07:48:47,442
TEL ,2020-06-09 08:49:23,442
TEL ,2020-06-09 09:48:54,442
TEL ,2020-06-09 10:48:41,442
TEL ,2020-06-09 11:48:42,442
TEL ,2020-06-09 12:49:16,442
TEL ,2020-06-09 13:49:07,443
TEL ,2020-06-09 14:48:52,445
TEL ,2020-06-09 15:49:07,446
TEL ,2020-06-09 16:49:10,447
TEL ,2020-06-09 17:48:35,449
TEL ,2020-06-09 18:49:24,448
TEL ,2020-06-09 19:49:36,449
TEL ,2020-06-09 20:49:36,449
TEL ,2020-06-09 21:48:59,449
TEL ,2020-06-09 22:49:07,449
TEL ,2020-06-09 23:49:12,449
TEL ,2020-06-10 00:49:16,449
TEL ,2020-06-10 01:48:56,449
TEL ,2020-06-10 02:49:06,449
TEL ,2020-06-10 03:49:12,449
TEL ,2020-06-10 04:48:54,449
TEL ,2020-06-10 05:49:07,449
TEL ,2020-06-10 06:48:44,449
TEL ,2020-06-10 07:48:20,449
TEL ,2020-06-10 08:48:37,449
TEL ,2020-06-10 09:48:20,449
TEL ,2020-06-10 10:48:23,449
TEL ,2020-06-10 11:48:34,449
TEL ,2020-06-10 12:48:49,449
TEL ,2020-06-10 13:49:15,449
TEL ,2020-06-10 15:48:36,449
TEL ,2020-06-10 16:48:48,450
TEL ,2020-06-10 17:48:46,450
TEL ,2020-06-10 18:48:48,450
TEL ,2020-06-10 19:48:42,449
TEL ,2020-06-10 20:48:31,447
TEL ,2020-06-10 21:48:56,447
TEL ,2020-06-10 22:48:24,447
TEL ,2020-06-10 23:49:01,447
TEL ,2020-06-11 00:50:19,447
TEL ,2020-06-11 01:48:28,447
TEL ,2020-06-11 02:49:27,447
TEL ,2020-06-11 03:49:27,447
TEL ,2020-06-11 04:48:37,447
TEL ,2020-06-11 05:49:28,447
TEL ,2020-06-11 06:48:46,447
TEL ,2020-06-11 07:49:13,447
TEL ,2020-06-11 08:48:37,447
TEL ,2020-06-11 09:48:44,447
TEL ,2020-06-11 10:48:41,447
TEL ,2020-06-11 11:48:24,447
TEL ,2020-06-11 12:48:45,447
TEL ,2020-06-11 13:49:20,447
TEL ,2020-06-11 14:48:46,443
TEL ,2020-06-11 15:49:08,445
TEL ,2020-06-11 16:49:40,445
TEL ,2020-06-11 17:48:58,445
TEL ,2020-06-11 18:49:08,444
TEL ,2020-06-11 19:49:01,443
TEL ,2020-06-11 20:48:31,444
TEL ,2020-06-11 21:48:22,444
TEL ,2020-06-11 22:48:19,444
TEL ,2020-06-11 23:48:15,444
TEL ,2020-06-12 00:48:30,444
TEL ,2020-06-12 01:48:32,444
TEL ,2020-06-12 02:48:29,444
TEL ,2020-06-12 03:48:31,444
TEL ,2020-06-12 04:48:27,444
TEL ,2020-06-12 05:48:21,444
TEL ,2020-06-12 06:48:38,444
TEL ,2020-06-12 07:48:33,444
TEL ,2020-06-12 08:48:23,444
TEL ,2020-06-12 09:48:38,444
TEL ,2020-06-12 10:48:41,444
TEL ,2020-06-12 11:48:29,444
TEL ,2020-06-12 14:14:05,445
TEL ,2020-06-12 14:22:02,445
TEL ,2020-06-12 14:49:04,445
TEL ,2020-06-12 15:48:31,447
TEL ,2020-06-12 16:48:41,449
TEL ,2020-06-12 17:48:42,450
TEL ,2020-06-12 18:48:36,452
TEL ,2020-06-12 19:48:58,452
TEL ,2020-06-12 20:48:55,453
TEL ,2020-06-12 21:48:44,453
TEL ,2020-06-12 22:48:20,453
TEL ,2020-06-12 23:48:23,453
TEL ,2020-06-13 00:48:16,453
TEL ,2020-06-13 01:48:21,453
TEL ,2020-06-13 02:48:24,453
TEL ,2020-06-13 03:48:23,453
TEL ,2020-06-13 04:48:23,453
TEL ,2020-06-13 05:48:18,453
TEL ,2020-06-13 06:48:26,453
TEL ,2020-06-13 07:48:27,453
TEL ,2020-06-13 08:48:18,453
TEL ,2020-06-13 09:48:22,453
TEL ,2020-06-13 10:48:20,453
TEL ,2020-06-13 11:48:17,453
TEL ,2020-06-13 12:48:16,453
TEL ,2020-06-13 13:48:14,453
TEL ,2020-06-13 14:48:24,453
TEL ,2020-06-13 15:48:21,453
TEL ,2020-06-13 16:48:36,453
TEL ,2020-06-13 17:48:22,453
TEL ,2020-06-13 18:48:25,453
TEL ,2020-06-13 19:48:17,453
TEL ,2020-06-13 20:48:23,453
TEL ,2020-06-13 21:48:32,453
TEL ,2020-06-13 22:48:30,453
TEL ,2020-06-13 23:48:29,453
TEL ,2020-06-14 00:48:26,453
TEL ,2020-06-14 01:48:16,453
TEL ,2020-06-14 02:48:26,453
TEL ,2020-06-14 03:48:29,453
TEL ,2020-06-14 04:48:10,453
TEL ,2020-06-14 05:48:47,453
TEL ,2020-06-14 06:48:25,453
TEL ,2020-06-14 07:48:25,453
TEL ,2020-06-14 08:48:19,453
TEL ,2020-06-14 09:48:22,453
TEL ,2020-06-14 10:48:24,453
TEL ,2020-06-14 11:48:15,453
TEL ,2020-06-14 12:48:20,453
TEL ,2020-06-14 13:48:22,453
TEL ,2020-06-14 14:48:23,453
TEL ,2020-06-14 15:48:36,453
TEL ,2020-06-14 16:48:19,453
TEL ,2020-06-14 17:48:25,453
TEL ,2020-06-14 18:48:33,453
TEL ,2020-06-14 19:48:25,453
TEL ,2020-06-14 20:48:26,453
TEL ,2020-06-14 21:48:38,453
TEL ,2020-06-14 22:48:20,453
TEL ,2020-06-14 23:48:25,453
TEL ,2020-06-15 00:48:45,453
TEL ,2020-06-15 01:48:35,453
TEL ,2020-06-15 02:48:29,453
TEL ,2020-06-15 03:48:27,453
TEL ,2020-06-15 04:48:45,453
TEL ,2020-06-15 05:48:58,453
TEL ,2020-06-15 06:48:24,453
TEL ,2020-06-15 07:48:23,453
TEL ,2020-06-15 08:49:02,453
TEL ,2020-06-15 09:48:29,453
TEL ,2020-06-15 10:48:16,453
TEL ,2020-06-15 11:48:20,453
TEL ,2020-06-15 12:48:33,453
TEL ,2020-06-15 13:49:21,453
TEL ,2020-06-15 14:49:08,454
TEL ,2020-06-15 15:48:37,458
TEL ,2020-06-15 16:48:55,462
TEL ,2020-06-15 17:48:41,469
TEL ,2020-06-15 18:45:00,472
TEL ,2020-06-15 18:52:38,472
TEL ,2020-06-15 19:00:18,472
TEL ,2020-06-15 19:08:00,473
TEL ,2020-06-15 19:15:50,473
TEL ,2020-06-15 19:23:34,473
TEL ,2020-06-15 19:31:16,473
TEL ,2020-06-15 19:38:55,473
TEL ,2020-06-15 19:46:34,473
TEL ,2020-06-15 19:54:14,473
TEL ,2020-06-15 20:02:05,473
TEL ,2020-06-15 20:14:46,474
TEL ,2020-06-15 20:22:25,474
TEL ,2020-06-15 20:30:04,474
TEL ,2020-06-15 20:37:42,474
TEL ,2020-06-15 20:45:20,474
TEL ,2020-06-15 20:52:58,474
TEL ,2020-06-15 21:00:40,474
TEL ,2020-06-15 21:08:22,474
TEL ,2020-06-15 21:16:01,474
TEL ,2020-06-15 21:23:38,474
TEL ,2020-06-15 21:31:16,474
TEL ,2020-06-15 21:38:53,474
TEL ,2020-06-15 21:46:31,474
TEL ,2020-06-15 21:54:10,474
TEL ,2020-06-15 22:48:26,474
TEL ,2020-06-15 23:48:18,474
TEL ,2020-06-16 00:48:24,474
TEL ,2020-06-16 01:48:16,474
TEL ,2020-06-16 02:49:15,474
TEL ,2020-06-16 03:48:23,474
TEL ,2020-06-16 04:48:16,474
TEL ,2020-06-16 05:48:23,474
TEL ,2020-06-16 06:49:06,474
TEL ,2020-06-16 07:48:56,474
TEL ,2020-06-16 08:48:20,474
TEL ,2020-06-16 09:48:17,474
TEL ,2020-06-16 10:48:24,474
TEL ,2020-06-16 11:48:17,474
TEL ,2020-06-16 12:48:30,474
TEL ,2020-06-16 13:48:29,474
TEL ,2020-06-16 14:48:55,474
TEL ,2020-06-16 15:48:31,472
TEL ,2020-06-16 16:48:29,472
TEL ,2020-06-16 17:49:13,476
TEL ,2020-06-16 18:48:27,477
TEL ,2020-06-16 19:48:32,478
TEL ,2020-06-16 20:48:34,478
TEL ,2020-06-16 21:48:23,478
TEL ,2020-06-16 22:48:12,478
TEL ,2020-06-16 23:48:14,478
TEL ,2020-06-17 00:48:23,478
TEL ,2020-06-17 01:48:49,478
TEL ,2020-06-17 02:48:30,478
TEL ,2020-06-17 03:49:01,478
TEL ,2020-06-17 04:48:30,478
TEL ,2020-06-17 05:48:25,478
TEL ,2020-06-17 06:48:49,478
TEL ,2020-06-17 07:48:23,478
TEL ,2020-06-17 08:48:21,478
TEL ,2020-06-17 09:48:13,478
TEL ,2020-06-17 10:48:12,478
TEL ,2020-06-17 11:48:26,478
TEL ,2020-06-17 12:48:28,478
TEL ,2020-06-17 13:48:37,478
TEL ,2020-06-17 14:48:25,477
TEL ,2020-06-17 15:48:28,477
TEL ,2020-06-17 16:48:35,477
TEL ,2020-06-17 17:48:33,479
TEL ,2020-06-17 18:48:49,480
TEL ,2020-06-17 19:49:01,480
TEL ,2020-06-17 20:49:03,480
TEL ,2020-06-17 21:48:47,480
TEL ,2020-06-17 22:48:24,480
TEL ,2020-06-17 23:48:26,480
TEL ,2020-06-18 00:48:16,480
TEL ,2020-06-18 01:48:28,480
TEL ,2020-06-18 02:48:13,480
TEL ,2020-06-18 03:48:40,480
TEL ,2020-06-18 04:48:26,480
TEL ,2020-06-18 05:48:14,480
TEL ,2020-06-18 06:48:26,480
TEL ,2020-06-18 07:48:46,480
TEL ,2020-06-18 08:48:23,480
TEL ,2020-06-18 09:48:21,480
TEL ,2020-06-18 10:48:13,480
TEL ,2020-06-18 11:48:40,480
TEL ,2020-06-18 12:48:30,480
TEL ,2020-06-18 13:48:52,480
TEL ,2020-06-18 14:48:50,484
TEL ,2020-06-18 17:10:21,484
TEL ,2020-06-18 17:48:25,484
TEL ,2020-06-18 18:48:46,484
TEL ,2020-06-18 19:48:43,484
TEL ,2020-06-18 20:48:34,486
TEL ,2020-06-18 21:48:51,486
TEL ,2020-06-18 22:48:26,486
TEL ,2020-06-18 23:48:33,486
TEL ,2020-06-19 00:48:58,486
TEL ,2020-06-19 01:48:27,486
TEL ,2020-06-19 02:48:22,486
TEL ,2020-06-19 03:49:00,486
TEL ,2020-06-19 04:50:57,486
TEL ,2020-06-19 05:48:24,486
TEL ,2020-06-19 06:48:22,486
TEL ,2020-06-19 07:48:52,486
TEL ,2020-06-19 08:49:09,486
TEL ,2020-06-19 09:48:53,486
TEL ,2020-06-19 10:48:25,486
TEL ,2020-06-19 11:48:23,486
TEL ,2020-06-19 13:11:58,486
TEL ,2020-06-19 13:49:04,486
TEL ,2020-06-19 14:48:32,488
TEL ,2020-06-19 15:48:37,488
TEL ,2020-06-19 16:48:25,488
TEL ,2020-06-19 17:48:53,488
TEL ,2020-06-19 18:48:25,488
TEL ,2020-06-19 19:48:31,488
TEL ,2020-06-19 20:48:29,488
TEL ,2020-06-19 21:48:24,488
TEL ,2020-06-19 22:48:32,488
TEL ,2020-06-19 23:48:51,488
TEL ,2020-06-20 00:48:32,488
TEL ,2020-06-20 01:48:46,488
TEL ,2020-06-20 02:48:39,488
TEL ,2020-06-20 03:48:21,488
TEL ,2020-06-20 04:48:11,488
TEL ,2020-06-20 05:48:25,488
TEL ,2020-06-20 06:48:20,488
TEL ,2020-06-20 07:48:26,488
TEL ,2020-06-20 08:48:25,488
TEL ,2020-06-20 09:48:24,488
TEL ,2020-06-20 10:48:23,488
TEL ,2020-06-20 11:48:28,488
TEL ,2020-06-20 12:48:27,488
TEL ,2020-06-20 13:48:29,488
TEL ,2020-06-20 14:48:26,488
TEL ,2020-06-20 15:48:15,488
TEL ,2020-06-20 16:48:56,488
TEL ,2020-06-20 17:48:20,488
TEL ,2020-06-20 18:48:20,488
TEL ,2020-06-20 19:48:43,488
TEL ,2020-06-20 20:48:25,488
TEL ,2020-06-20 21:48:27,488
TEL ,2020-06-20 22:48:35,488
TEL ,2020-06-20 23:48:34,488
TEL ,2020-06-21 00:48:33,488
TEL ,2020-06-21 01:48:24,488
TEL ,2020-06-21 02:48:27,488
TEL ,2020-06-21 03:49:01,488
TEL ,2020-06-21 04:48:23,488
TEL ,2020-06-21 05:49:02,488
TEL ,2020-06-21 06:48:28,488
TEL ,2020-06-21 07:48:26,488
TEL ,2020-06-21 08:48:18,488
TEL ,2020-06-21 09:48:16,488
TEL ,2020-06-21 10:48:12,488
TEL ,2020-06-21 11:48:26,488
TEL ,2020-06-21 12:48:36,488
TEL ,2020-06-21 13:48:33,488
TEL ,2020-06-21 14:49:08,488
TEL ,2020-06-21 15:48:26,488
TEL ,2020-06-21 16:48:17,488
TEL ,2020-06-21 17:48:19,488
TEL ,2020-06-21 18:48:28,488
TEL ,2020-06-21 19:48:29,488
TEL ,2020-06-21 20:48:26,488
TEL ,2020-06-21 21:48:31,488
TEL ,2020-06-21 22:48:56,488
TEL ,2020-06-21 23:48:37,488
TEL ,2020-06-22 00:48:18,488
TEL ,2020-06-22 01:48:55,488
TEL ,2020-06-22 02:48:32,488
TEL ,2020-06-22 03:48:23,488
TEL ,2020-06-22 04:48:32,488
TEL ,2020-06-22 05:48:59,488
TEL ,2020-06-22 06:48:28,488
TEL ,2020-06-22 07:48:16,488
TEL ,2020-06-22 08:48:33,488
TEL ,2020-06-22 09:48:30,488
TEL ,2020-06-22 10:48:58,488
TEL ,2020-06-22 11:48:22,488
TEL ,2020-06-22 12:48:31,488
TEL ,2020-06-22 13:48:33,488
TEL ,2020-06-22 14:48:36,484
TEL ,2020-06-22 15:48:57,484
TEL ,2020-06-22 16:48:34,485
TEL ,2020-06-22 17:50:08,486
TEL ,2020-06-22 18:48:25,487
TEL ,2020-06-22 20:48:22,489
TEL ,2020-06-22 21:49:37,489
TEL ,2020-06-22 22:48:16,489
TEL ,2020-06-22 23:48:25,489
TEL ,2020-06-23 00:48:20,489
TEL ,2020-06-23 01:48:26,489
TEL ,2020-06-23 02:48:38,489
TEL ,2020-06-23 03:48:37,489
TEL ,2020-06-23 04:48:49,489
TEL ,2020-06-23 05:48:46,489
TEL ,2020-06-23 06:48:21,489
TEL ,2020-06-23 07:48:37,489
TEL ,2020-06-23 08:49:25,489
TEL ,2020-06-23 09:48:24,489
TEL ,2020-06-23 10:48:37,489
TEL ,2020-06-23 11:48:30,489
TEL ,2020-06-23 12:48:35,489
TEL ,2020-06-23 13:48:42,489
TEL ,2020-06-23 14:48:35,488
TEL ,2020-06-23 15:48:48,490
TEL ,2020-06-23 16:48:32,491
TEL ,2020-06-23 17:48:41,491
TEL ,2020-06-23 18:48:58,492
TEL ,2020-06-23 19:48:19,492
TEL ,2020-06-23 20:48:33,492
TEL ,2020-06-23 21:48:22,492
TEL ,2020-06-23 22:48:54,492
TEL ,2020-06-23 23:49:02,492
TEL ,2020-06-24 00:49:00,492
TEL ,2020-06-24 01:48:57,492
TEL ,2020-06-24 02:49:08,492
TEL ,2020-06-24 03:48:24,492
TEL ,2020-06-24 04:48:53,492
TEL ,2020-06-24 05:49:05,492
TEL ,2020-06-24 06:48:35,492
TEL ,2020-06-24 07:48:26,492
TEL ,2020-06-24 08:48:56,492
TEL ,2020-06-24 09:48:35,492
TEL ,2020-06-24 10:48:39,492
TEL ,2020-06-24 11:48:21,492
TEL ,2020-06-24 12:48:29,492
TEL ,2020-06-24 13:48:35,492
TEL ,2020-06-24 14:48:29,491
TEL ,2020-06-24 15:48:24,489
TEL ,2020-06-24 16:48:39,489
TEL ,2020-06-24 17:48:56,489
TEL ,2020-06-24 18:48:54,487
TEL ,2020-06-24 19:48:58,487
TEL ,2020-06-24 20:48:29,487
TEL ,2020-06-24 21:48:37,487
TEL ,2020-06-24 22:48:38,486
TEL ,2020-06-24 23:48:30,486
TEL ,2020-06-25 00:48:48,486
TEL ,2020-06-25 01:48:30,486
TEL ,2020-06-25 02:48:17,486
TEL ,2020-06-25 03:48:24,486
TEL ,2020-06-25 04:48:29,486
TEL ,2020-06-25 05:48:28,486
TEL ,2020-06-25 06:48:37,486
TEL ,2020-06-25 07:48:38,486
TEL ,2020-06-25 08:48:38,486
TEL ,2020-06-25 09:48:59,486
TEL ,2020-06-25 10:48:22,486
TEL ,2020-06-25 11:49:18,486
TEL ,2020-06-25 13:11:02,486
TEL ,2020-06-25 13:48:58,486
TEL ,2020-06-25 14:49:31,486
TEL ,2020-06-25 15:49:08,486
TEL ,2020-06-25 16:49:03,488
TEL ,2020-06-25 17:49:08,491
TEL ,2020-06-25 18:48:40,490
TEL ,2020-06-25 19:48:40,488
TEL ,2020-06-25 20:48:31,490
TEL ,2020-06-25 21:48:56,490
TEL ,2020-06-25 22:49:06,490
TEL ,2020-06-25 23:48:24,490
TEL ,2020-06-26 00:49:11,490
TEL ,2020-06-26 01:48:39,490
TEL ,2020-06-26 02:48:41,490
TEL ,2020-06-26 03:48:56,490
TEL ,2020-06-26 04:48:22,490
TEL ,2020-06-26 05:48:34,490
TEL ,2020-06-26 06:48:38,490
TEL ,2020-06-26 07:48:49,490
TEL ,2020-06-26 08:48:46,490
TEL ,2020-06-26 09:48:33,490
TEL ,2020-06-26 10:48:24,490
TEL ,2020-06-26 11:48:32,490
TEL ,2020-06-26 12:48:38,490
TEL ,2020-06-26 13:49:25,490
TEL ,2020-06-26 14:48:38,490
TEL ,2020-06-26 15:48:28,487
TEL ,2020-06-26 16:48:40,485
TEL ,2020-06-26 17:48:29,485
TEL ,2020-06-26 18:48:39,486
TEL ,2020-06-26 19:48:42,488
TEL ,2020-06-26 20:48:27,490
TEL ,2020-06-26 21:48:32,490
TEL ,2020-06-26 22:49:02,490
TEL ,2020-06-26 23:48:22,490
TEL ,2020-06-27 00:49:24,490
TEL ,2020-06-27 01:48:56,490
TEL ,2020-06-27 02:48:54,490
TEL ,2020-06-27 03:48:52,490
TEL ,2020-06-27 04:49:04,490
TEL ,2020-06-27 05:48:19,490
TEL ,2020-06-27 06:48:31,490
TEL ,2020-06-27 07:48:32,490
TEL ,2020-06-27 08:48:27,490
TEL ,2020-06-27 09:48:26,490
TEL ,2020-06-27 10:48:30,490
TEL ,2020-06-27 11:48:17,490
TEL ,2020-06-27 12:48:42,490
TEL ,2020-06-27 13:48:34,490
TEL ,2020-06-27 14:48:16,490
TEL ,2020-06-27 15:49:02,490
TEL ,2020-06-27 16:48:31,490
TEL ,2020-06-27 17:48:23,490
TEL ,2020-06-27 18:48:26,490
TEL ,2020-06-27 19:48:28,490
TEL ,2020-06-27 20:48:20,490
TEL ,2020-06-27 21:48:25,490
TEL ,2020-06-27 22:48:30,490
TEL ,2020-06-27 23:48:21,490
TEL ,2020-06-28 00:48:40,490
TEL ,2020-06-28 01:48:19,490
TEL ,2020-06-28 02:48:33,490
TEL ,2020-06-28 03:48:20,490
TEL ,2020-06-28 04:48:18,490
TEL ,2020-06-28 05:48:27,490
TEL ,2020-06-28 06:48:28,490
TEL ,2020-06-28 07:48:44,490
TEL ,2020-06-28 08:48:38,490
TEL ,2020-06-28 09:48:23,490
TEL ,2020-06-28 10:48:27,490
TEL ,2020-06-28 11:48:19,490
TEL ,2020-06-28 12:48:30,490
TEL ,2020-06-28 13:48:30,490
TEL ,2020-06-28 14:48:21,490
TEL ,2020-06-28 15:48:35,490
TEL ,2020-06-28 16:48:28,490
TEL ,2020-06-28 17:48:27,490
TEL ,2020-06-28 18:48:36,490
TEL ,2020-06-28 19:48:33,490
TEL ,2020-06-28 20:48:19,490
TEL ,2020-06-28 21:48:35,490
TEL ,2020-06-28 22:48:47,490
TEL ,2020-06-28 23:48:38,490
TEL ,2020-06-29 00:48:46,490
TEL ,2020-06-29 01:48:19,490
TEL ,2020-06-29 02:48:34,490
TEL ,2020-06-29 03:48:27,490
TEL ,2020-06-29 04:48:34,490
TEL ,2020-06-29 05:48:24,490
TEL ,2020-06-29 06:48:40,490
TEL ,2020-06-29 07:48:45,490
TEL ,2020-06-29 08:48:33,490
TEL ,2020-06-29 09:48:34,490
TEL ,2020-06-29 10:48:29,490
TEL ,2020-06-29 11:48:26,490
TEL ,2020-06-29 12:48:37,490
TEL ,2020-06-29 13:48:53,490
TEL ,2020-06-29 14:49:04,491
TEL ,2020-06-29 15:48:37,492
TEL ,2020-06-29 16:48:32,489
TEL ,2020-06-29 17:48:29,489
TEL ,2020-06-29 18:48:28,489
TEL ,2020-06-29 19:48:38,489
TEL ,2020-06-29 20:48:36,489
TEL ,2020-06-29 21:48:35,489
TEL ,2020-06-29 22:48:26,489
TEL ,2020-06-29 23:48:41,489
TEL ,2020-06-30 00:49:00,489
TEL ,2020-06-30 01:48:37,489
TEL ,2020-06-30 02:49:14,489
TEL ,2020-06-30 03:48:28,489
TEL ,2020-06-30 04:49:05,489
TEL ,2020-06-30 05:48:38,489
TEL ,2020-06-30 06:48:54,489
TEL ,2020-06-30 07:48:29,489
TEL ,2020-06-30 08:48:29,489
TEL ,2020-06-30 09:48:39,489
TEL ,2020-06-30 10:50:35,489
TEL ,2020-06-30 11:48:31,489
TEL ,2020-06-30 12:48:28,489
TEL ,2020-06-30 13:49:34,489
TEL ,2020-06-30 14:48:44,490
TEL ,2020-06-30 15:48:58,490
TEL ,2020-06-30 16:49:23,490
TEL ,2020-06-30 17:48:38,490
TEL ,2020-06-30 18:48:55,490
TEL ,2020-06-30 19:48:33,490
TEL ,2020-06-30 20:48:47,489
TEL ,2020-06-30 21:49:08,489
TEL ,2020-06-30 22:48:19,489
TEL ,2020-06-30 23:48:27,489
TEL ,2020-07-01 00:49:46,489
TEL ,2020-07-01 01:48:35,489
TEL ,2020-07-01 02:49:06,489
TEL ,2020-07-01 03:48:38,489
TEL ,2020-07-01 04:48:40,489
TEL ,2020-07-01 05:48:50,489
TEL ,2020-07-01 06:48:38,489
TEL ,2020-07-01 07:48:40,489
TEL ,2020-07-01 08:49:11,489
TEL ,2020-07-01 09:49:34,489
TEL ,2020-07-01 10:49:18,489
TEL ,2020-07-01 11:48:44,489
TEL ,2020-07-01 13:10:38,489
TEL ,2020-07-01 13:49:25,489
TEL ,2020-07-01 14:49:30,492
TEL ,2020-07-01 15:49:28,494
TEL ,2020-07-01 16:49:16,494
TEL ,2020-07-01 17:49:07,494
TEL ,2020-07-01 18:49:09,494
TEL ,2020-07-01 19:49:27,496
TEL ,2020-07-01 20:49:12,497
TEL ,2020-07-01 21:48:36,497
TEL ,2020-07-01 22:49:10,497
TEL ,2020-07-01 23:48:39,497
TEL ,2020-07-02 00:50:22,497
TEL ,2020-07-02 01:48:39,497
TEL ,2020-07-02 02:48:46,497
TEL ,2020-07-02 03:48:51,497
TEL ,2020-07-02 04:48:44,497
TEL ,2020-07-02 05:48:51,497
TEL ,2020-07-02 06:48:40,497
TEL ,2020-07-02 07:48:32,497
TEL ,2020-07-02 08:48:41,497
TEL ,2020-07-02 09:48:59,497
TEL ,2020-07-02 10:48:44,497
TEL ,2020-07-02 11:48:47,497
TEL ,2020-07-02 13:13:36,497
TEL ,2020-07-02 13:49:12,497
TEL ,2020-07-02 14:48:47,499
TEL ,2020-07-02 15:48:50,501
TEL ,2020-07-02 16:49:01,500
TEL ,2020-07-02 17:48:54,499
TEL ,2020-07-02 18:48:58,499
TEL ,2020-07-02 19:49:03,499
TEL ,2020-07-02 20:48:28,499
TEL ,2020-07-02 21:48:46,499
TEL ,2020-07-02 22:48:32,499
TEL ,2020-07-02 23:48:27,499
TEL ,2020-07-03 00:49:12,499
TEL ,2020-07-03 01:48:49,499
TEL ,2020-07-03 02:49:02,499
TEL ,2020-07-03 03:48:33,499
TEL ,2020-07-03 04:49:08,499
TEL ,2020-07-03 05:48:38,499
TEL ,2020-07-03 06:48:37,499
TEL ,2020-07-03 07:48:38,499
TEL ,2020-07-03 08:48:37,499
TEL ,2020-07-03 09:49:03,499
TEL ,2020-07-03 10:48:42,499
TEL ,2020-07-03 11:48:31,499
TEL ,2020-07-03 12:48:33,499
TEL ,2020-07-03 13:48:37,499
TEL ,2020-07-03 14:48:44,499
TEL ,2020-07-03 15:48:35,499
TEL ,2020-07-03 16:48:36,499
TEL ,2020-07-03 17:48:35,499
TEL ,2020-07-03 18:48:48,499
TEL ,2020-07-03 19:48:39,499
TEL ,2020-07-03 20:48:44,499
TEL ,2020-07-03 21:48:37,499
TEL ,2020-07-03 22:48:33,499
TEL ,2020-07-03 23:48:43,499
TEL ,2020-07-04 00:48:32,499
TEL ,2020-07-04 01:48:54,499
TEL ,2020-07-04 02:49:02,499
TEL ,2020-07-04 03:48:30,499
TEL ,2020-07-04 04:48:25,499
TEL ,2020-07-04 05:48:38,499
TEL ,2020-07-04 06:48:45,499
TEL ,2020-07-04 07:48:35,499
TEL ,2020-07-04 08:48:41,499
TEL ,2020-07-04 09:48:41,499
TEL ,2020-07-04 11:40:37,499
TEL ,2020-07-04 11:48:36,499
TEL ,2020-07-04 12:48:44,499
TEL ,2020-07-04 13:48:38,499
TEL ,2020-07-04 14:48:47,499
TEL ,2020-07-04 15:48:22,499
TEL ,2020-07-04 16:49:04,499
TEL ,2020-07-04 17:48:32,499
TEL ,2020-07-04 18:48:40,499
TEL ,2020-07-04 19:48:28,499
TEL ,2020-07-04 20:48:37,499
TEL ,2020-07-04 21:48:40,499
TEL ,2020-07-04 22:48:28,499
TEL ,2020-07-04 23:48:49,499
TEL ,2020-07-05 00:48:43,499
TEL ,2020-07-05 01:48:42,499
TEL ,2020-07-05 02:48:25,499
TEL ,2020-07-05 03:48:33,499
TEL ,2020-07-05 04:48:29,499
TEL ,2020-07-05 05:48:42,499
TEL ,2020-07-05 06:48:45,499
TEL ,2020-07-05 07:48:45,499
TEL ,2020-07-05 08:48:39,499
TEL ,2020-07-05 11:37:07,499
TEL ,2020-07-05 11:40:18,499
TEL ,2020-07-05 11:49:48,499
TEL ,2020-07-05 12:48:31,499
TEL ,2020-07-05 13:48:40,499
TEL ,2020-07-05 14:48:28,499
TEL ,2020-07-05 15:48:54,499
TEL ,2020-07-05 16:48:39,499
TEL ,2020-07-05 17:48:31,499
TEL ,2020-07-05 18:48:28,499
TEL ,2020-07-05 19:48:47,499
TEL ,2020-07-05 20:48:35,499
TEL ,2020-07-05 21:48:40,499
TEL ,2020-07-05 22:48:27,499
TEL ,2020-07-05 23:48:30,499
TEL ,2020-07-06 00:48:39,499
TEL ,2020-07-06 01:48:45,499
TEL ,2020-07-06 02:48:36,499
TEL ,2020-07-06 03:48:35,499
TEL ,2020-07-06 04:48:31,499
TEL ,2020-07-06 05:48:19,499
TEL ,2020-07-06 06:48:46,499
TEL ,2020-07-06 07:49:03,499
TEL ,2020-07-06 08:48:45,499
TEL ,2020-07-06 11:42:47,499
TEL ,2020-07-06 11:46:37,499
TEL ,2020-07-06 11:54:17,499
TEL ,2020-07-06 14:12:13,503
TEL ,2020-07-06 14:20:11,503
TEL ,2020-07-06 14:49:09,503
TEL ,2020-07-06 15:48:47,503
TEL ,2020-07-06 16:49:21,503
TEL ,2020-07-06 17:48:44,503
TEL ,2020-07-06 18:48:32,504
TEL ,2020-07-06 19:48:29,505
TEL ,2020-07-06 20:48:48,506
TEL ,2020-07-06 21:48:30,505
TEL ,2020-07-06 22:49:05,505
TEL ,2020-07-06 23:48:31,505
TEL ,2020-07-07 00:48:43,505
TEL ,2020-07-07 01:48:26,505
TEL ,2020-07-07 02:48:36,505
TEL ,2020-07-07 03:49:13,505
TEL ,2020-07-07 04:48:32,505
TEL ,2020-07-07 05:48:24,505
TEL ,2020-07-07 06:48:25,505
TEL ,2020-07-07 07:48:20,505
TEL ,2020-07-07 08:48:30,505
TEL ,2020-07-07 11:28:10,505
TEL ,2020-07-07 11:34:25,505
TEL ,2020-07-07 11:48:36,505
TEL ,2020-07-07 12:48:43,505
TEL ,2020-07-07 13:48:47,505
TEL ,2020-07-07 14:48:35,505
TEL ,2020-07-07 15:49:21,503
TEL ,2020-07-07 16:50:05,503
TEL ,2020-07-07 17:48:55,504
TEL ,2020-07-07 18:48:30,504
TEL ,2020-07-07 19:49:21,505
TEL ,2020-07-07 20:48:47,505
TEL ,2020-07-07 21:49:26,505
TEL ,2020-07-07 22:48:43,505
TEL ,2020-07-07 23:48:43,505
TEL ,2020-07-08 00:50:34,505
TEL ,2020-07-08 01:49:03,505
TEL ,2020-07-08 02:48:41,505
TEL ,2020-07-08 03:48:48,504
TEL ,2020-07-08 04:48:38,504
TEL ,2020-07-08 05:49:02,504
TEL ,2020-07-08 06:48:46,504
TEL ,2020-07-08 07:48:39,504
TEL ,2020-07-08 08:48:47,504
TEL ,2020-07-08 12:01:49,504
TEL ,2020-07-08 12:02:52,504
TEL ,2020-07-08 12:07:53,504
TEL ,2020-07-08 13:14:41,504
TEL ,2020-07-08 13:49:04,504
TEL ,2020-07-08 14:48:42,508
TEL ,2020-07-08 15:48:45,507
TEL ,2020-07-08 16:48:38,506
TEL ,2020-07-08 17:48:45,506
TEL ,2020-07-08 18:49:04,506
TEL ,2020-07-08 19:49:13,507
TEL ,2020-07-08 20:48:41,505
TEL ,2020-07-08 21:48:42,505
TEL ,2020-07-08 22:48:42,505
TEL ,2020-07-08 23:48:48,505
TEL ,2020-07-09 00:50:24,505
TEL ,2020-07-09 01:48:40,505
TEL ,2020-07-09 18:51:01,508
TEL ,2020-07-09 18:54:13,508
TEL ,2020-07-09 19:01:56,508
TEL ,2020-07-09 19:50:46,506
TEL ,2020-07-09 20:48:49,506
TEL ,2020-07-09 21:48:57,506
TEL ,2020-07-09 22:49:03,506
TEL ,2020-07-09 23:48:42,506
TEL ,2020-07-10 00:50:16,506
TEL ,2020-07-10 01:48:49,506
TEL ,2020-07-10 02:49:08,506
TEL ,2020-07-10 03:48:40,506
TEL ,2020-07-10 04:48:23,506
TEL ,2020-07-10 05:48:31,506
TEL ,2020-07-10 06:48:44,506
TEL ,2020-07-10 07:48:37,506
TEL ,2020-07-10 08:48:36,506
TEL ,2020-07-10 11:46:16,506
TEL ,2020-07-10 11:53:57,506
TEL ,2020-07-10 12:01:34,506
TEL ,2020-07-10 13:14:34,506
TEL ,2020-07-10 13:48:44,506
TEL ,2020-07-10 14:48:28,506
TEL ,2020-07-10 15:48:47,507
TEL ,2020-07-10 16:48:48,508
TEL ,2020-07-10 17:48:31,508
TEL ,2020-07-10 18:48:45,508
TEL ,2020-07-10 19:48:45,508
TEL ,2020-07-10 20:48:33,508
TEL ,2020-07-10 21:49:04,508
TEL ,2020-07-10 22:48:28,508
TEL ,2020-07-10 23:48:46,508
TEL ,2020-07-11 00:48:33,508
TEL ,2020-07-11 01:48:41,508
TEL ,2020-07-11 02:48:22,508
TEL ,2020-07-11 03:48:45,508
TEL ,2020-07-11 04:48:42,508
TEL ,2020-07-11 05:48:33,508
TEL ,2020-07-11 06:48:35,508
TEL ,2020-07-11 07:48:51,508
TEL ,2020-07-11 08:48:46,508
TEL ,2020-07-11 11:55:45,508
TEL ,2020-07-11 12:03:58,508
TEL ,2020-07-11 12:10:16,508
TEL ,2020-07-11 12:48:40,508
TEL ,2020-07-11 13:48:38,508
TEL ,2020-07-11 14:48:42,508
TEL ,2020-07-11 15:48:42,508
TEL ,2020-07-11 16:48:23,508
TEL ,2020-07-11 17:48:36,508
TEL ,2020-07-11 18:48:37,508
TEL ,2020-07-11 19:48:35,508
TEL ,2020-07-11 20:48:21,508
TEL ,2020-07-11 21:49:01,508
TEL ,2020-07-11 22:48:50,508
TEL ,2020-07-11 23:48:32,508
TEL ,2020-07-12 00:48:33,508
TEL ,2020-07-12 01:49:14,508
TEL ,2020-07-12 02:48:36,508
TEL ,2020-07-12 03:48:44,508
TEL ,2020-07-12 04:48:26,508
TEL ,2020-07-12 05:48:37,508
TEL ,2020-07-12 06:48:58,508
TEL ,2020-07-12 07:48:33,508
TEL ,2020-07-12 08:48:27,508
TEL ,2020-07-12 11:41:12,508
TEL ,2020-07-12 11:43:57,508
TEL ,2020-07-12 11:55:49,508
TEL ,2020-07-12 12:48:28,508
TEL ,2020-07-12 13:48:37,508
TEL ,2020-07-12 14:48:24,508
TEL ,2020-07-12 15:48:37,508
TEL ,2020-07-12 16:48:43,508
TEL ,2020-07-12 17:48:25,508
TEL ,2020-07-12 18:48:29,508
TEL ,2020-07-12 19:48:38,508
TEL ,2020-07-12 20:48:34,508
TEL ,2020-07-12 21:48:25,508
TEL ,2020-07-12 22:48:52,508
TEL ,2020-07-12 23:48:33,508
TEL ,2020-07-13 00:48:57,508
TEL ,2020-07-13 01:48:54,508
TEL ,2020-07-13 02:49:21,508
TEL ,2020-07-13 03:48:47,508
TEL ,2020-07-13 04:48:45,508
TEL ,2020-07-13 05:48:31,508
TEL ,2020-07-13 06:48:56,508
TEL ,2020-07-13 07:48:32,508
TEL ,2020-07-13 08:48:43,508
TEL ,2020-07-13 12:07:38,508
TEL ,2020-07-13 12:11:46,508
TEL ,2020-07-13 12:15:06,508
TEL ,2020-07-13 12:49:23,508
TEL ,2020-07-13 13:48:44,508
TEL ,2020-07-13 14:48:39,504
TEL ,2020-07-13 15:48:55,504
TEL ,2020-07-13 16:49:27,506
TEL ,2020-07-13 17:48:42,506
TEL ,2020-07-13 18:48:47,507
TEL ,2020-07-13 19:49:08,504
TEL ,2020-07-13 20:48:55,504
TEL ,2020-07-13 21:48:57,504
TEL ,2020-07-13 22:49:01,504
TEL ,2020-07-13 23:48:58,504
TEL ,2020-07-14 00:49:53,504
TEL ,2020-07-14 01:49:10,504
TEL ,2020-07-14 02:49:10,504
TEL ,2020-07-14 03:48:45,504
TEL ,2020-07-14 04:48:37,504
TEL ,2020-07-14 05:48:43,504
TEL ,2020-07-14 06:48:42,504
TEL ,2020-07-14 07:48:56,504
TEL ,2020-07-14 08:48:53,504
TEL ,2020-07-14 12:11:18,504
TEL ,2020-07-14 12:20:53,504
TEL ,2020-07-14 12:24:45,504
TEL ,2020-07-14 12:48:53,504
TEL ,2020-07-14 13:49:26,504
TEL ,2020-07-14 14:49:12,506
TEL ,2020-07-14 15:49:29,506
TEL ,2020-07-14 16:49:51,505
TEL ,2020-07-14 17:49:47,506
TEL ,2020-07-14 18:49:25,507
TEL ,2020-07-14 19:49:00,507
TEL ,2020-07-14 20:49:10,505
TEL ,2020-07-14 21:49:01,505
TEL ,2020-07-14 22:49:14,505
TEL ,2020-07-14 23:49:13,505
TEL ,2020-07-15 00:49:37,505
TEL ,2020-07-15 01:49:20,505
TEL ,2020-07-15 02:33:03,505
TEL ,2020-07-15 02:40:42,505
TEL ,2020-07-15 02:48:22,505
TEL ,2020-07-15 02:56:16,505
TEL ,2020-07-15 03:17:46,505
TEL ,2020-07-15 03:25:37,505
TEL ,2020-07-15 03:33:29,505
TEL ,2020-07-15 03:41:12,505
TEL ,2020-07-15 03:48:55,505
TEL ,2020-07-15 03:56:39,505
TEL ,2020-07-15 04:04:29,505
TEL ,2020-07-15 04:12:16,505
TEL ,2020-07-15 04:20:00,505
TEL ,2020-07-15 04:27:45,505
TEL ,2020-07-15 04:35:39,505
TEL ,2020-07-15 04:43:22,505
TEL ,2020-07-15 04:51:05,505
TEL ,2020-07-15 04:58:57,505
TEL ,2020-07-15 05:07:11,505
TEL ,2020-07-15 05:14:52,505
TEL ,2020-07-15 12:21:42,505
TEL ,2020-07-15 12:29:41,505
TEL ,2020-07-15 12:37:37,505
TEL ,2020-07-15 12:45:30,505
TEL ,2020-07-15 12:53:26,505
TEL ,2020-07-15 13:01:20,505
TEL ,2020-07-15 13:09:25,505
TEL ,2020-07-15 13:17:38,505
TEL ,2020-07-15 13:25:45,505
TEL ,2020-07-15 13:33:51,505
TEL ,2020-07-15 13:41:51,505
TEL ,2020-07-15 13:49:51,505
TEL ,2020-07-15 13:57:47,505
TEL ,2020-07-15 14:05:49,505
TEL ,2020-07-15 14:13:57,504
TEL ,2020-07-15 14:22:00,504
TEL ,2020-07-15 14:29:58,504
TEL ,2020-07-15 14:37:57,504
TEL ,2020-07-15 14:47:52,504
TEL ,2020-07-15 14:57:46,504
TEL ,2020-07-15 15:07:56,504
TEL ,2020-07-15 15:17:54,504
TEL ,2020-07-15 15:27:49,504
TEL ,2020-07-15 15:37:46,504
TEL ,2020-07-15 15:47:59,504
TEL ,2020-07-15 15:58:03,504
TEL ,2020-07-15 16:08:06,504
TEL ,2020-07-15 16:18:10,504
TEL ,2020-07-15 16:28:14,504
TEL ,2020-07-15 16:38:27,504
TEL ,2020-07-15 16:48:39,504
TEL ,2020-07-15 16:58:40,504
TEL ,2020-07-15 17:16:03,505
TEL ,2020-07-15 17:23:54,505
TEL ,2020-07-15 17:31:39,505
TEL ,2020-07-15 17:39:26,505
TEL ,2020-07-15 17:47:13,505
TEL ,2020-07-15 17:55:01,505
TEL ,2020-07-15 18:03:04,504
TEL ,2020-07-15 18:10:59,504
TEL ,2020-07-15 18:18:54,504
TEL ,2020-07-15 18:26:46,504
TEL ,2020-07-15 18:34:40,504
TEL ,2020-07-15 18:42:48,504
TEL ,2020-07-15 18:50:52,504
TEL ,2020-07-15 18:58:48,504
TEL ,2020-07-15 19:07:07,504
TEL ,2020-07-15 19:15:04,504
TEL ,2020-07-15 19:22:52,504
TEL ,2020-07-15 19:30:49,504
TEL ,2020-07-15 19:40:50,504
TEL ,2020-07-15 19:50:41,504
TEL ,2020-07-15 20:00:34,504
TEL ,2020-07-15 20:10:31,502
TEL ,2020-07-15 20:20:39,502
TEL ,2020-07-15 20:30:29,502
TEL ,2020-07-15 20:40:16,502
TEL ,2020-07-15 20:50:03,502
TEL ,2020-07-15 20:59:47,502
TEL ,2020-07-15 21:09:38,502
TEL ,2020-07-15 21:19:27,502
TEL ,2020-07-15 21:29:10,502
TEL ,2020-07-15 21:39:45,502
TEL ,2020-07-15 21:49:41,502
TEL ,2020-07-15 21:59:54,502
TEL ,2020-07-15 22:09:51,502
TEL ,2020-07-15 22:19:46,502
TEL ,2020-07-15 22:29:34,502
TEL ,2020-07-15 22:39:18,502
TEL ,2020-07-15 22:49:02,502
TEL ,2020-07-15 23:03:57,502
TEL ,2020-07-15 23:12:20,502
TEL ,2020-07-15 23:18:42,502
TEL ,2020-07-15 23:28:29,502
TEL ,2020-07-15 23:38:19,502
TEL ,2020-07-15 23:48:04,502
TEL ,2020-07-15 23:57:59,502
TEL ,2020-07-16 00:08:35,502
TEL ,2020-07-16 00:19:03,502
TEL ,2020-07-16 00:29:23,502
TEL ,2020-07-16 00:39:38,502
TEL ,2020-07-16 00:49:30,502
TEL ,2020-07-16 00:59:18,502
TEL ,2020-07-16 01:09:11,502
TEL ,2020-07-16 01:19:09,502
TEL ,2020-07-16 01:28:58,502
TEL ,2020-07-16 01:38:43,502
TEL ,2020-07-16 01:48:31,502
TEL ,2020-07-16 01:58:22,502
TEL ,2020-07-16 02:08:19,502
TEL ,2020-07-16 02:18:28,502
TEL ,2020-07-16 02:28:46,502
TEL ,2020-07-16 02:38:47,502
TEL ,2020-07-16 02:49:02,502
TEL ,2020-07-16 03:04:05,502
TEL ,2020-07-16 03:06:58,502
TEL ,2020-07-16 03:19:42,502
TEL ,2020-07-16 03:29:43,502
TEL ,2020-07-16 03:39:48,502
TEL ,2020-07-16 03:49:48,502
TEL ,2020-07-16 04:00:06,502
TEL ,2020-07-16 04:10:25,502
TEL ,2020-07-16 04:20:22,502
TEL ,2020-07-16 04:30:17,502
TEL ,2020-07-16 04:40:13,502
TEL ,2020-07-16 04:50:06,502
TEL ,2020-07-16 04:59:59,502
TEL ,2020-07-16 05:09:57,502
TEL ,2020-07-16 05:19:50,502
TEL ,2020-07-16 05:29:41,502
TEL ,2020-07-16 05:42:12,502
TEL ,2020-07-16 05:53:35,502
TEL ,2020-07-16 06:03:34,502
TEL ,2020-07-16 06:13:23,502
TEL ,2020-07-16 06:21:34,502
TEL ,2020-07-16 06:30:46,502
TEL ,2020-07-16 06:39:54,502
TEL ,2020-07-16 06:49:18,502
TEL ,2020-07-16 07:10:27,502
TEL ,2020-07-16 07:16:21,502
TEL ,2020-07-16 07:21:01,502
TEL ,2020-07-16 07:32:10,502
TEL ,2020-07-16 07:46:28,502
TEL ,2020-07-16 08:03:13,502
TEL ,2020-07-16 08:13:52,502
TEL ,2020-07-16 08:23:30,502
TEL ,2020-07-16 08:32:41,502
TEL ,2020-07-16 08:42:26,502
TEL ,2020-07-16 08:51:25,502
TEL ,2020-07-16 09:00:40,502
TEL ,2020-07-16 09:10:31,502
TEL ,2020-07-16 09:20:36,502
TEL ,2020-07-16 09:30:32,502
TEL ,2020-07-16 09:39:52,502
TEL ,2020-07-16 09:48:44,502
TEL ,2020-07-16 09:57:27,502
TEL ,2020-07-16 10:06:34,502
TEL ,2020-07-16 10:15:29,502
TEL ,2020-07-16 10:23:54,502
TEL ,2020-07-16 10:32:18,502
TEL ,2020-07-16 10:40:41,502
TEL ,2020-07-16 10:51:11,502
TEL ,2020-07-16 11:01:57,502
TEL ,2020-07-16 11:13:03,502
TEL ,2020-07-16 11:23:39,502
TEL ,2020-07-16 11:34:08,502
TEL ,2020-07-16 11:44:39,502
TEL ,2020-07-16 11:55:40,502
TEL ,2020-07-16 12:07:28,502
TEL ,2020-07-16 12:18:48,502
TEL ,2020-07-16 12:29:50,502
TEL ,2020-07-16 12:41:08,502
TEL ,2020-07-16 12:52:14,502
TEL ,2020-07-16 13:03:27,502
TEL ,2020-07-16 13:15:17,502
TEL ,2020-07-16 13:26:51,502
TEL ,2020-07-16 13:38:46,502
TEL ,2020-07-16 13:49:59,502
TEL ,2020-07-16 14:00:44,502
TEL ,2020-07-16 14:12:04,504
TEL ,2020-07-16 14:23:14,504
TEL ,2020-07-16 14:39:41,504
TEL ,2020-07-16 14:48:38,504
TEL ,2020-07-16 14:55:33,504
TEL ,2020-07-16 15:06:41,504
TEL ,2020-07-16 15:17:50,504
TEL ,2020-07-16 17:01:05,504
TEL ,2020-07-16 17:09:14,504
TEL ,2020-07-16 17:17:33,504
TEL ,2020-07-16 17:25:39,504
TEL ,2020-07-16 17:33:51,504
TEL ,2020-07-16 17:42:02,504
TEL ,2020-07-16 17:50:08,504
TEL ,2020-07-16 17:58:11,504
TEL ,2020-07-16 18:06:33,504
TEL ,2020-07-16 18:14:42,504
TEL ,2020-07-16 18:22:58,504
TEL ,2020-07-16 18:31:04,504
TEL ,2020-07-16 18:39:10,504
TEL ,2020-07-16 18:47:21,504
TEL ,2020-07-16 18:55:41,504
TEL ,2020-07-16 19:03:51,504
TEL ,2020-07-16 19:11:56,504
TEL ,2020-07-16 19:20:03,504
TEL ,2020-07-16 19:30:09,504
TEL ,2020-07-16 19:40:16,504
TEL ,2020-07-16 19:50:21,504
TEL ,2020-07-16 20:00:24,504
TEL ,2020-07-16 20:10:31,503
TEL ,2020-07-16 20:20:31,503
TEL ,2020-07-16 20:30:30,503
TEL ,2020-07-16 20:40:34,503
TEL ,2020-07-16 20:50:38,503
TEL ,2020-07-16 21:00:42,503
TEL ,2020-07-16 21:10:48,503
TEL ,2020-07-16 21:20:53,503
TEL ,2020-07-16 21:31:17,503
TEL ,2020-07-16 21:41:25,503
TEL ,2020-07-16 21:51:26,503
TEL ,2020-07-16 22:01:34,503
TEL ,2020-07-16 22:11:39,503
TEL ,2020-07-16 22:21:39,503
TEL ,2020-07-16 22:31:42,503
TEL ,2020-07-16 22:41:43,503
TEL ,2020-07-16 22:56:46,503
TEL ,2020-07-16 23:05:20,503
TEL ,2020-07-16 23:11:49,503
TEL ,2020-07-16 23:21:48,503
TEL ,2020-07-16 23:31:49,503
TEL ,2020-07-16 23:41:48,503
TEL ,2020-07-16 23:51:44,503
TEL ,2020-07-17 00:02:17,503
TEL ,2020-07-17 00:12:59,503
TEL ,2020-07-17 00:23:31,503
TEL ,2020-07-17 00:34:06,503
TEL ,2020-07-17 00:44:28,503
TEL ,2020-07-17 00:54:36,503
TEL ,2020-07-17 01:04:56,503
TEL ,2020-07-17 01:15:02,503
TEL ,2020-07-17 01:25:04,503
TEL ,2020-07-17 01:35:05,503
TEL ,2020-07-17 01:45:08,503
TEL ,2020-07-17 01:55:11,503
TEL ,2020-07-17 02:05:17,503
TEL ,2020-07-17 02:15:22,503
TEL ,2020-07-17 02:25:25,503
TEL ,2020-07-17 02:35:23,503
TEL ,2020-07-17 02:45:19,503
TEL ,2020-07-17 03:00:19,503
TEL ,2020-07-17 03:03:13,503
TEL ,2020-07-17 03:15:27,503
TEL ,2020-07-17 03:25:31,503
TEL ,2020-07-17 03:35:38,503
TEL ,2020-07-17 03:45:43,503
TEL ,2020-07-17 03:55:50,503
TEL ,2020-07-17 04:06:05,503
TEL ,2020-07-17 04:16:11,503
TEL ,2020-07-17 04:26:16,503
TEL ,2020-07-17 04:36:22,503
TEL ,2020-07-17 04:46:24,503
TEL ,2020-07-17 04:56:26,503
TEL ,2020-07-17 05:06:36,503
TEL ,2020-07-17 05:16:42,503
TEL ,2020-07-17 05:26:43,503
TEL ,2020-07-17 05:36:43,503
TEL ,2020-07-17 05:46:44,503
TEL ,2020-07-17 05:56:44,503
TEL ,2020-07-17 06:06:59,503
TEL ,2020-07-17 06:15:06,503
TEL ,2020-07-17 06:23:11,503
TEL ,2020-07-17 06:31:32,503
TEL ,2020-07-17 06:39:41,503
TEL ,2020-07-17 06:56:35,503
TEL ,2020-07-17 07:01:01,503
TEL ,2020-07-17 07:04:43,503
TEL ,2020-07-17 07:12:57,503
TEL ,2020-07-17 07:21:07,503
TEL ,2020-07-17 07:29:15,503
TEL ,2020-07-17 07:37:23,503
TEL ,2020-07-17 07:45:28,503
TEL ,2020-07-17 07:53:33,503
TEL ,2020-07-17 08:01:43,503
TEL ,2020-07-17 08:10:07,503
TEL ,2020-07-17 08:18:41,503
TEL ,2020-07-17 08:27:13,503
TEL ,2020-07-17 08:35:47,503
TEL ,2020-07-17 08:44:11,503
TEL ,2020-07-17 08:52:21,503
TEL ,2020-07-17 09:00:34,503
TEL ,2020-07-17 09:08:47,503
TEL ,2020-07-17 09:16:58,503
TEL ,2020-07-17 09:25:02,503
TEL ,2020-07-17 09:33:10,503
TEL ,2020-07-17 09:41:11,503
TEL ,2020-07-17 09:49:13,503
TEL ,2020-07-17 09:57:29,503
TEL ,2020-07-17 10:07:49,503
TEL ,2020-07-17 10:17:43,503
TEL ,2020-07-17 10:21:47,503
TEL ,2020-07-17 10:29:47,503
TEL ,2020-07-17 10:39:49,503
TEL ,2020-07-17 10:49:53,503
TEL ,2020-07-17 11:00:16,503
TEL ,2020-07-17 11:10:31,503
TEL ,2020-07-17 11:20:37,503
TEL ,2020-07-17 11:30:44,503
TEL ,2020-07-17 11:40:50,503
TEL ,2020-07-17 11:50:52,503
TEL ,2020-07-17 12:01:09,503
TEL ,2020-07-17 12:11:33,503
TEL ,2020-07-17 12:21:50,503
TEL ,2020-07-17 12:31:57,503
TEL ,2020-07-17 12:42:03,503
TEL ,2020-07-17 12:52:05,503
TEL ,2020-07-17 13:02:39,503
TEL ,2020-07-17 13:13:17,503
TEL ,2020-07-17 13:23:38,503
TEL ,2020-07-17 13:32:12,503
TEL ,2020-07-17 13:40:41,503
TEL ,2020-07-17 13:48:47,503
TEL ,2020-07-17 13:57:09,503
TEL ,2020-07-17 14:06:05,503
TEL ,2020-07-17 14:14:28,503
TEL ,2020-07-17 14:22:51,503
TEL ,2020-07-17 14:31:11,503
TEL ,2020-07-17 14:39:21,503
TEL ,2020-07-17 14:47:24,503
TEL ,2020-07-17 14:55:41,503
TEL ,2020-07-17 15:04:34,503
TEL ,2020-07-17 15:13:25,498
TEL ,2020-07-17 15:22:10,498
TEL ,2020-07-17 15:30:43,498
TEL ,2020-07-17 15:39:08,498
TEL ,2020-07-17 15:47:34,498
TEL ,2020-07-17 16:02:34,497
TEL ,2020-07-17 16:11:23,497
TEL ,2020-07-17 16:18:49,497
TEL ,2020-07-17 16:27:35,497
TEL ,2020-07-17 16:36:21,497
TEL ,2020-07-17 16:44:47,497
TEL ,2020-07-17 16:53:15,497
TEL ,2020-07-17 17:06:17,497
TEL ,2020-07-17 17:14:24,497
TEL ,2020-07-17 17:23:00,497
TEL ,2020-07-17 17:31:24,497
TEL ,2020-07-17 17:39:51,497
TEL ,2020-07-17 17:48:19,497
TEL ,2020-07-17 17:56:48,497
TEL ,2020-07-17 18:05:37,498
TEL ,2020-07-17 18:14:10,498
TEL ,2020-07-17 18:22:44,498
TEL ,2020-07-17 18:31:14,498
TEL ,2020-07-17 18:39:42,498
TEL ,2020-07-17 18:48:10,498
TEL ,2020-07-17 18:56:31,498
TEL ,2020-07-17 19:09:10,498
TEL ,2020-07-17 19:17:48,500
TEL ,2020-07-17 19:26:07,500
TEL ,2020-07-17 19:34:17,500
TEL ,2020-07-17 19:45:59,500
TEL ,2020-07-17 19:54:02,500
TEL ,2020-07-17 20:02:13,500
TEL ,2020-07-17 20:10:22,499
TEL ,2020-07-17 20:18:23,499
TEL ,2020-07-17 20:26:21,499
TEL ,2020-07-17 20:34:25,499
TEL ,2020-07-17 20:42:26,499
TEL ,2020-07-17 20:50:26,499
TEL ,2020-07-17 20:58:30,499
TEL ,2020-07-17 21:06:48,499
TEL ,2020-07-17 21:14:51,499
TEL ,2020-07-17 21:22:48,499
TEL ,2020-07-17 21:30:45,499
TEL ,2020-07-17 21:38:52,499
TEL ,2020-07-17 21:46:58,499
TEL ,2020-07-17 21:55:01,499
TEL ,2020-07-17 22:03:16,499
TEL ,2020-07-17 22:13:35,499
TEL ,2020-07-17 22:23:42,499
TEL ,2020-07-17 22:33:49,499
TEL ,2020-07-17 22:44:16,499
TEL ,2020-07-17 22:54:45,499
TEL ,2020-07-17 23:05:35,499
TEL ,2020-07-17 23:15:54,499
TEL ,2020-07-17 23:25:58,499
TEL ,2020-07-17 23:36:03,499
TEL ,2020-07-17 23:46:06,499
TEL ,2020-07-17 23:56:23,499
TEL ,2020-07-18 00:08:30,499
TEL ,2020-07-18 00:19:34,499
TEL ,2020-07-18 00:30:02,499
TEL ,2020-07-18 00:40:43,499
TEL ,2020-07-18 00:51:11,499
TEL ,2020-07-18 01:01:25,499
TEL ,2020-07-18 01:11:34,499
TEL ,2020-07-18 01:21:44,499
TEL ,2020-07-18 01:31:49,499
TEL ,2020-07-18 01:46:58,499
TEL ,2020-07-18 01:55:29,499
TEL ,2020-07-18 02:02:00,499
TEL ,2020-07-18 02:12:06,499
TEL ,2020-07-18 02:22:08,499
TEL ,2020-07-18 02:32:06,499
TEL ,2020-07-18 02:42:04,499
TEL ,2020-07-18 02:52:03,499
TEL ,2020-07-18 03:02:14,499
TEL ,2020-07-18 03:12:26,499
TEL ,2020-07-18 03:22:35,499
TEL ,2020-07-18 03:32:41,499
TEL ,2020-07-18 03:42:49,499
TEL ,2020-07-18 03:53:01,499
TEL ,2020-07-18 04:03:27,499
TEL ,2020-07-18 04:14:01,499
TEL ,2020-07-18 04:24:29,499
TEL ,2020-07-18 04:34:38,499
TEL ,2020-07-18 04:44:41,499
TEL ,2020-07-18 04:54:45,499
TEL ,2020-07-18 05:05:23,499
TEL ,2020-07-18 05:15:51,499
TEL ,2020-07-18 05:26:06,499
TEL ,2020-07-18 05:36:09,499
TEL ,2020-07-18 05:51:08,499
TEL ,2020-07-18 05:54:01,499
TEL ,2020-07-18 06:06:33,499
TEL ,2020-07-18 06:18:43,499
TEL ,2020-07-18 08:40:44,499
TEL ,2020-07-18 08:48:53,499
TEL ,2020-07-18 08:56:55,499
TEL ,2020-07-18 09:05:03,499
TEL ,2020-07-18 09:13:01,499
TEL ,2020-07-18 09:21:01,499
TEL ,2020-07-18 09:29:02,499
TEL ,2020-07-18 09:37:05,499
TEL ,2020-07-18 09:45:04,499
TEL ,2020-07-18 09:53:05,499
TEL ,2020-07-18 10:01:09,499
TEL ,2020-07-18 10:09:13,499
TEL ,2020-07-18 10:17:14,499
TEL ,2020-07-18 10:25:14,499
TEL ,2020-07-18 10:33:23,499
TEL ,2020-07-18 10:41:22,499
TEL ,2020-07-18 10:49:14,499
TEL ,2020-07-18 10:57:13,499
TEL ,2020-07-18 11:07:15,499
TEL ,2020-07-18 11:17:14,499
TEL ,2020-07-18 11:27:12,499
TEL ,2020-07-18 11:37:12,499
TEL ,2020-07-18 11:47:09,499
TEL ,2020-07-18 11:57:08,499
TEL ,2020-07-18 12:07:20,499
TEL ,2020-07-18 12:17:28,499
TEL ,2020-07-18 12:27:29,499
TEL ,2020-07-18 12:37:32,499
TEL ,2020-07-18 12:47:31,499
TEL ,2020-07-18 12:57:41,499
TEL ,2020-07-18 13:07:57,499
TEL ,2020-07-18 13:18:07,499
TEL ,2020-07-18 13:28:10,499
TEL ,2020-07-18 13:38:07,499
TEL ,2020-07-18 13:48:03,499
TEL ,2020-07-18 13:58:00,499
TEL ,2020-07-18 14:07:57,499
TEL ,2020-07-18 14:17:55,499
TEL ,2020-07-18 14:32:59,499
TEL ,2020-07-18 14:41:28,499
TEL ,2020-07-18 14:47:54,499
TEL ,2020-07-18 14:57:55,499
TEL ,2020-07-18 15:08:03,499
TEL ,2020-07-18 15:18:07,499
TEL ,2020-07-18 15:28:06,499
TEL ,2020-07-18 15:38:04,499
TEL ,2020-07-18 15:48:04,499
TEL ,2020-07-18 15:58:02,499
TEL ,2020-07-18 16:08:05,499
TEL ,2020-07-18 16:18:05,499
TEL ,2020-07-18 16:28:06,499
TEL ,2020-07-18 16:38:07,499
TEL ,2020-07-18 16:48:04,499
TEL ,2020-07-18 16:58:04,499
TEL ,2020-07-18 17:08:10,499
TEL ,2020-07-18 17:18:13,499
TEL ,2020-07-18 17:28:11,499
TEL ,2020-07-18 17:38:10,499
TEL ,2020-07-18 17:48:07,499
TEL ,2020-07-18 17:58:04,499
TEL ,2020-07-18 18:08:08,499
TEL ,2020-07-18 18:18:07,499
TEL ,2020-07-18 18:32:59,499
TEL ,2020-07-18 18:35:49,499
TEL ,2020-07-18 18:47:58,499
TEL ,2020-07-18 18:57:58,499
TEL ,2020-07-18 19:08:21,499
TEL ,2020-07-18 19:18:25,499
TEL ,2020-07-18 19:28:23,499
TEL ,2020-07-18 19:38:40,499
TEL ,2020-07-18 19:48:42,499
